worldclim/bio18_cr.asc
ncols        411
nrows        382
xllcorner    -85.979072453958
yllcorner    8.036441368777
cellsize     0.008333330000
NODATA_value  -9999
[rows 152 to 189 of 382, columns 85 to 169 of 411]
351 343 339 350 331 355 336 282 280 277 325 325 331 303 285 283 309 294 286 301 314 343 334 361 377 347 258 254 254 254 -9999 -9999 -9999 -9999 -9999 -9999 -9999 -9999 -9999 -9999 -9999 -9999 -9999 -9999 -9999 -9999 -9999 -9999 -9999 -9999 -9999 -9999 -9999 -9999 -9999 -9999 -9999 -9999 -9999 -9999 -9999 -9999 -9999 -9999 290 60 284 65 66 66 75 69 70 71 73 75 79 79 83 85 90 92 91 96 98
359 361 360 358 356 354 296 329 307 297 296 331 333 342 339 328 323 295 296 282 292 295 318 349 371 358 298 257 255 255 255 255 255 -9999 255 256 257 256 -9999 -9999 -9999 -9999 273 278 270 -9999 -9999 -9999 -9999 -9999 -9999 -9999 -9999 -9999 -9999 -9999 -9999 -9999 -9999 -9999 -9999 -9999 -9999 -9999 -9999 61 64 290 293 68 70 70 70 308 74 78 78 81 83 85 88 93 92 97 99
361 361 354 352 361 361 352 329 309 293 305 353 355 357 357 348 307 312 303 278 280 352 354 359 344 298 295 259 332 298 257 256 257 258 265 268 265 269 267 263 -9999 -9999 -9999 -9999 -9999 -9999 -9999 -9999 -9999 -9999 -9999 -9999 -9999 -9999 -9999 -9999 -9999 -9999 -9999 -9999 -9999 -9999 -9999 -9999 -9999 -9999 289 291 294 303 69 310 306 73 76 78 80 82 84 86 88 93 95 97 100
355 360 316 323 358 362 322 308 296 290 285 300 332 358 331 331 299 290 303 278 296 329 349 360 309 307 269 263 361 324 262 260 260 264 265 307 302 300 303 285 272 265 -9999 -9999 -9999 -9999 -9999 -9999 -9999 -9999 -9999 -9999 -9999 -9999 -9999 -9999 -9999 -9999 -9999 -9999 -9999 -9999 -9999 -9999 -9999 -9999 -9999 293 296 300 70 304 73 75 77 78 81 83 85 88 90 95 97 100 102
341 308 327 306 298 348 314 312 337 304 288 309 344 341 302 329 296 283 286 280 354 362 382 384 355 286 270 268 312 328 297 278 268 278 303 341 335 320 315 286 277 265 -9999 -9999 -9999 -9999 -9999 -9999 -9999 -9999 -9999 -9999 -9999 -9999 -9999 -9999 -9999 -9999 -9999 -9999 -9999 -9999 -9999 -9999 -9999 -9999 298 71 73 300 304 306 310 75 316 80 83 85 87 88 91 95 98 102 104
360 327 302 306 295 298 301 301 354 320 288 328 352 316 309 316 319 283 297 335 356 381 394 374 336 293 287 277 284 309 285 280 289 316 357 337 329 310 292 282 305 281 -9999 -9999 -9999 -9999 -9999 -9999 -9999 -9999 -9999 -9999 -9999 -9999 -9999 -9999 -9999 -9999 -9999 -9999 -9999 -9999 -9999 -9999 -9999 300 71 74 75 303 305 316 321 77 328 82 83 86 88 91 94 98 100 105 107
352 359 366 336 303 295 294 295 322 319 317 288 319 301 315 321 325 285 304 320 304 335 352 352 366 338 301 288 315 303 326 321 349 386 367 337 304 284 275 283 -9999 -9999 -9999 -9999 -9999 -9999 -9999 -9999 -9999 -9999 -9999 -9999 -9999 -9999 -9999 -9999 -9999 -9999 -9999 -9999 -9999 -9999 -9999 -9999 292 65 72 72 314 304 306 311 321 77 81 82 355 87 91 93 95 99 103 105 109
370 356 356 338 345 300 296 297 313 301 293 290 296 292 295 311 311 286 288 300 309 296 332 363 365 379 330 341 333 328 363 388 415 426 406 376 391 327 280 276 -9999 -9999 -9999 -9999 -9999 -9999 -9999 -9999 -9999 -9999 -9999 -9999 -9999 -9999 -9999 -9999 -9999 -9999 -9999 -9999 -9999 -9999 -9999 -9999 -9999 71 330 70 304 306 309 313 317 79 340 84 88 94 376 374 97 100 104 107 111
369 351 316 313 352 306 298 297 308 324 310 292 292 311 291 290 290 292 292 291 291 310 316 310 363 382 366 356 352 364 389 407 384 409 408 404 366 348 298 283 -9999 -9999 -9999 -9999 -9999 -9999 -9999 -9999 -9999 -9999 -9999 -9999 -9999 -9999 -9999 -9999 -9999 -9999 -9999 -9999 -9999 -9999 -9999 -9999 -9999 -9999 -9999 307 310 311 317 317 320 330 83 352 91 96 94 95 99 102 107 110 114
359 339 310 305 302 302 301 299 307 312 317 304 294 294 293 316 331 340 334 298 298 298 304 303 379 382 381 371 397 406 382 384 356 342 312 311 300 301 287 302 295 -9999 -9999 -9999 -9999 -9999 -9999 -9999 -9999 -9999 -9999 -9999 -9999 -9999 -9999 -9999 -9999 -9999 -9999 -9999 -9999 -9999 -9999 -9999 -9999 -9999 -9999 -9999 311 317 320 324 320 326 329 347 346 363 97 98 377 389 402 114 418
339 323 318 305 304 303 319 304 300 300 309 297 297 320 320 355 359 324 381 369 333 361 360 338 363 383 405 412 426 421 418 372 362 356 337 316 305 298 294 292 292 -9999 -9999 -9999 -9999 -9999 -9999 -9999 -9999 -9999 -9999 -9999 -9999 -9999 -9999 -9999 -9999 -9999 -9999 -9999 -9999 -9999 -9999 -9999 -9999 -9999 -9999 -9999 312 316 323 330 81 337 332 343 349 354 360 367 373 390 110 416 406
340 319 311 307 307 305 314 337 312 303 302 299 335 361 345 370 394 382 395 382 368 388 384 383 401 385 399 419 427 425 423 414 414 391 396 356 351 317 309 294 293 299 -9999 -9999 -9999 -9999 -9999 -9999 -9999 -9999 -9999 -9999 -9999 -9999 -9999 -9999 -9999 -9999 -9999 -9999 -9999 -9999 -9999 -9999 -9999 -9999 -9999 -9999 -9999 317 320 328 336 352 90 361 365 369 102 103 105 109 411 401 374
330 315 311 309 307 310 343 343 314 306 307 330 375 344 366 376 392 403 410 402 405 397 407 402 387 394 409 428 430 424 414 384 379 381 386 385 357 342 317 296 297 -9999 -9999 -9999 -9999 -9999 300 -9999 -9999 -9999 -9999 -9999 -9999 -9999 -9999 -9999 -9999 -9999 -9999 -9999 -9999 -9999 -9999 -9999 -9999 -9999 -9999 -9999 -9999 -9999 321 333 339 347 359 360 368 369 102 107 112 117 428 415 376
321 331 319 311 309 319 327 331 314 308 308 331 328 316 358 377 390 395 399 398 401 386 397 396 376 381 407 431 433 437 436 408 388 338 331 318 327 314 304 303 -9999 -9999 -9999 -9999 -9999 300 -9999 -9999 -9999 -9999 -9999 -9999 -9999 -9999 -9999 -9999 -9999 -9999 -9999 -9999 -9999 -9999 -9999 -9999 -9999 -9999 -9999 -9999 -9999 -9999 -9999 329 335 340 346 349 363 99 385 397 420 121 122 374 385
353 327 322 315 313 312 312 327 318 310 329 313 316 318 329 368 386 404 399 388 392 377 359 347 367 393 404 417 419 415 433 437 429 441 353 350 315 313 311 308 307 -9999 -9999 -9999 321 328 304 308 -9999 -9999 -9999 -9999 -9999 -9999 -9999 -9999 -9999 -9999 -9999 -9999 -9999 -9999 -9999 -9999 -9999 -9999 -9999 -9999 -9999 -9999 -9999 -9999 337 338 337 342 370 379 376 390 120 121 397 376 395
369 363 323 317 315 315 315 338 339 314 314 325 363 365 376 388 411 414 398 387 380 340 371 346 399 405 410 401 391 367 387 382 374 377 380 332 320 313 314 315 314 318 321 325 331 333 306 -9999 -9999 306 -9999 -9999 -9999 -9999 -9999 -9999 -9999 -9999 -9999 -9999 -9999 -9999 -9999 -9999 -9999 -9999 -9999 -9999 -9999 -9999 -9999 -9999 -9999 341 346 349 356 363 373 113 399 393 376 412 438
371 347 327 317 319 318 325 322 326 321 338 383 390 391 413 414 414 411 417 403 369 342 397 395 394 402 418 412 407 386 363 357 366 347 376 360 346 332 320 317 315 315 314 315 -9999 -9999 -9999 -9999 -9999 -9999 -9999 -9999 -9999 -9999 -9999 -9999 -9999 -9999 -9999 -9999 -9999 -9999 -9999 -9999 -9999 -9999 -9999 -9999 -9999 -9999 -9999 -9999 -9999 -9999 348 349 352 362 373 387 363 367 372 381 394
331 329 321 320 320 322 325 356 321 344 398 395 372 398 418 400 392 416 418 389 345 370 406 412 407 405 411 434 430 404 403 370 343 334 324 329 322 322 321 321 318 319 318 318 -9999 -9999 -9999 -9999 -9999 -9999 -9999 -9999 -9999 -9999 -9999 -9999 -9999 -9999 -9999 -9999 -9999 -9999 -9999 -9999 -9999 -9999 -9999 -9999 -9999 -9999 -9999 -9999 -9999 -9999 351 353 356 351 356 360 364 369 408 440 143
324 323 322 321 325 329 347 378 323 344 388 381 358 399 419 365 415 423 410 383 348 396 420 425 422 424 416 410 424 420 412 390 376 356 360 360 337 335 325 332 334 343 -9999 -9999 -9999 -9999 -9999 -9999 -9999 -9999 -9999 -9999 -9999 -9999 -9999 -9999 -9999 -9999 -9999 -9999 -9999 -9999 -9999 -9999 -9999 -9999 -9999 -9999 -9999 -9999 -9999 -9999 -9999 -9999 -9999 356 359 354 358 364 371 417 466 538 403
328 324 338 328 332 362 392 373 338 326 347 342 365 381 377 360 404 422 424 385 377 399 424 434 428 428 427 385 387 372 368 354 425 405 426 378 360 349 339 326 327 -9999 -9999 -9999 -9999 -9999 -9999 -9999 -9999 -9999 -9999 -9999 -9999 -9999 -9999 -9999 -9999 -9999 -9999 -9999 -9999 -9999 -9999 -9999 -9999 -9999 -9999 -9999 -9999 -9999 -9999 -9999 -9999 -9999 -9999 -9999 353 356 359 363 443 531 529 570 459
329 342 346 349 343 354 375 346 343 331 332 341 354 355 355 386 422 414 395 366 414 417 427 426 421 426 426 396 365 347 339 334 335 353 382 358 353 342 331 331 347 -9999 -9999 -9999 -9999 -9999 -9999 -9999 -9999 -9999 -9999 -9999 -9999 -9999 -9999 -9999 -9999 -9999 -9999 -9999 -9999 -9999 -9999 -9999 -9999 -9999 -9999 -9999 -9999 -9999 -9999 -9999 -9999 -9999 -9999 -9999 356 359 364 370 447 489 568 580 560
331 333 332 333 335 337 336 334 333 342 344 344 350 353 375 394 411 391 371 360 412 438 430 406 418 431 441 436 393 362 348 336 343 353 348 333 357 362 365 376 -9999 -9999 -9999 -9999 327 332 -9999 -9999 -9999 -9999 -9999 -9999 -9999 -9999 -9999 -9999 -9999 -9999 -9999 -9999 -9999 -9999 -9999 -9999 -9999 -9999 -9999 -9999 -9999 -9999 -9999 -9999 -9999 -9999 -9999 -9999 -9999 381 381 408 434 560 617 629 631
333 332 334 334 337 336 336 334 336 345 348 354 351 355 382 386 394 370 366 362 399 404 382 423 446 447 451 447 424 407 359 338 337 345 333 339 362 378 355 368 -9999 -9999 -9999 -9999 -9999 -9999 -9999 -9999 -9999 -9999 -9999 -9999 -9999 -9999 -9999 -9999 -9999 -9999 -9999 -9999 -9999 -9999 -9999 -9999 -9999 -9999 -9999 -9999 -9999 -9999 -9999 -9999 -9999 -9999 -9999 -9999 -9999 363 370 525 527 609 629 636 638
-9999 334 335 334 338 335 336 336 340 345 348 349 360 368 376 383 416 409 375 367 373 380 391 420 442 452 435 430 403 421 376 337 342 337 339 342 345 334 -9999 -9999 -9999 -9999 -9999 -9999 -9999 -9999 -9999 -9999 -9999 -9999 -9999 -9999 -9999 -9999 -9999 -9999 -9999 -9999 -9999 -9999 -9999 -9999 -9999 -9999 -9999 -9999 -9999 -9999 -9999 -9999 -9999 -9999 -9999 -9999 -9999 -9999 -9999 379 418 452 565 634 639 642 644
-9999 -9999 -9999 337 338 338 340 340 346 352 378 381 370 362 384 415 419 423 371 372 376 400 386 397 411 428 405 370 377 363 339 338 -9999 -9999 363 398 368 -9999 -9999 -9999 -9999 -9999 -9999 -9999 -9999 -9999 -9999 -9999 -9999 -9999 -9999 -9999 -9999 -9999 -9999 -9999 -9999 -9999 -9999 -9999 -9999 -9999 -9999 -9999 -9999 -9999 -9999 -9999 -9999 -9999 -9999 -9999 -9999 -9999 -9999 -9999 361 381 510 597 484 638 643 646 651
-9999 -9999 -9999 -9999 342 342 342 344 351 378 371 358 359 366 383 412 415 393 376 385 416 413 379 384 392 417 400 370 353 345 341 -9999 -9999 -9999 -9999 438 414 340 -9999 -9999 -9999 -9999 -9999 -9999 -9999 -9999 -9999 -9999 -9999 -9999 -9999 -9999 -9999 -9999 -9999 -9999 -9999 -9999 -9999 -9999 -9999 -9999 -9999 -9999 -9999 -9999 -9999 -9999 -9999 -9999 -9999 -9999 -9999 -9999 -9999 -9999 369 448 486 575 615 641 651 652 657
-9999 -9999 -9999 -9999 -9999 347 346 346 355 361 351 362 364 372 403 402 399 377 400 418 418 381 390 389 417 394 388 368 357 348 -9999 -9999 -9999 -9999 -9999 -9999 -9999 -9999 -9999 -9999 -9999 -9999 -9999 -9999 -9999 -9999 -9999 -9999 -9999 -9999 -9999 -9999 -9999 -9999 -9999 -9999 -9999 -9999 -9999 -9999 -9999 -9999 -9999 -9999 -9999 -9999 -9999 -9999 -9999 -9999 -9999 -9999 -9999 -9999 363 386 382 407 600 646 647 647 656 659 663
-9999 -9999 -9999 -9999 -9999 -9999 348 354 355 357 362 365 370 385 398 384 392 402 412 421 413 385 411 414 381 373 359 355 359 355 -9999 -9999 -9999 -9999 -9999 -9999 -9999 -9999 -9999 -9999 -9999 -9999 -9999 -9999 -9999 -9999 -9999 -9999 -9999 -9999 -9999 -9999 -9999 -9999 -9999 -9999 -9999 -9999 -9999 -9999 -9999 -9999 -9999 -9999 -9999 -9999 -9999 -9999 -9999 -9999 -9999 -9999 -9999 359 363 387 382 413 510 653 656 655 662 665 670
-9999 -9999 -9999 -9999 -9999 -9999 357 358 362 371 377 376 371 381 396 387 400 402 398 400 393 390 384 366 364 365 368 383 389 389 351 362 -9999 -9999 -9999 -9999 -9999 -9999 -9999 -9999 -9999 -9999 -9999 -9999 -9999 -9999 -9999 -9999 -9999 -9999 -9999 -9999 -9999 -9999 -9999 -9999 -9999 -9999 -9999 -9999 -9999 -9999 -9999 -9999 -9999 -9999 -9999 -9999 -9999 -9999 -9999 -9999 -9999 362 379 371 405 421 432 590 660 663 667 671 676
-9999 -9999 -9999 -9999 -9999 -9999 -9999 361 368 376 382 383 381 384 395 403 408 403 403 404 405 399 387 392 390 393 387 392 380 381 375 369 -9999 -9999 -9999 -9999 -9999 -9999 -9999 -9999 -9999 -9999 -9999 -9999 -9999 -9999 -9999 -9999 -9999 -9999 -9999 -9999 -9999 -9999 -9999 -9999 -9999 -9999 -9999 -9999 -9999 -9999 -9999 -9999 -9999 -9999 -9999 -9999 -9999 -9999 -9999 -9999 370 389 374 399 498 591 620 613 552 669 673 678 681
-9999 -9999 -9999 -9999 -9999 -9999 -9999 360 360 368 377 391 397 395 399 409 416 415 420 430 429 421 416 400 401 400 391 383 382 377 377 363 -9999 -9999 -9999 -9999 -9999 -9999 -9999 -9999 -9999 -9999 -9999 -9999 -9999 -9999 -9999 -9999 -9999 -9999 -9999 -9999 -9999 -9999 -9999 -9999 -9999 -9999 -9999 -9999 -9999 -9999 -9999 -9999 -9999 -9999 -9999 -9999 -9999 -9999 -9999 402 434 399 407 548 584 580 662 666 665 673 672 682 681
-9999 -9999 -9999 -9999 -9999 -9999 -9999 -9999 368 372 372 380 407 406 410 421 425 428 432 436 432 425 424 414 405 402 391 381 374 364 -9999 -9999 -9999 -9999 -9999 -9999 -9999 -9999 -9999 -9999 -9999 -9999 -9999 -9999 -9999 -9999 -9999 -9999 -9999 -9999 -9999 -9999 -9999 -9999 -9999 -9999 -9999 -9999 -9999 -9999 -9999 -9999 -9999 -9999 -9999 -9999 -9999 -9999 -9999 -9999 -9999 402 489 447 471 440 450 529 667 672 674 678 682 613 613
-9999 -9999 -9999 -9999 -9999 -9999 -9999 -9999 384 381 374 380 407 412 421 428 432 436 437 439 440 439 435 430 422 412 400 -9999 -9999 -9999 -9999 -9999 -9999 -9999 -9999 -9999 -9999 -9999 -9999 -9999 -9999 -9999 -9999 -9999 -9999 -9999 -9999 -9999 -9999 -9999 -9999 -9999 -9999 -9999 -9999 -9999 -9999 -9999 -9999 -9999 -9999 -9999 -9999 -9999 -9999 -9999 -9999 -9999 -9999 -9999 -9999 -9999 459 508 431 394 408 432 646 674 678 683 685 692 540
-9999 -9999 -9999 -9999 -9999 -9999 -9999 -9999 -9999 391 400 398 409 412 425 431 431 437 440 440 444 443 440 428 421 375 368 -9999 -9999 -9999 -9999 -9999 -9999 -9999 -9999 -9999 -9999 -9999 -9999 -9999 -9999 -9999 -9999 -9999 -9999 -9999 -9999 -9999 -9999 -9999 -9999 -9999 -9999 -9999 -9999 -9999 -9999 -9999 -9999 -9999 -9999 -9999 -9999 -9999 -9999 -9999 -9999 -9999 -9999 -9999 -9999 -9999 439 429 397 384 434 607 619 666 672 687 690 696 674
-9999 -9999 -9999 -9999 -9999 -9999 -9999 -9999 -9999 -9999 410 412 423 424 417 434 435 442 444 446 447 448 438 426 399 -9999 -9999 -9999 -9999 -9999 -9999 -9999 -9999 -9999 -9999 -9999 -9999 -9999 -9999 -9999 -9999 -9999 -9999 -9999 -9999 -9999 -9999 -9999 -9999 -9999 -9999 -9999 -9999 -9999 -9999 -9999 -9999 -9999 -9999 -9999 -9999 -9999 -9999 -9999 -9999 -9999 -9999 -9999 -9999 -9999 -9999 366 402 380 377 381 463 523 554 659 582 692 699 698 706
-9999 -9999 -9999 -9999 -9999 -9999 -9999 -9999 -9999 -9999 -9999 415 414 431 439 439 443 444 447 448 451 451 443 427 -9999 -9999 -9999 -9999 -9999 -9999 -9999 -9999 -9999 -9999 -9999 -9999 -9999 -9999 -9999 -9999 -9999 -9999 -9999 -9999 -9999 -9999 -9999 -9999 -9999 -9999 -9999 -9999 -9999 -9999 -9999 -9999 -9999 -9999 -9999 -9999 -9999 -9999 -9999 -9999 -9999 -9999 -9999 -9999 -9999 -9999 -9999 423 373 378 378 382 441 423 572 526 535 690 697 707 705
-9999 -9999 -9999 -9999 -9999 -9999 -9999 -9999 -9999 -9999 -9999 -9999 408 438 439 443 443 446 450 451 450 445 430 -9999 -9999 -9999 -9999 -9999 -9999 -9999 -9999 -9999 -9999 -9999 -9999 -9999 -9999 -9999 -9999 -9999 -9999 -9999 -9999 -9999 -9999 -9999 -9999 -9999 -9999 -9999 -9999 -9999 -9999 -9999 -9999 -9999 -9999 -9999 -9999 -9999 -9999 -9999 -9999 -9999 -9999 -9999 -9999 -9999 -9999 -9999 -9999 -9999 -9999 373 380 385 390 498 399 412 627 699 701 707 715
-9999 -9999 -9999 -9999 -9999 -9999 -9999 -9999 -9999 -9999 -9999 -9999 -9999 426 442 446 448 452 453 451 451 441 414 -9999 -9999 -9999 -9999 -9999 -9999 -9999 -9999 -9999 -9999 -9999 -9999 -9999 -9999 -9999 -9999 -9999 -9999 -9999 -9999 -9999 -9999 -9999 -9999 -9999 -9999 -9999 -9999 -9999 -9999 -9999 -9999 -9999 -9999 -9999 -9999 -9999 -9999 -9999 -9999 -9999 -9999 -9999 -9999 -9999 -9999 -9999 -9999 -9999 -9999 402 380 380 385 391 402 516 700 705 710 708 719
