worldclim/bio19_cr.asc
ncols        411
nrows        382
xllcorner    -85.979072453958
yllcorner    8.036441368777
cellsize     0.008333330000
NODATA_value  -9999
[rows 114 to 151 of 382, columns 0 to 85 of 411]
-9999 -9999 -9999 -9999 -9999 -9999 -9999 -9999 -9999 -9999 -9999 -9999 -9999 -9999 -9999 413 415 416 418 421 422 425 431 432 434 435 439 442 445 446 449 451 456 458 460 465 467 469 471 474 477 478 480 483 484 483 485 485 487 489 490 495 498 493 500 496 496 498 498 498 498 502 508 503 502 502 503 504 507 509 508 511 504 500 499 498 497 496 494 492 492 491 496 -9999 -9999 -9999
-9999 -9999 -9999 -9999 -9999 -9999 -9999 -9999 -9999 -9999 -9999 -9999 -9999 -9999 -9999 415 417 418 420 422 424 427 429 433 436 439 442 444 447 449 450 453 456 459 460 462 466 469 473 472 477 479 475 481 484 486 487 488 489 491 492 492 494 496 503 500 506 507 503 508 501 502 511 507 509 509 508 509 508 510 509 509 507 506 503 501 499 497 496 494 494 493 509 491 490 -9999
-9999 -9999 -9999 -9999 -9999 -9999 -9999 -9999 -9999 -9999 -9999 -9999 -9999 -9999 -9999 -9999 418 420 422 424 427 430 432 435 438 441 443 445 447 450 451 453 458 461 463 466 467 470 474 473 477 480 474 477 486 487 488 490 491 493 493 496 498 499 505 504 494 506 510 512 509 505 513 516 518 516 520 516 516 514 512 512 511 508 507 503 500 500 517 519 496 494 493 492 493 498
-9999 -9999 -9999 -9999 -9999 -9999 -9999 -9999 -9999 -9999 -9999 -9999 -9999 -9999 -9999 -9999 420 422 424 428 430 431 435 438 441 443 444 445 447 449 452 456 459 461 464 464 469 468 470 472 473 474 475 485 488 489 490 491 493 496 497 497 501 502 505 496 494 128 512 512 511 510 509 519 519 521 522 517 524 520 519 517 515 515 513 510 505 502 521 516 500 497 495 493 494 502
-9999 -9999 -9999 -9999 -9999 -9999 -9999 -9999 -9999 -9999 -9999 -9999 -9999 -9999 -9999 -9999 -9999 423 426 430 433 435 440 443 443 443 444 446 448 450 454 459 461 463 466 466 467 469 473 473 477 475 481 486 489 490 492 493 496 497 498 501 504 504 505 494 495 498 513 513 518 513 515 515 524 516 520 515 524 525 524 523 523 526 521 524 507 508 524 523 500 503 496 495 497 492
-9999 -9999 -9999 -9999 -9999 -9999 -9999 -9999 -9999 -9999 -9999 -9999 -9999 -9999 -9999 -9999 -9999 426 429 432 436 438 441 444 449 444 444 446 449 454 456 461 466 465 465 472 474 474 472 474 478 477 481 485 490 491 493 494 497 499 501 503 506 509 510 512 514 512 510 500 518 518 522 522 521 523 526 513 526 528 528 527 526 528 516 517 517 507 505 504 518 508 518 521 504 494
-9999 -9999 -9999 -9999 -9999 -9999 -9999 -9999 -9999 -9999 -9999 -9999 -9999 -9999 -9999 -9999 -9999 428 430 433 437 437 440 443 447 444 446 448 452 457 462 468 467 468 470 476 472 477 474 476 477 481 487 490 491 492 495 498 499 501 503 504 496 503 506 514 515 519 504 509 520 525 508 518 527 524 525 529 523 530 531 529 528 527 526 135 526 510 506 506 505 507 519 526 520 498
-9999 -9999 -9999 -9999 -9999 -9999 -9999 -9999 -9999 -9999 -9999 -9999 -9999 -9999 -9999 -9999 -9999 429 432 434 436 438 441 445 447 445 446 450 453 457 464 468 472 474 471 475 474 474 476 478 481 486 488 489 491 495 497 498 501 503 506 503 495 496 501 512 517 520 522 523 513 505 506 515 527 528 527 529 531 530 531 529 529 529 529 526 136 527 508 507 505 504 510 511 507 508
-9999 -9999 -9999 -9999 -9999 -9999 -9999 -9999 -9999 -9999 -9999 -9999 -9999 -9999 -9999 -9999 -9999 -9999 433 435 437 439 443 447 444 446 447 454 455 459 464 469 476 484 471 476 478 476 478 480 486 487 486 485 488 496 498 491 502 503 498 504 509 133 501 511 513 521 521 524 518 512 516 532 531 530 529 530 532 531 531 530 530 529 516 521 526 525 527 507 507 506 506 507 515 524
-9999 -9999 -9999 -9999 -9999 -9999 -9999 -9999 -9999 -9999 -9999 -9999 -9999 -9999 -9999 -9999 -9999 -9999 434 437 439 439 441 443 445 449 452 456 460 462 465 478 475 474 474 475 482 481 481 484 483 484 487 486 493 498 494 495 502 496 502 503 505 138 504 503 505 507 522 526 527 512 519 533 534 532 533 531 532 531 533 532 532 522 518 526 529 525 527 528 516 507 507 507 513 509
-9999 -9999 -9999 -9999 -9999 -9999 -9999 -9999 -9999 -9999 -9999 -9999 -9999 -9999 -9999 -9999 -9999 -9999 -9999 438 440 440 443 446 450 452 458 460 465 467 468 474 474 472 474 476 481 485 483 484 486 492 499 490 493 499 496 494 498 496 528 524 501 513 507 503 505 518 521 528 530 529 516 519 530 536 538 538 535 535 535 534 534 526 522 530 519 517 528 527 527 511 510 508 507 500
-9999 -9999 -9999 -9999 -9999 -9999 -9999 -9999 -9999 -9999 -9999 -9999 -9999 -9999 -9999 -9999 -9999 -9999 -9999 -9999 442 442 445 448 454 455 458 462 466 466 470 480 472 474 476 478 480 481 491 483 486 494 496 492 492 499 498 496 504 502 160 521 524 521 522 507 506 508 520 528 532 534 535 536 537 532 535 536 539 535 534 533 534 522 523 519 516 511 520 519 515 511 512 527 521 500
-9999 -9999 -9999 -9999 -9999 -9999 -9999 -9999 -9999 -9999 -9999 -9999 -9999 -9999 -9999 -9999 -9999 -9999 -9999 -9999 442 443 446 450 453 456 459 462 465 466 470 472 473 475 477 479 483 489 498 486 490 520 511 493 493 501 496 498 529 518 539 172 532 527 527 510 509 509 510 524 533 536 538 537 535 534 524 524 535 537 533 530 534 523 522 515 512 508 506 518 509 508 530 528 505 493
-9999 -9999 -9999 -9999 -9999 -9999 -9999 -9999 -9999 -9999 -9999 -9999 -9999 -9999 -9999 -9999 -9999 -9999 -9999 -9999 443 446 449 451 453 458 459 462 466 469 469 471 473 477 479 482 483 494 504 499 504 531 502 495 495 502 503 510 520 549 541 523 145 139 510 508 515 511 511 520 533 537 539 541 542 537 531 521 523 533 538 533 527 521 518 514 510 506 503 502 501 499 530 523 496 491
-9999 -9999 -9999 -9999 -9999 -9999 -9999 -9999 -9999 -9999 -9999 -9999 -9999 -9999 -9999 -9999 -9999 -9999 -9999 -9999 -9999 447 450 452 454 458 460 466 470 470 469 474 475 478 480 483 486 493 499 516 539 542 500 496 499 500 499 504 529 544 530 516 507 508 508 512 517 513 513 520 527 537 541 542 542 543 538 528 528 528 529 535 534 523 518 513 507 504 501 498 496 493 493 488 485 487
-9999 -9999 -9999 -9999 -9999 -9999 -9999 -9999 -9999 -9999 -9999 -9999 -9999 -9999 -9999 -9999 -9999 -9999 -9999 -9999 -9999 448 452 453 456 458 461 465 464 469 470 473 477 480 483 484 491 494 490 495 523 553 496 497 498 499 516 534 516 517 518 507 508 514 513 516 521 515 514 516 521 537 540 542 542 542 543 539 540 537 529 529 532 534 519 512 507 503 498 494 492 489 487 484 482 481
-9999 -9999 -9999 -9999 -9999 -9999 -9999 -9999 -9999 -9999 -9999 -9999 -9999 -9999 -9999 -9999 -9999 -9999 -9999 -9999 -9999 -9999 454 455 459 463 465 465 465 475 476 477 479 480 483 485 488 490 491 508 539 562 509 506 500 510 544 524 506 507 508 509 515 515 520 523 523 515 518 523 526 535 524 536 543 541 540 540 543 542 532 529 530 534 519 512 505 501 499 494 490 487 483 481 480 478
-9999 -9999 -9999 -9999 -9999 -9999 -9999 -9999 -9999 -9999 -9999 -9999 -9999 -9999 -9999 -9999 -9999 -9999 -9999 -9999 -9999 -9999 454 457 460 464 467 473 466 471 478 480 481 485 486 487 489 492 497 515 527 562 556 540 509 535 523 521 512 510 514 512 517 514 515 525 524 523 520 519 525 534 541 543 543 543 543 540 539 541 540 538 535 534 532 509 505 500 497 494 489 485 481 478 477 475
-9999 -9999 -9999 -9999 -9999 -9999 -9999 -9999 -9999 -9999 -9999 -9999 -9999 -9999 -9999 -9999 -9999 -9999 -9999 -9999 -9999 -9999 456 459 461 466 467 469 467 474 479 481 483 486 495 493 497 505 522 517 526 542 178 545 534 539 149 506 508 510 510 514 520 520 519 526 527 521 519 524 523 538 541 543 539 544 544 543 543 537 533 530 536 520 515 512 504 510 502 494 491 484 480 477 474 472
-9999 -9999 -9999 -9999 -9999 -9999 -9999 -9999 -9999 -9999 -9999 -9999 -9999 -9999 -9999 -9999 -9999 -9999 -9999 -9999 -9999 -9999 457 459 463 466 468 467 471 478 478 481 484 488 492 497 503 508 508 523 509 537 534 521 532 550 546 530 510 511 517 515 519 524 527 527 520 520 528 523 523 538 540 542 533 531 530 535 540 544 535 530 526 523 531 529 530 530 506 509 502 493 481 477 470 468
-9999 -9999 -9999 -9999 -9999 -9999 -9999 -9999 -9999 -9999 -9999 -9999 -9999 -9999 -9999 -9999 -9999 -9999 -9999 -9999 -9999 -9999 -9999 461 463 467 469 467 474 479 481 482 487 489 495 495 497 501 498 504 502 523 526 509 519 541 540 540 517 515 517 519 521 526 525 526 521 521 533 533 535 539 539 529 528 529 530 531 539 540 538 530 525 525 531 534 535 540 547 537 535 514 482 473 468 465
-9999 -9999 -9999 -9999 -9999 -9999 -9999 -9999 -9999 -9999 -9999 -9999 -9999 -9999 -9999 -9999 -9999 -9999 -9999 -9999 -9999 -9999 -9999 -9999 464 464 467 468 476 477 481 485 488 490 495 496 494 498 500 501 505 507 517 507 512 515 525 525 514 515 516 520 525 526 527 523 524 527 534 535 537 538 538 535 528 529 531 532 533 533 535 536 524 517 509 521 525 538 533 542 542 540 512 478 465 462
-9999 -9999 -9999 -9999 -9999 -9999 -9999 -9999 -9999 -9999 -9999 -9999 -9999 -9999 -9999 -9999 -9999 -9999 -9999 -9999 -9999 -9999 -9999 -9999 464 465 473 475 476 479 482 485 484 491 493 494 495 499 505 503 505 505 522 508 510 512 517 150 515 518 520 523 525 526 522 522 527 533 533 535 537 536 533 536 531 535 532 533 533 533 534 532 527 523 514 500 511 506 500 506 514 534 520 468 462 459
-9999 -9999 -9999 -9999 -9999 -9999 -9999 -9999 -9999 -9999 -9999 -9999 -9999 -9999 -9999 -9999 -9999 -9999 -9999 -9999 -9999 -9999 -9999 -9999 -9999 468 473 476 479 475 483 479 485 487 489 493 498 501 505 504 505 507 510 511 511 512 514 531 523 518 522 523 524 522 523 526 532 532 534 535 535 533 531 532 535 533 540 535 535 535 533 531 527 522 515 507 505 490 485 480 476 504 491 468 458 456
-9999 -9999 -9999 -9999 -9999 -9999 -9999 -9999 -9999 -9999 -9999 -9999 -9999 -9999 -9999 -9999 -9999 -9999 -9999 -9999 -9999 -9999 -9999 -9999 -9999 -9999 471 476 476 476 482 482 488 491 495 498 499 501 503 508 507 508 510 511 513 514 522 521 524 520 522 524 525 524 525 530 531 533 533 535 535 536 532 533 533 534 534 535 535 535 534 530 530 529 521 521 528 519 500 507 476 470 465 462 457 454
-9999 -9999 -9999 -9999 -9999 -9999 -9999 -9999 -9999 -9999 -9999 -9999 -9999 -9999 -9999 -9999 -9999 -9999 -9999 -9999 -9999 -9999 -9999 -9999 -9999 -9999 -9999 474 476 484 485 483 492 492 495 497 500 504 508 508 510 509 510 513 514 515 529 518 521 522 524 524 525 527 527 529 532 532 533 533 533 534 534 534 534 536 536 536 537 537 538 536 532 538 540 530 529 529 501 511 512 471 464 460 455 453
-9999 -9999 -9999 -9999 -9999 -9999 -9999 -9999 -9999 -9999 -9999 -9999 -9999 -9999 -9999 -9999 -9999 -9999 -9999 -9999 -9999 -9999 -9999 -9999 -9999 -9999 -9999 476 479 483 483 489 488 491 498 500 504 507 508 508 512 511 514 516 516 518 518 519 522 523 524 523 527 528 529 530 532 532 532 533 534 536 535 536 536 536 538 538 539 540 542 543 535 540 547 538 545 532 500 533 533 493 470 459 455 453
-9999 -9999 -9999 -9999 -9999 -9999 -9999 -9999 -9999 -9999 -9999 -9999 -9999 -9999 -9999 -9999 -9999 -9999 -9999 -9999 -9999 -9999 -9999 -9999 -9999 -9999 -9999 -9999 479 481 485 485 492 497 499 504 506 507 508 510 511 510 514 517 519 518 519 521 523 525 526 524 527 528 530 530 531 532 534 534 535 536 536 536 538 541 541 540 543 550 550 542 545 538 551 546 546 534 517 527 524 478 494 473 460 456
-9999 -9999 -9999 -9999 -9999 -9999 -9999 -9999 -9999 -9999 -9999 -9999 -9999 -9999 -9999 -9999 -9999 -9999 -9999 -9999 -9999 -9999 -9999 -9999 -9999 -9999 -9999 -9999 477 484 484 491 495 497 501 500 506 509 508 511 509 512 516 517 520 520 519 521 525 526 526 526 528 530 530 531 530 533 533 536 536 536 536 539 542 543 543 543 543 548 568 558 556 555 550 550 542 531 537 544 544 540 535 476 463 456
-9999 -9999 -9999 -9999 -9999 -9999 -9999 -9999 -9999 -9999 -9999 -9999 -9999 -9999 -9999 -9999 -9999 -9999 -9999 -9999 -9999 -9999 -9999 -9999 -9999 -9999 -9999 -9999 -9999 -9999 487 490 494 498 502 499 507 509 508 512 509 515 519 521 525 521 517 519 526 529 528 526 528 530 527 533 532 536 538 543 543 538 537 542 545 552 557 552 546 552 567 171 560 559 559 560 540 536 542 551 559 564 560 502 462 456
-9999 -9999 -9999 -9999 -9999 -9999 -9999 -9999 -9999 -9999 -9999 -9999 -9999 -9999 -9999 -9999 -9999 -9999 -9999 -9999 -9999 -9999 -9999 -9999 -9999 -9999 -9999 -9999 -9999 -9999 -9999 489 493 493 494 497 506 507 506 507 511 519 519 520 522 520 520 524 527 528 523 523 521 524 532 537 535 536 539 545 556 541 539 543 546 559 559 565 551 557 575 576 563 560 560 552 542 538 546 560 568 569 555 494 462 472
-9999 -9999 -9999 -9999 -9999 -9999 -9999 -9999 -9999 -9999 -9999 -9999 -9999 -9999 -9999 -9999 -9999 -9999 -9999 -9999 -9999 -9999 -9999 -9999 -9999 -9999 -9999 -9999 -9999 -9999 -9999 -9999 491 490 490 492 504 502 511 514 519 521 521 518 515 520 526 524 514 516 529 531 532 534 536 538 534 538 541 553 561 546 540 543 543 545 552 568 566 571 573 581 570 563 556 552 546 539 543 552 565 523 516 474 525 505
-9999 -9999 -9999 -9999 -9999 -9999 -9999 -9999 -9999 -9999 -9999 -9999 -9999 -9999 -9999 -9999 -9999 -9999 -9999 -9999 -9999 -9999 -9999 -9999 -9999 -9999 -9999 -9999 -9999 -9999 -9999 -9999 -9999 490 491 493 499 504 511 514 518 518 518 515 516 525 521 519 527 531 534 534 535 540 540 538 536 538 546 555 560 549 537 538 542 546 548 556 582 578 571 572 568 566 563 563 566 563 554 561 567 563 563 561 527 471
-9999 -9999 -9999 -9999 -9999 -9999 -9999 -9999 -9999 -9999 -9999 -9999 -9999 -9999 -9999 -9999 -9999 -9999 -9999 -9999 -9999 -9999 -9999 -9999 -9999 -9999 -9999 -9999 -9999 -9999 -9999 -9999 -9999 491 492 493 497 507 511 500 504 502 505 512 519 520 524 529 530 536 542 544 550 542 537 540 540 543 549 555 552 546 541 534 548 547 552 557 559 568 564 572 572 568 567 564 571 570 566 568 548 556 573 577 537 486
-9999 -9999 -9999 -9999 -9999 -9999 -9999 -9999 -9999 -9999 -9999 -9999 -9999 -9999 -9999 -9999 -9999 -9999 -9999 -9999 -9999 -9999 -9999 -9999 -9999 -9999 -9999 -9999 -9999 -9999 -9999 -9999 -9999 -9999 494 494 499 498 499 500 502 504 517 526 532 529 533 539 544 547 542 547 550 543 537 538 538 547 551 559 568 552 545 541 541 539 543 557 561 563 564 567 574 567 563 567 571 563 535 562 536 562 580 577 560 547
-9999 -9999 -9999 -9999 -9999 -9999 -9999 -9999 -9999 -9999 -9999 -9999 -9999 -9999 -9999 -9999 -9999 -9999 -9999 -9999 -9999 -9999 -9999 -9999 -9999 -9999 -9999 -9999 -9999 -9999 -9999 -9999 -9999 -9999 -9999 495 498 499 500 503 518 524 524 523 532 532 535 536 544 544 541 545 545 542 536 536 542 544 545 559 555 554 542 532 540 553 562 564 567 568 551 543 567 559 562 566 543 530 517 523 529 550 577 586 583 576
-9999 -9999 -9999 -9999 -9999 -9999 -9999 -9999 -9999 -9999 -9999 -9999 -9999 -9999 -9999 -9999 -9999 -9999 -9999 -9999 -9999 -9999 -9999 -9999 -9999 -9999 -9999 -9999 -9999 -9999 -9999 -9999 -9999 -9999 -9999 496 499 501 504 512 523 524 531 531 532 530 534 538 541 539 538 543 544 542 535 535 543 541 544 547 552 555 548 529 531 552 567 566 582 585 555 541 561 555 551 525 543 503 502 529 553 555 574 586 592 583
-9999 -9999 -9999 -9999 -9999 -9999 -9999 -9999 -9999 -9999 -9999 -9999 -9999 -9999 -9999 -9999 -9999 -9999 -9999 -9999 -9999 -9999 -9999 -9999 -9999 -9999 -9999 -9999 -9999 -9999 -9999 -9999 -9999 -9999 -9999 -9999 501 507 510 518 519 525 528 531 528 533 540 539 537 532 540 542 544 540 534 534 540 546 552 552 557 560 549 536 538 554 558 549 569 581 551 539 560 566 534 517 508 502 522 572 582 593 599 612 613 583
