worldclim/bio18_cr.asc
ncols        411
nrows        382
xllcorner    -85.979072453958
yllcorner    8.036441368777
cellsize     0.008333330000
NODATA_value  -9999
[rows 76 to 113 of 382, columns 85 to 169 of 411]
232 231 228 228 227 227 226 227 226 226 228 227 227 227 227 227 232 232 233 235 236 237 238 247 263 277 294 306 330 355 383 395 393 373 394 422 441 445 436 446 445 398 391 404 496 503 389 397 441 394 461 426 429 419 419 433 430 445 442 419 387 357 329 367 415 420 411 403 394 382 367 369 374 374 379 380 378 367 362 355 343 333 327 313 316
233 231 231 229 228 228 227 227 228 228 227 227 228 228 228 228 230 232 233 235 236 238 237 241 242 266 272 274 289 325 365 354 357 339 303 383 398 424 410 421 437 445 437 472 484 488 503 485 521 474 525 495 484 414 489 479 460 458 444 404 391 367 339 401 439 461 450 421 425 424 369 372 386 378 378 373 377 369 370 378 365 339 329 318 320
240 235 235 234 231 231 231 230 229 229 230 229 229 228 230 228 230 232 234 233 235 237 238 240 242 248 261 262 271 288 292 315 302 299 274 278 340 387 358 315 311 400 407 417 472 481 489 497 511 524 526 506 524 488 533 517 521 487 461 441 401 380 354 381 427 477 464 435 451 436 407 391 399 410 396 394 392 387 375 370 365 344 331 318 326
241 239 238 237 235 233 232 233 232 232 231 231 231 231 230 229 231 231 233 234 234 236 238 239 240 243 253 255 257 257 259 273 283 275 271 262 265 290 287 283 286 301 298 320 390 464 464 495 498 505 528 540 538 557 571 552 567 500 451 424 393 377 361 407 444 485 484 467 491 482 435 407 457 419 417 406 396 397 386 378 373 354 324 334 324
244 243 240 240 238 236 235 234 235 234 232 234 232 231 231 231 231 232 234 234 234 236 238 239 240 241 245 249 251 251 254 318 258 259 251 253 257 261 265 271 276 283 290 302 324 326 410 457 497 505 519 530 540 560 573 584 573 513 439 431 397 401 379 418 455 510 511 508 527 483 462 480 476 470 460 432 420 411 433 413 408 390 356 362 358
248 248 245 242 241 239 238 238 236 236 236 235 234 234 233 232 233 233 234 234 235 237 238 240 240 241 244 246 247 246 245 263 257 291 244 246 250 253 258 263 269 275 282 290 298 320 394 419 478 500 511 523 534 535 559 577 568 553 476 411 427 402 422 451 582 591 568 542 508 493 513 522 506 512 521 478 441 455 454 439 409 378 346 345 342
252 251 248 247 245 242 244 240 240 239 239 236 236 236 234 234 234 234 235 234 236 237 238 240 242 242 242 244 246 247 240 239 270 308 244 240 244 247 251 256 262 267 275 282 291 301 314 362 452 493 503 507 515 507 528 567 595 552 528 450 448 431 474 543 577 552 535 581 580 546 547 513 489 487 486 482 464 428 409 419 402 403 425 401 333
255 253 251 249 248 246 246 245 243 242 240 239 238 238 236 234 235 235 236 235 238 238 239 240 241 242 244 245 246 245 241 238 256 288 302 240 240 242 246 251 255 261 268 277 284 293 304 315 387 476 495 507 506 493 511 544 562 606 568 539 467 477 579 617 668 647 565 543 516 505 447 454 462 457 452 449 432 415 409 410 386 348 329 368 380
256 255 254 251 251 249 248 247 246 244 242 241 240 239 237 236 235 236 237 236 239 239 241 241 243 241 244 245 246 247 244 232 235 259 288 283 278 243 242 246 246 254 263 271 279 288 298 310 321 347 407 507 515 501 511 532 580 588 623 620 510 565 636 645 611 605 503 467 486 454 478 460 395 415 410 397 362 373 343 366 331 329 357 332 333
258 257 256 254 253 251 249 249 247 245 245 243 242 240 239 238 237 237 236 239 240 240 242 242 243 243 245 243 245 246 241 232 232 233 230 264 284 271 237 238 245 253 259 266 276 284 294 305 316 328 341 426 515 510 502 510 528 542 571 616 643 659 639 605 486 489 454 500 492 465 450 430 428 420 415 387 383 359 348 328 312 315 310 292 298
261 260 258 256 254 254 252 251 250 248 246 245 243 243 240 239 238 238 239 238 242 242 240 241 245 243 245 243 243 242 236 229 227 229 229 236 291 298 302 305 261 265 284 258 272 280 291 301 311 324 337 359 509 507 512 510 523 546 563 602 635 656 683 560 492 514 516 511 517 452 448 431 429 425 416 396 377 356 335 320 309 296 274 273 266
263 262 260 259 257 256 255 253 251 250 248 246 246 244 243 242 240 240 239 239 239 242 244 244 244 247 247 245 243 240 235 230 228 237 232 229 241 278 315 325 345 353 365 331 293 316 322 314 308 320 333 345 444 519 533 523 549 544 609 628 619 540 490 516 541 532 586 636 647 485 465 446 435 431 409 389 384 359 342 327 307 295 283 274 265
266 264 262 261 259 258 257 255 253 251 251 249 247 246 245 244 243 241 240 240 239 239 244 245 245 247 246 245 244 242 235 236 237 238 240 232 229 240 286 319 338 346 357 369 381 387 397 416 329 316 330 342 384 443 483 528 565 581 601 561 498 475 497 515 616 627 668 690 676 529 495 452 444 431 412 398 373 358 351 332 312 302 281 268 264
268 266 264 263 262 260 258 257 256 254 252 250 250 248 247 246 244 243 242 241 242 239 241 247 246 247 247 250 242 242 248 247 254 245 238 232 231 231 285 322 329 350 361 361 369 381 391 399 419 333 327 339 352 368 410 455 541 526 519 459 476 478 491 535 633 668 557 521 532 689 514 461 448 435 422 410 379 359 342 319 310 292 274 264 257
270 268 266 266 264 262 260 258 257 256 254 253 251 251 249 247 245 245 244 242 241 241 241 246 249 248 252 249 250 247 257 256 256 250 232 235 234 236 252 311 324 331 359 364 376 375 385 394 421 363 325 338 351 365 378 393 408 424 440 456 469 509 508 536 624 660 464 466 454 665 543 487 460 442 431 391 378 366 332 320 300 291 274 267 256
272 270 269 267 266 264 262 261 259 257 257 255 253 252 250 250 248 247 246 244 243 244 248 250 251 253 253 253 256 258 259 257 260 258 250 236 231 241 272 313 316 344 359 371 366 372 383 398 415 338 323 342 349 363 376 390 405 421 436 451 467 484 496 521 611 658 534 453 494 618 648 517 481 451 435 414 396 342 329 312 294 284 274 268 261
275 273 271 269 268 266 264 263 261 259 258 256 256 254 253 251 250 249 247 246 245 242 251 252 253 254 255 256 257 259 255 250 257 254 237 233 235 251 277 310 313 349 361 362 356 367 380 376 408 312 345 446 423 407 377 389 404 420 434 448 463 478 490 512 583 636 656 638 565 481 659 576 485 488 463 451 401 338 317 302 290 283 278 269 262
276 274 272 270 269 267 265 265 263 262 261 260 258 257 256 255 252 250 249 248 245 244 246 249 247 249 252 259 258 260 262 261 250 253 245 235 233 245 280 304 311 351 358 361 358 363 371 313 319 326 418 431 444 480 494 459 466 436 431 445 459 473 487 505 529 591 644 643 653 457 590 584 532 532 508 462 435 416 356 308 295 282 278 270 266
277 275 273 272 270 269 267 266 265 265 263 262 261 259 258 256 256 253 250 249 246 245 245 255 257 256 254 258 253 255 261 265 266 261 246 241 254 272 281 302 308 327 348 355 356 359 310 341 379 363 428 425 449 448 480 487 520 538 430 442 457 473 497 547 605 632 626 639 634 589 655 656 648 640 599 531 492 459 389 362 333 332 306 288 272
278 277 275 274 272 271 270 269 267 266 265 264 263 262 260 259 257 256 254 252 249 248 247 256 260 256 255 247 254 240 249 261 268 267 270 264 247 251 245 295 307 333 344 358 355 364 365 380 393 408 419 398 396 405 423 452 456 528 509 456 568 519 562 607 553 479 472 492 483 553 575 526 606 641 650 570 517 465 434 424 371 339 314 301 280
280 278 277 275 274 274 272 271 270 268 267 266 264 264 263 261 260 258 257 255 253 250 254 259 259 261 257 255 244 230 241 254 261 267 262 271 266 264 248 247 306 328 347 354 356 370 364 376 390 380 387 387 401 401 400 410 417 436 487 527 562 582 560 589 478 436 429 436 432 491 512 445 447 467 604 631 566 502 469 439 398 362 336 316 296
282 280 279 277 277 276 274 273 272 271 269 268 268 267 265 264 263 262 260 260 257 254 258 258 262 264 266 265 260 244 246 240 236 263 263 244 240 249 266 253 306 318 337 344 352 378 365 366 373 377 391 388 406 409 394 447 458 512 534 528 537 471 490 439 463 477 440 424 444 444 427 429 431 434 550 631 559 521 468 451 415 384 350 321 313
285 284 280 279 278 277 275 274 273 274 273 271 270 269 268 267 267 265 263 263 261 260 259 261 267 267 268 266 266 256 265 253 243 248 252 249 243 252 260 258 273 310 339 338 354 366 387 364 380 374 380 391 398 432 405 395 409 416 529 523 425 413 411 438 416 416 427 421 419 421 423 424 459 440 518 596 577 542 488 452 431 374 341 328 331
284 286 283 281 282 280 278 276 276 275 274 273 273 272 271 270 269 269 268 267 265 264 264 264 268 270 271 272 273 272 269 256 249 240 243 250 248 267 276 259 267 291 319 333 350 371 384 368 366 372 379 380 388 408 424 409 396 417 499 524 410 407 417 422 411 412 415 431 427 421 418 424 460 521 587 587 613 512 480 475 458 407 369 355 348
285 285 284 283 282 281 281 280 279 277 276 275 274 275 274 274 272 271 270 270 270 268 268 267 268 273 273 274 273 264 250 249 242 243 251 253 254 290 287 261 306 320 321 331 345 358 388 405 376 369 416 419 381 408 439 411 393 434 478 413 399 406 430 430 424 429 429 422 413 413 436 516 503 449 487 566 603 520 510 500 472 442 386 371 360
285 285 284 284 284 283 283 282 281 280 279 279 278 277 276 276 276 275 274 273 272 273 272 273 277 277 277 276 261 246 241 253 243 246 248 259 269 292 304 285 307 348 332 328 341 351 368 393 408 400 428 443 422 435 446 437 388 390 409 435 407 420 423 421 434 420 421 421 411 444 503 579 592 569 565 596 582 531 533 510 475 431 408 393 385
288 287 286 285 285 285 284 284 283 282 282 282 281 280 279 278 278 278 278 277 276 275 277 276 278 277 278 277 277 266 256 263 245 247 257 256 263 289 319 301 320 337 333 330 337 349 359 393 396 405 428 413 436 428 421 418 415 403 395 397 394 420 419 431 432 418 418 421 407 410 420 519 558 570 543 502 456 513 569 501 469 452 427 400 405
289 289 288 287 288 287 286 285 284 285 285 284 283 283 283 282 281 280 280 281 280 281 281 281 282 282 283 284 285 284 282 263 250 272 271 267 260 275 284 271 308 344 350 336 343 346 350 357 371 388 418 410 414 420 405 406 416 430 395 388 390 414 412 411 420 418 416 408 406 401 420 477 564 544 500 578 563 579 571 525 487 445 430 422 407
291 291 291 289 290 289 288 288 288 287 287 288 286 287 286 285 285 285 284 283 284 284 285 284 286 287 288 288 289 278 273 275 278 278 262 258 261 265 266 270 306 320 342 342 341 357 364 354 357 379 418 404 402 400 408 410 429 422 406 416 417 416 404 411 406 412 405 397 397 410 440 534 535 516 553 491 461 539 573 540 483 456 424 415 407
300 299 296 299 293 292 291 291 291 290 289 289 289 288 289 287 287 287 287 288 289 287 287 291 292 292 292 292 291 289 290 289 281 276 264 260 262 267 274 275 308 320 323 343 348 354 355 365 359 375 405 416 395 395 409 426 426 427 410 405 401 402 413 404 405 399 394 415 403 441 543 535 555 553 551 517 432 462 554 563 515 475 435 427 412
295 294 296 296 300 301 298 294 293 293 292 292 292 291 291 291 290 289 290 290 290 292 299 298 298 297 296 294 295 296 292 288 280 277 270 268 270 280 273 279 298 315 323 329 335 341 350 357 367 376 399 408 410 397 393 422 422 422 420 422 418 415 394 404 397 390 420 443 425 490 534 525 446 450 467 419 438 488 543 555 503 493 454 440 421
296 296 297 297 296 295 297 295 295 294 293 294 294 294 294 294 292 292 292 294 293 293 294 292 299 296 297 299 300 293 285 289 286 283 279 279 283 279 279 278 304 287 297 308 318 340 345 350 367 397 391 389 404 398 394 418 419 420 419 418 414 399 399 393 384 399 471 516 511 493 468 426 389 398 389 442 416 460 532 549 534 519 491 451 455
297 298 299 299 298 298 298 298 297 297 297 297 296 296 296 296 295 295 295 297 295 296 295 296 298 298 300 304 304 301 285 292 290 290 287 288 285 275 281 282 290 294 294 300 332 342 346 349 354 378 371 382 393 400 385 392 417 415 414 387 384 389 396 381 404 438 469 464 448 400 398 390 385 435 439 437 531 542 541 544 525 527 505 473 466
299 299 302 301 301 301 301 300 300 300 300 300 299 299 298 298 297 298 298 297 299 298 299 300 300 299 309 306 308 306 303 299 295 300 296 290 291 292 290 286 288 295 302 305 331 331 344 348 350 362 356 375 372 392 392 369 389 411 404 394 390 382 378 416 420 430 394 407 396 382 381 385 389 400 418 387 400 514 535 536 537 538 533 510 474
301 302 303 302 303 304 303 303 303 302 303 302 302 300 300 299 299 299 300 300 299 301 300 299 301 300 309 310 310 310 309 296 305 303 304 298 296 297 290 292 292 296 303 305 312 316 344 352 359 354 362 359 360 391 389 358 378 376 371 381 374 374 375 376 377 380 377 380 379 392 393 393 382 381 389 380 419 437 481 522 513 531 530 525 507
303 305 305 305 305 305 306 306 305 304 303 304 305 303 302 302 302 302 302 303 302 302 303 301 302 307 313 312 314 313 305 309 303 298 307 304 303 303 301 301 305 306 309 312 313 320 343 351 353 367 367 358 361 364 379 366 375 382 368 386 374 378 386 382 381 380 388 376 388 389 397 391 390 393 383 376 386 441 405 512 512 519 526 524 518
305 307 308 307 308 308 309 307 307 306 307 307 306 305 305 305 303 303 302 302 305 305 306 304 303 304 303 317 316 316 317 315 313 309 309 305 305 303 302 305 306 306 306 310 323 338 328 340 342 364 354 356 369 385 372 363 365 380 361 368 381 372 372 385 377 384 381 384 383 392 398 389 389 386 377 375 381 375 403 443 487 507 521 521 519
309 309 310 310 311 314 312 310 309 312 310 311 309 308 308 305 306 306 306 306 307 303 306 305 306 321 304 306 314 314 314 309 311 309 311 307 305 305 306 307 307 305 314 313 318 328 334 333 344 356 359 356 385 391 378 366 368 381 367 387 377 369 398 399 396 404 399 384 386 383 391 387 387 378 377 393 425 441 469 495 512 515 516 509 513
