worldclim/bio12_cr.asc
ncols        411
nrows        382
xllcorner    -85.979072453958
yllcorner    8.036441368777
cellsize     0.008333330000
NODATA_value  -9999
[rows 180 to 215 of 382, columns 324 to 404 of 411]
2780 2790 2828 2760 2986 2766 2845 2870 2868 2895 2917 2941 2923 2837 2809 2841 2884 2986 3063 3082 3041 3027 3042 3049 3072 3091 3143 3115 3051 2968 2921 2850 2787 2729 2680 2639 2609 2580 2560 2702 2697 2688 2677 2624 2594 2599 2573 2514 2489 2485 2510 2509 2475 2455 2453 2455 -9999 -9999 -9999 -9999 -9999 -9999 -9999 -9999 -9999 -9999 -9999 -9999 -9999 -9999 -9999 -9999 -9999 -9999 -9999 -9999 -9999 -9999 -9999 -9999 -9999
2809 2768 2775 2816 2825 2774 2783 2918 2893 2835 2847 2829 2770 2779 2862 2886 2944 3006 3044 3033 3032 3049 3019 3016 3020 3001 3025 2987 3008 2947 2895 2847 2782 2721 2672 2632 2595 2573 2549 2536 2529 2571 2645 2613 2585 2562 2523 2507 2446 2446 2437 2433 2534 2478 2426 2435 -9999 -9999 -9999 -9999 -9999 -9999 -9999 -9999 -9999 -9999 -9999 -9999 -9999 -9999 -9999 -9999 -9999 -9999 -9999 -9999 -9999 -9999 -9999 -9999 -9999
2844 2775 2789 2792 2812 2830 2833 2837 2838 2809 2831 2838 2838 2793 2846 2909 2960 3017 2998 3005 3005 2981 2945 2943 2929 2926 2954 2944 2950 2910 2842 2821 2796 2718 2666 2621 2587 2564 2640 2553 2532 2605 2604 2594 2573 2556 2564 2518 2458 2431 2442 2416 2429 2530 2436 2411 2418 -9999 -9999 -9999 -9999 -9999 -9999 -9999 -9999 -9999 -9999 -9999 -9999 -9999 -9999 -9999 -9999 -9999 -9999 -9999 -9999 -9999 -9999 -9999 -9999
2941 2990 3201 2800 2776 2774 2771 2783 2800 2817 2840 2874 2888 2876 2888 2929 2956 3009 2960 2937 2931 2919 2857 2858 2849 2856 2906 2884 2883 2896 2825 2800 2789 2755 2664 2621 2587 2571 2661 2621 2641 2656 2552 2565 2574 2574 2591 2576 2510 2431 2408 2395 2394 2432 2474 2396 2399 -9999 -9999 -9999 -9999 -9999 -9999 -9999 -9999 -9999 -9999 -9999 -9999 -9999 -9999 -9999 -9999 -9999 -9999 -9999 -9999 -9999 -9999 -9999 -9999
3761 3684 3162 2832 2860 2803 2774 2791 2772 2822 2854 2883 2897 2910 2946 2959 2990 2936 2969 2868 2829 2832 2812 2786 2783 2797 2812 2842 2848 2875 2826 2781 2777 2721 2665 2622 2609 2672 2673 2672 2624 2641 2622 2582 2560 2588 2583 2532 2460 2508 2444 2390 2377 2374 2490 2410 2380 2391 -9999 -9999 -9999 -9999 -9999 -9999 -9999 -9999 -9999 -9999 -9999 -9999 -9999 -9999 -9999 -9999 -9999 -9999 -9999 -9999 -9999 -9999 -9999
4085 3789 3471 3195 3124 2858 2811 3080 2873 2776 2829 2843 2837 2862 2922 2922 2889 2867 2861 2873 2847 2801 2796 2819 2806 2776 2771 2783 2832 2857 2811 2783 2767 2719 2710 2661 2628 2663 2671 2664 2639 2643 2643 2622 2607 2590 2582 2488 2448 2469 2476 2355 2358 2359 2362 2390 2373 2376 2381 -9999 -9999 -9999 -9999 -9999 -9999 -9999 -9999 -9999 -9999 -9999 -9999 -9999 -9999 -9999 -9999 -9999 -9999 -9999 -9999 -9999 -9999
3868 3906 3369 3022 2989 2817 2791 3159 2964 2847 2776 2785 2816 2863 2895 2842 2837 2828 2817 2823 2825 2804 2797 2801 2825 2792 2774 2776 2795 2766 2785 2776 2754 2736 2719 2698 2657 2604 2634 2650 2638 2630 2623 2615 2607 2600 2589 2555 2533 2503 2476 2400 2426 2421 2340 2349 2353 2360 2364 2373 -9999 -9999 -9999 -9999 -9999 -9999 -9999 -9999 -9999 -9999 -9999 -9999 -9999 -9999 -9999 -9999 -9999 -9999 -9999 -9999 -9999
3310 3399 3151 3102 2829 2798 2793 2949 3056 2853 2837 2784 2802 2828 2850 2825 2796 2783 2787 2805 2796 2794 2809 2816 2809 2814 2790 2766 2788 2737 2727 2721 2710 2704 2703 2693 2651 2621 2638 2637 2628 2619 2616 2602 2595 2592 2574 2545 2542 2518 2516 2497 2485 2481 2481 2383 2334 2345 2348 2355 2369 2379 2387 2388 -9999 -9999 -9999 -9999 -9999 -9999 -9999 -9999 -9999 -9999 -9999 -9999 -9999 -9999 -9999 -9999 -9999
2996 2969 2926 2929 2805 2812 2820 2794 2878 2856 2797 2786 2797 2777 2819 2809 2775 2772 2784 2795 2812 2810 2795 2797 2807 2807 2813 2799 2745 2729 2720 2709 2700 2689 2689 2675 2631 2642 2637 2632 2615 2611 2604 2578 2573 2582 2555 2444 2449 2477 2528 2523 2519 2524 2479 2432 2321 2326 2337 2353 2357 2366 2373 2406 2390 2405 -9999 -9999 -9999 -9999 -9999 -9999 -9999 -9999 -9999 -9999 -9999 -9999 -9999 -9999 -9999
2846 2837 2876 2864 2814 2830 2843 2819 2801 2838 2789 2800 2801 2780 2798 2800 2774 2771 2785 2795 2810 2800 2823 2801 2783 2762 2773 2741 2727 2720 2720 2712 2696 2688 2687 2673 2659 2643 2624 2627 2608 2610 2592 2555 2563 2558 2546 2519 2330 2303 2508 2510 2446 2466 2399 2410 2377 2411 2364 2407 2406 2397 2366 2374 2384 2392 2401 2411 2423 2431 2434 -9999 -9999 -9999 -9999 2475 -9999 -9999 -9999 -9999 -9999
2844 2837 2837 2836 2826 2830 2859 2844 2807 2800 2810 2830 2803 2799 2807 2810 2790 2781 2786 2793 2783 2776 2767 2762 2756 2747 2752 2730 2725 2712 2705 2714 2709 2692 2678 2662 2640 2630 2616 2602 2612 2588 2573 2457 2500 2500 2437 2329 2311 2288 2333 2496 2474 2438 2372 2378 2433 2449 2395 2387 2374 2348 2357 2396 2377 2387 2397 2411 2413 2422 2431 2440 2445 2456 2461 2472 2477 2484 2492 -9999 -9999
2854 2851 2841 2835 2833 2829 2848 2851 2830 2825 2823 2838 2842 2824 2836 2816 2791 2786 2785 2783 2779 2775 2767 2757 2750 2743 2732 2722 2716 2703 2696 2697 2684 2671 2656 2637 2626 2614 2605 2613 2640 2575 2528 2448 2410 2390 2347 2370 2301 2318 2261 2252 2258 2265 2273 2284 2409 2399 2382 2382 2371 2388 2417 2435 2373 2386 2398 2401 2412 2421 2434 2437 2444 2452 2459 2468 2473 2481 2492 -9999 -9999
2862 2861 2851 2849 2850 2861 2895 2908 2876 2880 2867 2874 2879 2863 2840 2801 2794 2792 2783 2775 2772 2769 2770 2758 2743 2733 2726 2714 2717 2716 2687 2672 2661 2651 2643 2643 2622 2602 2595 2590 2576 2547 2492 2508 2440 2466 2465 2375 2310 2265 -9999 -9999 -9999 2265 2272 2284 2295 2304 2312 2405 2395 2384 2374 2375 2374 2383 2404 2407 2410 2417 2426 2436 2455 2470 2455 2464 2471 2478 2486 -9999 -9999
2906 2865 2856 2851 2851 2872 2907 2897 2881 2891 2892 2880 2863 2865 2831 2798 2798 2816 2793 2776 2772 2769 2756 2749 2753 2727 2718 2706 2734 2735 2722 2671 2659 2649 2646 2642 2627 2609 2594 2583 2559 2547 2548 2534 2519 2515 2508 2418 2304 -9999 -9999 -9999 -9999 -9999 2275 2282 2292 2305 2313 2322 2332 2343 2351 2361 2373 2383 2392 2409 2421 2420 2427 2432 2441 2452 2463 2467 2473 2476 2484 2493 -9999
2922 2867 2860 2854 2872 2902 2863 2873 2843 2844 2843 2827 2825 2850 2853 2844 2837 2857 2854 2818 2838 2840 2834 2763 2748 2753 2753 2731 2752 2757 2749 2721 2709 2668 2649 2642 2623 2596 2581 2554 2562 2551 2540 2528 2518 2506 2498 2414 2318 -9999 -9999 -9999 -9999 -9999 -9999 -9999 -9999 -9999 -9999 2327 2334 2344 2355 2366 2375 2384 2395 2402 2408 2422 2432 2446 2443 2448 2454 2464 2470 2478 2482 2488 2497
2887 2869 2877 2867 2860 2844 2839 2833 2827 2837 2848 2849 2840 2821 2801 2795 2793 2781 2776 2783 2764 2769 2826 2781 2801 2806 2794 2788 2773 2762 2746 2727 2710 2687 2664 2640 2615 2591 2568 2550 2546 2546 2530 2524 2512 2500 2493 2340 -9999 -9999 -9999 -9999 -9999 -9999 -9999 -9999 -9999 -9999 -9999 2330 2338 -9999 -9999 2367 2377 2386 2404 2404 2411 2419 2427 2437 2457 2450 2457 2469 2471 2475 2484 2490 2499
2875 2871 2869 2865 2851 2854 2920 2839 2830 2826 2819 2813 2807 2826 2805 2795 2803 2785 2774 2780 2759 2750 2746 2753 2776 2799 2792 2782 2771 2757 2743 2726 2708 2689 2667 2646 2621 2596 2570 2547 2543 2525 2530 2520 2508 2491 2488 2352 -9999 -9999 -9999 -9999 -9999 -9999 -9999 -9999 -9999 -9999 -9999 -9999 -9999 -9999 -9999 2371 2381 2390 2398 2406 2415 2419 2428 2435 2440 2454 2456 2463 2473 2476 2483 2490 2495
2875 2883 2877 2930 2946 3057 2874 2836 2834 2827 2833 2840 2809 2804 2803 2795 2800 2782 2772 2764 2756 2746 2738 2741 2719 2728 2739 2777 2767 2754 2741 2727 2709 2691 2670 2651 2628 2606 2581 2555 2534 2524 2523 2517 2504 2494 2465 -9999 -9999 -9999 -9999 -9999 -9999 -9999 -9999 -9999 -9999 -9999 -9999 -9999 -9999 -9999 -9999 -9999 2387 2395 2404 2410 2417 2423 2430 2438 2444 2451 2456 2465 2472 2477 2483 2490 2497
2878 2917 2890 3296 3745 3161 2880 2855 2919 2943 2908 2886 2810 2805 2798 2803 2792 2777 2770 2766 2758 2740 2738 2720 2710 2697 2713 2733 2748 2748 2740 2724 2710 2693 2674 2653 2636 2613 2590 2567 2542 2518 2495 2506 2501 2449 2403 -9999 -9999 -9999 -9999 -9999 -9999 -9999 -9999 -9999 -9999 -9999 -9999 -9999 -9999 -9999 -9999 -9999 -9999 -9999 2409 2414 2422 2429 2435 2442 2444 2452 2461 2465 2469 2475 2484 2488 2494
2892 2973 3270 3085 3733 3176 2912 3056 3337 3098 2874 2838 2813 2802 2800 2812 2811 2793 2791 2767 2761 2753 2736 2715 2719 2696 2693 2714 2743 2740 2737 2723 2710 2696 2679 2663 2643 2622 2604 2578 2558 2541 2517 2484 2461 2438 2419 2413 2419 -9999 -9999 -9999 -9999 -9999 -9999 -9999 -9999 -9999 -9999 -9999 -9999 -9999 -9999 -9999 -9999 -9999 2411 2419 2426 2432 2436 2443 2449 2455 2462 2468 2473 2478 2484 2489 -9999
2922 2942 3169 3948 3739 3066 2961 3725 3271 2914 2839 2817 2812 2809 2815 2836 2859 2848 2817 2796 2782 2757 2737 2738 2724 2702 2672 2676 2715 2726 2730 2719 2709 2697 2683 2666 2651 2634 2615 2594 2574 2548 2532 2513 2507 2474 2437 2475 2451 -9999 -9999 -9999 -9999 -9999 -9999 -9999 -9999 -9999 -9999 -9999 -9999 -9999 -9999 -9999 -9999 -9999 -9999 -9999 -9999 2437 2441 2446 2455 2456 2463 2469 2476 2481 2486 2491 2498
2932 2993 3190 3728 3938 3170 2973 3124 2996 2881 2880 2856 2835 2841 2832 2831 2812 2836 2793 2775 2790 2783 2772 2763 2730 2707 2684 2655 2671 2710 2726 2719 2707 2696 2684 2670 2662 2646 2630 2609 2587 2564 2538 2521 2507 2491 2476 2436 -9999 -9999 -9999 -9999 -9999 -9999 -9999 -9999 -9999 -9999 -9999 -9999 -9999 -9999 -9999 -9999 -9999 -9999 -9999 -9999 -9999 -9999 2446 2451 2458 2461 2468 2472 2479 2482 2488 2493 2499
3000 3033 3196 3562 3615 3111 3011 3155 2963 2957 3004 2896 2889 2883 2886 2826 2798 2813 2803 2771 2778 2778 2766 2737 2751 2732 2671 2657 2732 2723 2719 2683 2681 2691 2680 2673 2663 2655 2643 2627 2601 2577 2538 2517 2509 2503 2483 2484 -9999 -9999 -9999 -9999 -9999 -9999 -9999 -9999 -9999 -9999 -9999 -9999 -9999 -9999 -9999 -9999 -9999 -9999 -9999 -9999 -9999 2445 2451 2457 2463 2467 2470 2476 2482 2486 2490 2496 2501
3229 3094 3297 3570 3869 3218 3344 3577 3230 3483 2921 2861 2852 2842 2893 2810 2790 2824 2801 2781 2758 2789 2741 2712 2722 2677 2678 2708 2691 2682 2661 2611 2648 2683 2677 2674 2660 2659 2654 2636 2612 2589 2541 2534 2523 2510 2500 2491 2456 -9999 -9999 -9999 -9999 -9999 -9999 -9999 -9999 -9999 -9999 -9999 -9999 -9999 -9999 -9999 -9999 -9999 -9999 -9999 -9999 -9999 2457 2461 2465 2472 2474 2479 2485 2488 2492 2497 -9999
4030 3427 3758 3934 3813 3450 3482 3788 3561 3556 2941 2870 2830 2808 2825 2794 2780 2771 2758 2750 2751 2751 2712 2707 2695 2701 2729 2648 2635 2635 2637 2658 2653 2681 2674 2666 2661 2657 2647 2636 2620 2546 2526 2528 2514 2508 2505 2491 2489 2466 -9999 -9999 -9999 -9999 -9999 -9999 -9999 -9999 -9999 -9999 -9999 -9999 -9999 -9999 -9999 -9999 -9999 -9999 -9999 -9999 2464 2468 2471 2477 2479 2485 2488 2491 2495 2501 2503
3992 3490 3921 3923 3764 3689 3804 3812 3619 3137 2921 2868 2844 2827 2800 2790 2782 2771 2760 2749 2750 2729 2718 2702 2686 2676 2693 2688 2630 2619 2605 2607 2632 2671 2671 2621 2629 2654 2647 2638 2612 2570 2513 2483 2505 2521 2517 2499 2497 2490 2486 2465 -9999 -9999 -9999 -9999 -9999 -9999 -9999 -9999 -9999 -9999 -9999 -9999 -9999 -9999 -9999 -9999 -9999 -9999 -9999 -9999 2479 2481 -9999 2488 2490 2496 2499 2501 -9999
4008 3942 3910 3838 3801 3882 3812 3778 3127 3073 3017 2959 2887 2844 2809 2794 2782 2773 2770 2762 2739 2730 2711 2713 2718 2750 2727 2669 2628 2627 2606 2593 2586 2612 2587 2571 2605 2654 2648 2608 2611 2536 2500 2514 2516 2504 2514 2491 2497 2497 2475 -9999 -9999 -9999 -9999 -9999 -9999 -9999 -9999 -9999 -9999 -9999 -9999 -9999 -9999 -9999 -9999 -9999 -9999 -9999 -9999 -9999 -9999 -9999 -9999 -9999 2497 -9999 -9999 -9999 -9999
4009 3892 3766 3592 3657 3868 3529 3101 2989 2934 2960 2883 2830 2813 2805 2804 2795 2788 2796 2774 2747 2743 2777 2748 2763 2783 2756 2702 2705 2703 2637 2599 2641 2559 2539 2566 2619 2565 2534 2559 2560 2548 2497 2461 2462 2498 2486 -9999 -9999 -9999 -9999 -9999 -9999 -9999 -9999 -9999 -9999 -9999 -9999 -9999 -9999 -9999 -9999 -9999 -9999 -9999 -9999 -9999 -9999 -9999 -9999 -9999 -9999 -9999 -9999 -9999 -9999 -9999 -9999 -9999 -9999
4002 3827 3712 3919 3393 3733 3150 3066 3017 2915 2860 2839 2821 2822 2843 2818 2827 2812 2832 2822 2749 2767 2831 2789 2789 2804 2788 2788 2796 2708 2602 2657 2583 2621 2588 2526 2629 2531 2553 2492 2456 2440 2440 -9999 -9999 -9999 -9999 -9999 -9999 -9999 -9999 -9999 -9999 -9999 -9999 -9999 -9999 -9999 -9999 -9999 -9999 -9999 -9999 -9999 -9999 -9999 -9999 -9999 -9999 -9999 -9999 -9999 -9999 -9999 -9999 -9999 -9999 -9999 -9999 -9999 -9999
3839 3605 3706 3898 3665 3190 3021 2931 2921 2912 2846 2832 2831 2890 2902 2881 2878 2929 2862 2818 2765 2777 2805 2862 2826 2785 2728 2728 2792 2690 2615 2609 2614 2687 2553 2527 2573 2500 2601 2657 2643 -9999 -9999 -9999 -9999 -9999 -9999 -9999 -9999 -9999 -9999 -9999 -9999 -9999 -9999 -9999 -9999 -9999 -9999 -9999 -9999 -9999 -9999 -9999 -9999 -9999 -9999 -9999 -9999 -9999 -9999 -9999 -9999 -9999 -9999 -9999 -9999 -9999 -9999 -9999 -9999
3975 3452 3603 3719 3874 3387 3147 3025 2941 2884 2878 2900 2911 3001 3024 2990 3010 2924 2831 2809 2809 2840 2847 2898 2847 2813 2754 2695 2644 2621 2607 2669 2703 2709 2651 2581 2601 2499 2557 2657 2701 -9999 -9999 -9999 -9999 -9999 -9999 -9999 -9999 -9999 -9999 -9999 -9999 -9999 -9999 -9999 -9999 -9999 -9999 -9999 -9999 -9999 -9999 -9999 -9999 -9999 -9999 -9999 -9999 -9999 -9999 -9999 -9999 -9999 -9999 -9999 -9999 -9999 -9999 -9999 -9999
3654 3440 3377 3632 3846 3754 3524 3274 3009 2889 2947 2896 2969 3301 3401 3387 3103 2894 2898 2869 2890 2951 2945 2860 2816 2803 2751 2664 2653 2644 2738 2776 2792 2757 2648 2547 2528 2550 2639 2668 2707 -9999 -9999 -9999 -9999 -9999 -9999 -9999 -9999 -9999 -9999 -9999 -9999 -9999 -9999 -9999 -9999 -9999 -9999 -9999 -9999 -9999 -9999 -9999 -9999 -9999 -9999 -9999 -9999 -9999 -9999 -9999 -9999 -9999 -9999 -9999 -9999 -9999 -9999 -9999 -9999
3191 3202 3810 3886 3788 3318 3121 2994 2918 2930 3043 2974 3142 3368 3615 3591 3201 2974 3105 2997 3004 3023 2911 2835 2777 2762 2699 2644 2643 2724 2749 2789 2802 2783 2647 2543 2535 2561 2686 2757 2753 -9999 -9999 -9999 -9999 -9999 -9999 -9999 -9999 -9999 -9999 -9999 -9999 -9999 -9999 -9999 -9999 -9999 -9999 -9999 -9999 -9999 -9999 -9999 -9999 -9999 -9999 -9999 -9999 -9999 -9999 -9999 -9999 -9999 -9999 -9999 -9999 -9999 -9999 -9999 -9999
3262 3595 3828 3877 3789 3429 3141 3000 3017 3030 3076 3058 3121 3267 3550 3591 3431 3366 3415 3393 3247 3028 2875 2826 2791 2764 2760 2650 2714 2775 2783 2802 2805 2766 2668 2551 2514 2664 2710 2755 2787 -9999 -9999 -9999 -9999 -9999 -9999 -9999 -9999 -9999 -9999 -9999 -9999 -9999 -9999 -9999 -9999 -9999 -9999 -9999 -9999 -9999 -9999 -9999 -9999 -9999 -9999 -9999 -9999 -9999 -9999 -9999 -9999 -9999 -9999 -9999 -9999 -9999 -9999 -9999 -9999
3863 3907 3894 3815 3723 3171 3061 3024 3176 3306 3234 3160 3296 3277 3502 3537 3560 3469 3520 3438 3167 2942 2880 2783 2733 2686 2664 2664 2766 2824 2825 2836 2809 2753 2741 2707 2568 2631 2767 2769 2786 -9999 -9999 -9999 -9999 -9999 -9999 -9999 -9999 -9999 -9999 -9999 -9999 -9999 -9999 -9999 -9999 -9999 -9999 -9999 -9999 -9999 -9999 -9999 -9999 -9999 -9999 -9999 -9999 -9999 -9999 -9999 -9999 -9999 -9999 -9999 -9999 -9999 -9999 -9999 -9999
3810 3893 3689 3625 3429 3315 3110 3373 3630 3618 3455 3435 3466 3548 3585 3502 3344 3442 3497 3479 3111 2876 2827 2776 2777 2783 2698 2698 2763 2832 2867 2853 2793 2768 2700 2661 2535 2569 2643 2717 2791 -9999 -9999 -9999 -9999 -9999 -9999 -9999 -9999 -9999 -9999 -9999 -9999 -9999 -9999 -9999 -9999 -9999 -9999 -9999 -9999 -9999 -9999 -9999 -9999 -9999 -9999 -9999 -9999 -9999 -9999 -9999 -9999 -9999 -9999 -9999 -9999 -9999 -9999 -9999 -9999
