worldclim/bio15_cr.asc
ncols        411
nrows        382
xllcorner    -85.979072453958
yllcorner    8.036441368777
cellsize     0.008333330000
NODATA_value  -9999
[rows 164 to 204 of 382, columns 184 to 275 of 411]
72 75 73 74 75 76 76 74 73 73 73 72 73 72 71 70 73 73 73 74 73 73 72 73 73 73 72 71 72 77 77 78 76 75 70 66 65 65 66 74 76 77 77 77 76 76 76 76 76 71 69 69 75 73 72 70 69 67 66 64 62 61 59 57 56 55 54 53 52 51 50 48 46 44 45 43 42 38 37 39 38 37 31 33 29 36 35 37 36 34 37 37
73 72 72 75 76 75 75 75 73 73 72 73 72 71 70 71 72 73 73 72 72 72 72 73 72 72 71 70 68 69 75 78 77 75 70 68 71 66 67 72 72 77 77 77 76 77 77 74 75 67 65 68 71 73 72 70 69 67 66 64 63 60 58 56 55 54 53 52 51 50 48 46 44 45 44 43 42 42 35 39 38 37 31 32 38 36 36 38 39 36 38 38
74 73 73 73 75 75 72 72 72 72 72 71 70 72 69 71 71 72 73 72 72 72 72 72 70 70 71 68 69 66 75 74 78 78 77 73 73 70 73 72 73 75 74 75 73 74 70 66 69 64 70 73 75 74 73 75 74 68 65 64 68 61 57 56 55 54 53 52 51 49 47 46 47 46 44 44 43 38 36 34 38 37 32 33 31 33 38 36 39 40 39 39
75 75 74 74 75 75 75 73 72 71 71 70 70 72 71 71 72 72 72 72 72 72 72 72 72 71 71 71 71 70 68 65 72 74 78 75 77 75 77 73 74 74 74 78 76 76 73 72 67 64 64 70 72 67 61 65 68 70 71 63 69 67 67 56 55 54 54 51 50 49 51 48 47 46 45 46 44 39 40 39 34 37 36 32 36 39 35 37 39 40 39 36
75 74 75 75 74 74 73 73 73 72 71 72 72 72 73 73 72 70 72 72 72 71 71 71 70 70 70 70 70 70 70 69 65 65 78 78 79 79 78 75 75 77 75 77 78 78 76 73 70 69 62 61 67 64 59 56 56 66 70 71 70 68 60 58 59 56 52 55 51 55 50 50 47 46 48 44 42 42 40 38 36 37 37 35 33 41 38 39 42 41 41 38
73 71 73 74 74 73 73 74 73 72 74 73 72 71 72 73 71 70 71 72 70 71 71 70 70 70 70 70 67 64 67 66 65 63 55 66 74 74 79 79 78 79 78 78 77 78 75 78 75 72 66 61 60 58 57 56 55 56 61 65 58 58 61 56 54 53 55 57 56 53 52 51 45 45 46 43 41 40 36 33 37 37 37 34 33 42 39 43 42 42 41 39
72 71 72 71 70 71 72 73 73 73 73 70 70 71 72 72 70 71 69 71 71 71 71 70 70 69 70 66 64 61 64 58 60 53 57 57 67 71 66 69 78 79 75 74 77 78 78 78 74 73 70 60 60 61 59 59 56 59 56 61 59 69 67 55 54 56 53 50 49 49 52 53 43 42 45 43 41 38 35 34 37 36 34 33 43 42 41 41 40 42 41 39
78 77 77 78 74 70 70 70 72 73 73 71 71 72 71 72 72 72 71 71 70 70 70 69 67 69 67 66 68 62 64 67 57 56 62 54 46 47 50 64 76 79 72 70 75 77 77 78 78 75 67 60 63 58 56 58 65 60 62 71 70 57 56 55 53 52 51 51 49 47 48 53 52 44 44 41 41 38 35 38 38 41 45 44 42 42 43 41 41 41 42 40
78 79 75 70 71 70 72 73 72 73 72 71 71 72 67 67 69 67 71 71 71 70 70 69 69 69 69 69 68 68 68 67 67 66 67 66 65 57 53 61 75 78 57 68 71 77 78 78 78 73 68 63 64 58 60 63 64 71 71 68 67 68 60 61 56 57 58 56 52 50 47 51 53 42 42 42 41 39 39 38 34 34 36 45 43 43 44 42 45 42 42 42
76 75 71 70 69 71 73 73 72 72 70 72 72 65 65 65 67 67 68 68 67 68 70 68 69 68 69 68 68 68 68 67 67 66 61 51 54 64 51 56 76 73 57 70 73 75 75 74 78 76 75 72 67 66 59 60 65 68 67 69 64 60 54 58 61 54 57 50 43 49 46 45 49 50 43 41 39 38 38 38 38 36 46 47 44 44 43 43 45 45 42 42
70 70 69 73 72 69 69 71 71 71 71 67 65 65 66 71 67 69 70 70 70 70 68 67 69 69 69 68 68 62 60 51 64 54 45 79 72 36 57 61 56 65 63 66 74 72 75 76 77 77 76 72 73 67 65 55 59 63 62 63 56 53 46 48 55 49 41 41 40 48 48 44 44 41 41 42 41 40 35 37 38 34 48 46 47 46 44 45 47 48 44 44
73 72 71 72 72 69 69 71 72 68 67 65 65 70 71 70 70 70 70 69 67 68 69 69 69 69 66 66 67 63 59 65 45 51 67 74 79 76 64 46 53 70 77 79 79 78 77 76 72 74 72 69 66 65 62 55 59 60 53 57 51 47 46 47 46 42 44 45 39 43 47 45 45 42 42 41 40 39 35 36 36 35 34 36 39 48 45 47 49 35 49 49
68 69 72 72 69 69 70 71 71 71 65 65 64 71 71 70 69 66 68 68 62 62 64 68 65 63 57 56 53 54 78 80 69 50 75 80 77 75 76 79 60 56 59 69 78 78 76 77 76 74 65 69 65 57 56 54 53 51 51 49 48 48 50 45 44 43 47 43 39 44 44 45 44 43 42 40 39 39 38 36 37 35 36 40 49 48 47 49 35 35 49 49
71 72 71 69 70 70 68 68 68 71 71 67 64 68 71 69 67 65 63 62 61 60 59 58 57 58 66 71 70 80 79 78 79 79 79 77 70 69 79 79 73 79 75 64 70 74 75 77 76 75 75 70 70 66 63 56 53 53 54 53 52 55 55 52 52 46 45 40 39 38 37 37 35 35 33 40 39 33 38 35 36 34 37 35 47 37 48 36 35 36 37 49
72 71 72 71 71 70 70 69 67 68 71 65 64 65 69 70 70 68 68 66 63 66 60 62 62 66 60 55 68 72 80 78 78 78 70 68 67 70 78 75 78 79 78 76 78 78 74 75 70 69 71 68 61 58 56 54 53 55 58 60 59 59 54 51 46 45 46 42 41 38 40 38 46 47 33 33 33 32 38 35 35 36 36 36 49 36 37 36 33 34 36 36
68 68 68 70 71 69 71 70 67 66 70 69 64 64 66 69 68 69 69 63 63 67 63 66 67 68 65 66 62 72 78 78 72 74 69 67 67 67 73 69 69 71 74 77 78 73 66 71 69 60 66 62 59 56 55 57 58 60 61 62 62 59 57 54 54 51 46 49 48 43 44 51 53 52 51 44 39 30 37 37 35 32 36 35 36 34 37 37 36 34 34 35
66 67 66 68 71 69 69 70 67 66 70 70 66 64 64 64 65 67 67 66 68 66 67 68 68 67 60 52 79 79 78 75 69 68 68 73 71 68 67 66 66 65 64 69 74 74 65 69 62 59 58 57 56 56 54 57 60 61 62 63 62 61 57 58 58 56 53 52 56 55 51 53 53 53 47 39 31 37 38 38 32 30 36 35 35 35 34 36 34 35 34 35
65 65 64 65 68 66 67 70 70 70 70 69 65 64 64 63 67 69 69 67 68 68 65 67 67 59 62 52 77 79 73 70 68 68 68 77 77 76 75 68 66 65 66 64 64 68 63 61 60 60 59 57 57 56 54 53 53 55 60 63 62 62 60 60 60 59 58 57 56 56 55 53 53 53 48 39 31 33 38 38 34 33 36 35 34 35 34 35 35 35 35 34
64 70 68 68 66 64 65 67 65 68 67 68 65 64 63 63 63 68 66 68 68 67 65 66 67 65 66 53 56 78 77 69 68 70 73 77 74 79 76 68 70 66 65 64 64 65 70 70 66 60 58 59 65 57 56 53 52 53 60 63 63 62 62 62 61 59 59 58 59 59 55 52 53 51 48 39 32 33 37 38 37 35 31 32 36 35 29 32 35 33 30 31
64 67 69 66 65 64 63 63 64 64 64 64 65 66 65 63 63 64 64 64 66 64 63 66 67 67 62 57 72 78 71 75 69 77 79 76 74 78 73 72 71 70 68 68 65 64 71 74 71 66 58 57 65 64 55 54 51 55 60 62 61 62 60 60 59 61 59 58 60 59 58 53 51 53 53 52 49 33 34 37 30 32 36 29 32 34 33 41 32 35 37 44
63 64 66 64 63 63 63 64 63 63 63 63 64 64 65 65 63 63 63 64 63 62 65 65 67 67 58 57 55 79 79 75 68 77 46 49 78 71 70 75 74 75 75 73 73 71 71 75 74 70 67 68 68 61 57 53 58 50 53 62 56 60 61 62 60 61 59 57 58 60 59 53 51 51 51 51 52 49 37 38 36 30 36 31 31 33 30 47 30 35 42 49
64 63 63 63 63 63 64 63 63 63 63 63 63 63 63 63 63 63 63 63 62 62 64 67 66 65 60 56 59 50 60 75 74 47 56 61 78 76 68 73 77 78 76 74 76 75 73 76 72 74 72 70 68 64 56 59 61 52 50 55 52 60 62 59 57 59 57 57 58 59 59 55 54 53 53 50 51 50 49 50 50 49 43 33 35 31 35 47 41 40 44 49
66 64 63 62 65 63 65 64 63 63 64 65 64 64 63 63 63 63 63 63 62 62 66 65 65 59 60 65 65 62 52 50 61 61 63 57 54 72 67 72 75 77 77 75 77 76 76 76 75 74 74 72 70 65 60 60 64 56 55 52 47 58 59 54 53 59 59 58 57 54 60 59 57 57 55 58 56 56 54 52 51 56 31 31 48 41 32 49 50 50 48 50
64 64 62 63 63 63 64 63 63 63 63 65 64 64 65 64 64 63 63 63 62 62 62 64 66 66 65 66 66 53 52 63 65 64 56 55 51 50 73 76 75 77 68 53 74 75 76 73 71 68 72 72 70 68 67 64 65 63 59 52 48 47 46 46 44 56 56 57 57 56 58 60 58 55 50 54 55 52 55 59 57 54 46 32 44 49 41 45 50 52 52 56
62 62 62 63 64 64 63 63 63 63 63 63 63 64 64 63 64 64 63 63 62 62 62 62 62 62 65 64 66 65 65 65 65 50 77 77 53 49 70 58 61 57 56 61 76 73 72 72 73 71 72 70 68 65 63 58 63 58 53 50 48 49 47 45 44 45 49 57 57 55 60 61 60 59 57 52 54 49 49 52 50 50 52 42 43 51 50 50 51 51 53 60
65 65 64 63 63 64 63 63 63 62 63 63 63 63 63 64 64 64 64 62 62 63 65 64 66 65 62 62 64 65 65 65 56 75 73 74 71 50 52 61 71 71 75 73 74 74 71 72 74 73 71 68 66 62 58 59 60 57 51 53 48 47 49 46 51 55 53 58 61 60 61 60 61 61 60 56 54 51 52 52 51 52 52 52 46 50 51 52 51 51 52 57
67 66 64 63 63 64 62 62 63 63 63 63 63 64 64 64 65 64 64 63 63 62 63 66 66 64 66 64 62 65 65 58 57 77 70 69 74 53 65 75 63 76 74 74 70 73 71 72 72 72 70 64 61 55 55 54 57 51 53 51 54 48 56 52 61 59 61 59 60 59 59 60 58 61 61 61 60 59 61 61 61 52 57 52 51 52 52 52 52 52 52 53
66 66 63 62 62 65 63 62 63 62 62 63 64 65 64 64 65 63 63 63 63 62 62 65 66 65 65 66 65 65 65 54 62 74 73 71 76 74 76 76 75 75 72 68 70 72 73 68 73 66 71 62 56 55 57 55 52 53 55 49 56 59 62 61 60 61 62 61 59 63 63 63 60 58 59 60 61 61 60 61 62 56 61 62 60 58 52 52 52 52 52 53
68 65 63 63 63 65 63 62 62 62 62 62 63 66 66 65 65 63 64 64 63 63 62 62 63 64 65 63 64 65 65 65 52 76 75 76 76 76 75 74 74 74 73 71 72 73 67 61 59 56 70 68 59 61 55 55 53 56 55 49 51 56 60 62 61 62 61 60 60 63 62 59 61 60 59 59 60 60 63 61 61 61 63 62 62 56 52 53 53 53 53 54
69 67 64 63 64 65 64 64 63 62 63 63 64 64 66 66 65 65 64 64 63 62 63 63 62 63 65 63 65 64 63 53 62 53 70 59 76 74 75 72 75 74 73 64 72 69 55 56 54 65 69 67 68 64 57 54 56 52 54 50 49 50 49 58 61 62 60 61 61 60 60 61 60 62 60 59 61 60 64 64 63 65 64 62 62 62 57 54 53 53 57 62
68 66 65 63 65 67 66 63 63 66 63 64 64 66 66 66 65 65 64 64 64 63 64 63 63 62 62 63 64 62 64 57 54 56 57 67 73 58 57 72 56 56 52 54 61 61 53 53 54 53 54 56 63 62 63 62 61 61 54 51 55 48 50 50 61 61 61 61 58 62 61 61 56 62 63 60 62 60 61 61 64 66 65 65 63 62 63 59 54 54 57 60
69 68 67 68 68 67 66 67 68 67 65 67 67 67 67 66 66 66 65 65 64 64 63 63 63 62 62 64 64 64 56 55 66 56 54 60 58 61 60 58 55 58 61 58 53 71 64 54 54 59 60 55 54 55 56 62 63 60 54 58 57 49 60 62 61 61 63 62 59 58 58 58 58 63 60 60 62 62 63 62 66 67 66 65 63 63 63 57 56 54 57 62
69 67 67 68 68 67 66 67 68 67 68 68 68 67 67 67 66 66 65 65 64 65 64 63 63 63 62 62 64 64 61 55 65 64 54 64 64 64 64 62 63 63 63 53 68 64 55 56 59 60 55 58 54 57 63 58 57 54 60 51 50 50 59 62 62 61 61 62 60 56 59 55 57 62 63 61 60 57 62 63 66 67 66 66 66 65 63 62 63 55 59 63
69 68 69 68 66 66 68 68 68 68 68 68 68 68 67 67 67 66 66 65 65 64 64 64 63 63 63 62 63 65 65 62 61 55 56 63 64 63 63 63 63 63 63 55 58 62 54 58 62 60 59 55 56 55 61 62 58 58 62 52 59 61 63 63 63 61 60 61 56 47 46 59 63 62 62 63 57 57 62 63 64 67 67 66 66 67 63 64 63 60 59 63
70 69 69 67 65 67 69 68 68 68 68 68 68 68 68 67 67 66 66 66 64 64 64 65 64 63 63 63 62 64 64 64 64 64 64 63 64 63 62 62 62 63 63 60 59 61 56 59 62 62 59 61 61 60 56 58 58 60 61 51 56 54 63 63 63 62 61 56 48 44 43 60 59 62 63 60 58 57 63 64 66 67 67 67 66 66 64 65 64 63 63 64
69 69 67 67 67 68 69 69 68 68 68 68 68 68 68 67 67 67 66 66 65 65 65 65 64 64 64 63 62 62 63 62 63 64 63 64 62 63 61 63 63 63 63 61 63 63 63 61 62 62 62 62 61 56 58 57 57 62 61 52 52 51 62 63 62 63 61 61 47 45 48 58 59 60 60 59 59 58 64 65 68 68 67 67 65 64 67 67 64 64 64 64
70 69 68 69 69 69 69 69 69 68 68 68 68 68 68 67 67 67 66 66 66 65 65 65 64 64 64 63 63 62 62 62 63 64 63 61 61 61 61 63 64 63 63 63 62 62 62 62 62 61 62 62 56 62 61 59 61 62 56 56 52 55 62 55 51 62 62 61 53 48 46 46 46 60 60 58 60 58 61 64 65 67 66 64 64 64 67 64 61 57 58 59
70 69 69 69 69 69 69 69 69 69 68 68 68 68 68 67 67 67 66 66 66 66 66 65 65 64 64 64 63 63 62 62 62 62 62 62 62 62 62 63 63 63 62 61 61 60 61 61 62 62 62 62 58 58 61 60 57 60 61 60 56 53 54 49 53 51 62 61 48 46 49 46 45 49 51 60 60 60 60 58 64 64 64 63 58 64 67 64 58 60 54 59
70 70 69 69 69 69 69 69 68 68 68 68 68 68 68 68 68 67 67 67 66 66 66 65 65 65 64 64 64 63 63 63 62 62 62 62 62 62 63 62 61 62 62 61 61 61 62 62 62 62 62 61 62 59 59 60 57 62 59 58 54 56 52 57 57 49 49 47 51 52 50 46 45 46 61 60 49 61 47 54 61 63 58 61 60 62 65 64 61 60 44 43
70 70 70 69 69 69 69 69 69 69 68 68 68 68 68 68 67 67 67 67 66 66 66 65 65 65 64 64 64 64 63 63 63 63 62 62 62 62 64 62 61 61 61 61 61 62 63 62 61 61 62 62 62 60 61 61 59 60 62 59 59 60 59 59 58 55 49 56 56 51 46 46 52 58 59 54 44 44 52 44 61 58 49 44 57 59 64 64 59 53 42 42
-9999 -9999 -9999 -9999 69 69 69 69 69 69 69 68 68 68 68 68 67 67 67 67 66 66 66 66 65 65 65 64 64 64 64 63 63 63 62 62 62 62 62 62 62 61 61 61 61 62 63 61 61 61 62 62 63 61 62 58 58 60 58 61 60 59 59 59 59 58 58 59 55 49 47 50 59 47 46 47 46 45 44 44 44 43 43 43 47 63 61 60 59 43 43 44
