worldclim/bio18_cr.asc
ncols        411
nrows        382
xllcorner    -85.979072453958
yllcorner    8.036441368777
cellsize     0.008333330000
NODATA_value  -9999
[rows 76 to 113 of 382, columns 255 to 339 of 411]
691 697 700 703 706 711 713 718 721 731 731 737 744 746 758 763 768 761 749 752 757 762 765 765 768 770 771 774 773 776 778 780 779 780 782 783 784 785 785 781 -9999 -9999 -9999 -9999 -9999 -9999 -9999 -9999 -9999 -9999 -9999 -9999 -9999 -9999 -9999 -9999 -9999 -9999 -9999 -9999 -9999 -9999 -9999 -9999 -9999 -9999 -9999 -9999 -9999 -9999 -9999 -9999 -9999 -9999 -9999 -9999 -9999 -9999 -9999 -9999 -9999 -9999 -9999 -9999 -9999
693 698 701 703 707 710 713 716 722 730 728 735 734 738 748 744 758 747 753 756 756 757 757 763 766 767 766 769 771 774 775 775 777 779 779 780 780 783 785 781 -9999 -9999 -9999 -9999 -9999 -9999 -9999 -9999 -9999 -9999 -9999 -9999 -9999 -9999 -9999 -9999 -9999 -9999 -9999 -9999 -9999 -9999 -9999 -9999 -9999 -9999 -9999 -9999 -9999 -9999 -9999 -9999 -9999 -9999 -9999 -9999 -9999 -9999 -9999 -9999 -9999 -9999 -9999 -9999 -9999
696 702 704 706 709 711 714 719 728 727 730 734 738 738 738 740 742 745 752 756 751 756 760 760 760 762 763 768 771 771 769 775 775 777 777 777 777 777 779 781 776 -9999 -9999 -9999 -9999 -9999 -9999 -9999 -9999 -9999 -9999 -9999 -9999 -9999 -9999 -9999 -9999 -9999 -9999 -9999 -9999 -9999 -9999 -9999 -9999 -9999 -9999 -9999 -9999 -9999 -9999 -9999 -9999 -9999 -9999 -9999 -9999 -9999 -9999 -9999 -9999 -9999 -9999 -9999 -9999
699 702 703 709 713 712 715 717 724 724 726 729 731 737 741 743 740 741 744 749 748 751 758 761 754 757 758 763 765 768 770 772 771 774 774 773 773 775 775 776 773 -9999 -9999 -9999 -9999 -9999 -9999 -9999 -9999 -9999 -9999 -9999 -9999 -9999 -9999 -9999 -9999 -9999 -9999 -9999 -9999 -9999 -9999 -9999 -9999 -9999 -9999 -9999 -9999 -9999 -9999 -9999 -9999 -9999 -9999 -9999 -9999 -9999 -9999 -9999 -9999 -9999 -9999 -9999 -9999
700 705 705 709 717 715 716 720 721 726 727 728 736 734 738 741 739 741 747 749 746 747 756 757 759 753 756 757 760 760 763 766 765 771 769 770 770 772 773 773 774 770 -9999 -9999 -9999 -9999 -9999 -9999 -9999 -9999 -9999 -9999 -9999 -9999 -9999 -9999 -9999 -9999 -9999 -9999 -9999 -9999 -9999 -9999 -9999 -9999 -9999 -9999 -9999 -9999 -9999 -9999 -9999 -9999 -9999 -9999 -9999 -9999 -9999 -9999 -9999 -9999 -9999 -9999 -9999
703 706 710 713 719 717 717 719 723 725 729 729 734 733 735 735 738 739 744 742 748 748 754 752 758 759 754 755 756 759 759 760 765 768 769 769 770 770 773 771 773 768 -9999 -9999 -9999 -9999 -9999 -9999 -9999 -9999 -9999 -9999 -9999 -9999 -9999 -9999 -9999 -9999 -9999 -9999 -9999 -9999 -9999 -9999 -9999 -9999 -9999 -9999 -9999 -9999 -9999 -9999 -9999 -9999 -9999 -9999 -9999 -9999 -9999 -9999 -9999 -9999 -9999 -9999 -9999
706 708 711 716 721 720 720 721 723 724 727 734 728 731 731 736 735 738 740 740 743 746 750 753 754 757 752 752 753 756 755 757 758 763 767 764 765 764 766 767 770 769 765 -9999 -9999 -9999 -9999 -9999 -9999 -9999 -9999 -9999 -9999 -9999 -9999 -9999 -9999 -9999 -9999 -9999 -9999 -9999 -9999 -9999 -9999 -9999 -9999 -9999 -9999 -9999 -9999 -9999 -9999 -9999 -9999 -9999 -9999 -9999 -9999 -9999 -9999 -9999 -9999 -9999 -9999
710 711 717 720 723 716 721 720 722 723 730 735 731 728 737 733 735 736 738 741 742 742 743 745 746 747 748 756 751 751 758 758 760 761 759 760 763 763 763 765 766 766 766 -9999 -9999 -9999 -9999 -9999 -9999 -9999 -9999 -9999 -9999 -9999 -9999 -9999 -9999 -9999 -9999 -9999 -9999 -9999 -9999 -9999 -9999 -9999 -9999 -9999 -9999 -9999 -9999 -9999 -9999 -9999 -9999 -9999 -9999 -9999 -9999 -9999 -9999 -9999 -9999 -9999 -9999
710 711 713 721 722 718 719 721 727 728 728 730 728 728 731 733 735 737 742 738 738 742 742 742 743 744 746 746 747 747 750 754 752 751 759 760 759 760 760 760 760 766 763 757 -9999 -9999 -9999 -9999 -9999 -9999 -9999 -9999 -9999 -9999 -9999 -9999 -9999 -9999 -9999 -9999 -9999 -9999 -9999 -9999 -9999 -9999 -9999 -9999 -9999 -9999 -9999 -9999 -9999 -9999 -9999 -9999 -9999 -9999 -9999 -9999 -9999 -9999 -9999 -9999 -9999
712 715 715 717 717 719 719 725 729 727 725 725 726 728 728 731 733 736 734 736 737 743 738 738 740 741 742 744 745 745 746 748 748 748 754 751 752 758 755 758 756 757 760 759 -9999 -9999 -9999 -9999 -9999 -9999 -9999 -9999 -9999 -9999 -9999 -9999 -9999 -9999 -9999 -9999 -9999 -9999 -9999 -9999 -9999 -9999 -9999 -9999 -9999 -9999 -9999 -9999 -9999 -9999 -9999 -9999 -9999 -9999 -9999 -9999 -9999 -9999 -9999 -9999 -9999
718 718 717 717 719 719 719 724 722 723 731 728 725 731 728 728 730 731 730 733 734 735 738 740 738 739 740 740 742 743 743 743 745 747 747 749 754 754 753 754 756 754 756 756 756 -9999 -9999 -9999 -9999 -9999 -9999 -9999 -9999 -9999 -9999 -9999 -9999 -9999 -9999 -9999 -9999 -9999 -9999 -9999 -9999 -9999 -9999 -9999 -9999 -9999 -9999 -9999 -9999 -9999 -9999 -9999 -9999 -9999 -9999 -9999 -9999 -9999 -9999 -9999 -9999
717 719 719 718 720 720 721 722 721 724 726 724 724 724 725 728 727 727 728 730 731 733 741 742 735 737 746 739 739 739 741 741 742 742 744 744 748 749 753 751 750 751 752 755 753 -9999 -9999 -9999 -9999 -9999 -9999 -9999 -9999 -9999 -9999 -9999 -9999 -9999 -9999 -9999 -9999 -9999 -9999 -9999 -9999 -9999 -9999 -9999 -9999 -9999 -9999 -9999 -9999 -9999 -9999 -9999 -9999 -9999 -9999 -9999 -9999 -9999 -9999 -9999 -9999
719 719 720 726 723 721 720 723 722 725 724 723 724 725 726 725 724 727 726 727 729 729 730 731 733 734 736 735 736 736 738 738 742 739 742 746 745 745 760 748 748 748 749 752 752 750 -9999 -9999 -9999 -9999 -9999 -9999 -9999 -9999 -9999 -9999 -9999 -9999 -9999 -9999 -9999 -9999 -9999 -9999 -9999 -9999 -9999 -9999 -9999 -9999 -9999 -9999 -9999 -9999 -9999 -9999 -9999 -9999 -9999 -9999 -9999 -9999 -9999 -9999 -9999
722 722 723 725 726 724 721 724 720 722 721 727 723 722 723 722 724 724 725 725 727 727 728 729 730 731 732 732 734 735 735 734 740 736 738 743 740 743 771 768 747 744 744 747 750 747 -9999 -9999 -9999 -9999 -9999 -9999 -9999 -9999 -9999 -9999 -9999 -9999 -9999 -9999 -9999 -9999 -9999 -9999 -9999 -9999 -9999 -9999 -9999 -9999 -9999 -9999 -9999 -9999 -9999 -9999 -9999 -9999 -9999 -9999 -9999 -9999 -9999 -9999 -9999
723 725 723 723 726 723 721 726 721 722 722 722 721 722 722 721 720 722 723 723 724 726 726 728 727 728 730 729 730 730 732 732 733 732 735 737 736 739 749 766 741 740 741 743 746 746 746 -9999 -9999 -9999 -9999 -9999 -9999 -9999 -9999 -9999 -9999 -9999 -9999 -9999 -9999 -9999 -9999 -9999 -9999 -9999 -9999 -9999 -9999 -9999 -9999 -9999 -9999 -9999 -9999 -9999 -9999 -9999 -9999 -9999 -9999 -9999 -9999 -9999 -9999
725 726 726 726 722 724 729 721 720 720 723 719 721 720 719 721 720 720 721 721 721 722 722 724 724 726 726 726 727 727 728 728 730 730 737 736 741 739 740 765 739 740 737 738 740 743 743 -9999 -9999 -9999 -9999 -9999 -9999 -9999 -9999 -9999 -9999 -9999 -9999 -9999 -9999 -9999 -9999 -9999 -9999 -9999 -9999 -9999 -9999 -9999 -9999 -9999 -9999 -9999 -9999 -9999 -9999 -9999 -9999 -9999 -9999 -9999 -9999 -9999 -9999
729 727 726 724 724 724 720 720 728 720 719 719 719 718 718 719 718 718 719 718 719 719 720 721 723 722 724 723 724 724 723 725 725 735 737 737 737 739 756 782 753 736 736 735 736 739 741 740 -9999 -9999 -9999 -9999 -9999 -9999 -9999 -9999 -9999 -9999 -9999 -9999 -9999 -9999 -9999 -9999 -9999 -9999 -9999 -9999 -9999 -9999 -9999 -9999 -9999 -9999 -9999 -9999 -9999 -9999 -9999 -9999 -9999 -9999 -9999 -9999 -9999
731 727 728 725 724 723 721 720 719 718 717 717 717 717 716 716 715 715 717 717 716 715 717 719 718 719 720 720 721 721 720 721 724 733 734 735 737 766 762 805 759 733 733 732 734 736 737 740 734 -9999 -9999 -9999 -9999 -9999 -9999 -9999 -9999 -9999 -9999 -9999 -9999 -9999 -9999 -9999 -9999 -9999 -9999 -9999 -9999 -9999 -9999 -9999 -9999 -9999 -9999 -9999 -9999 -9999 -9999 -9999 -9999 -9999 -9999 -9999 -9999
731 730 727 729 728 722 721 721 719 718 716 716 716 715 715 714 714 715 714 713 714 715 714 716 715 716 717 717 717 717 719 718 725 728 731 728 730 760 788 777 750 731 731 731 731 731 733 737 737 -9999 -9999 -9999 -9999 -9999 -9999 -9999 -9999 -9999 -9999 -9999 -9999 -9999 -9999 -9999 -9999 -9999 -9999 -9999 -9999 -9999 -9999 -9999 -9999 -9999 -9999 -9999 -9999 -9999 -9999 -9999 -9999 -9999 -9999 -9999 -9999
737 732 729 728 729 723 723 723 719 717 717 716 714 714 714 712 711 713 712 710 711 711 712 712 713 714 713 714 713 715 716 715 724 726 727 730 738 774 808 750 728 726 727 727 727 730 729 731 734 734 -9999 -9999 -9999 -9999 -9999 -9999 -9999 -9999 -9999 -9999 -9999 -9999 -9999 -9999 -9999 -9999 -9999 -9999 -9999 -9999 -9999 -9999 -9999 -9999 -9999 -9999 -9999 -9999 -9999 -9999 -9999 -9999 -9999 -9999 -9999
739 733 732 730 727 723 722 721 717 717 716 714 711 713 711 710 709 709 709 707 709 709 709 708 709 711 710 710 711 712 713 713 721 729 746 740 734 763 802 765 774 722 723 724 725 726 726 727 730 732 728 -9999 -9999 -9999 -9999 -9999 -9999 -9999 -9999 -9999 -9999 -9999 -9999 -9999 -9999 -9999 -9999 -9999 -9999 -9999 -9999 -9999 -9999 -9999 -9999 -9999 -9999 -9999 -9999 -9999 -9999 -9999 -9999 -9999 -9999
738 734 733 728 726 723 719 719 715 715 714 712 711 708 708 707 706 706 706 706 704 706 707 706 706 707 706 708 707 709 708 709 718 717 723 751 742 771 792 741 723 720 720 721 721 723 724 724 725 730 729 -9999 -9999 -9999 -9999 -9999 -9999 -9999 -9999 -9999 -9999 -9999 -9999 -9999 -9999 -9999 -9999 -9999 -9999 -9999 -9999 -9999 -9999 -9999 -9999 -9999 -9999 -9999 -9999 -9999 -9999 -9999 -9999 -9999 -9999
739 737 732 729 727 723 720 717 716 714 712 710 708 706 706 705 705 704 704 703 703 702 704 702 702 703 704 704 704 705 705 709 717 714 718 734 785 756 784 751 733 718 719 719 719 720 720 721 724 727 730 728 -9999 -9999 -9999 -9999 -9999 -9999 -9999 -9999 -9999 -9999 -9999 -9999 -9999 -9999 -9999 -9999 -9999 -9999 -9999 -9999 -9999 -9999 -9999 -9999 -9999 -9999 -9999 -9999 -9999 -9999 -9999 -9999 -9999
740 739 733 729 725 721 718 715 714 712 710 707 706 705 703 702 703 701 700 700 700 699 701 699 700 700 701 702 700 702 701 704 735 730 721 708 710 710 734 726 714 714 714 715 717 717 718 721 723 724 724 727 722 -9999 -9999 -9999 -9999 -9999 -9999 -9999 -9999 -9999 -9999 -9999 -9999 -9999 -9999 -9999 -9999 -9999 -9999 -9999 -9999 -9999 -9999 -9999 -9999 -9999 -9999 -9999 -9999 -9999 -9999 -9999 -9999
741 738 733 730 725 720 717 716 713 710 708 705 704 702 701 700 700 698 698 697 697 698 696 697 697 697 697 697 698 698 701 715 740 730 714 700 707 708 708 709 709 711 711 713 713 714 717 717 718 721 722 725 724 -9999 -9999 -9999 -9999 -9999 -9999 -9999 -9999 -9999 -9999 -9999 -9999 -9999 -9999 -9999 -9999 -9999 -9999 -9999 -9999 -9999 -9999 -9999 -9999 -9999 -9999 -9999 -9999 -9999 -9999 -9999 -9999
742 738 734 730 723 721 715 713 713 708 706 703 701 699 699 697 697 695 695 693 694 694 693 694 692 694 695 694 694 696 696 695 712 730 695 700 700 703 704 710 707 707 708 705 706 711 713 714 717 718 719 719 722 723 -9999 -9999 -9999 -9999 -9999 -9999 -9999 -9999 -9999 -9999 -9999 -9999 -9999 -9999 -9999 -9999 -9999 -9999 -9999 -9999 -9999 -9999 -9999 -9999 -9999 -9999 -9999 -9999 -9999 -9999 -9999
742 739 733 728 722 720 715 712 709 706 703 701 698 696 694 695 694 692 692 690 691 692 692 691 690 690 691 692 694 692 691 693 697 723 691 691 698 698 701 706 704 700 700 706 707 708 710 711 713 715 715 716 719 722 718 -9999 -9999 -9999 -9999 -9999 -9999 -9999 -9999 -9999 -9999 -9999 -9999 -9999 -9999 -9999 -9999 -9999 -9999 -9999 -9999 -9999 -9999 -9999 -9999 -9999 -9999 -9999 -9999 -9999 -9999
743 738 733 727 721 716 713 710 706 703 700 697 697 694 692 691 691 689 688 688 688 687 688 687 687 687 687 688 688 688 687 689 761 700 694 696 695 694 700 699 697 697 698 700 703 707 707 708 710 712 713 715 716 718 721 -9999 -9999 -9999 -9999 -9999 -9999 -9999 -9999 -9999 -9999 -9999 -9999 -9999 -9999 -9999 -9999 -9999 -9999 -9999 -9999 -9999 -9999 -9999 -9999 -9999 -9999 -9999 -9999 -9999 -9999
743 738 732 725 721 714 709 707 704 700 698 696 692 691 690 689 686 686 686 685 685 684 685 684 684 684 684 685 685 684 685 687 740 771 686 686 687 695 696 691 693 693 694 696 700 700 704 707 708 709 712 713 715 717 719 720 -9999 -9999 -9999 -9999 -9999 -9999 -9999 -9999 -9999 -9999 -9999 -9999 -9999 -9999 -9999 -9999 -9999 -9999 -9999 -9999 -9999 -9999 -9999 -9999 -9999 -9999 -9999 -9999 -9999
742 736 730 724 719 713 709 706 700 697 694 691 689 688 686 685 684 684 683 682 681 681 681 682 680 681 681 682 681 682 683 686 741 717 692 683 683 687 694 687 696 690 693 693 694 702 702 703 705 708 709 711 713 715 716 718 720 -9999 -9999 -9999 -9999 -9999 -9999 -9999 -9999 -9999 -9999 -9999 -9999 -9999 -9999 -9999 -9999 -9999 -9999 -9999 -9999 -9999 -9999 -9999 -9999 -9999 -9999 -9999 -9999
744 735 729 723 718 712 706 702 699 693 689 689 686 685 684 682 682 682 681 679 679 679 679 678 678 678 678 678 677 678 679 679 704 678 686 679 681 683 683 684 685 691 689 690 696 702 702 701 702 704 705 707 710 712 714 716 717 714 -9999 -9999 -9999 -9999 -9999 -9999 -9999 -9999 -9999 -9999 -9999 -9999 -9999 -9999 -9999 -9999 -9999 -9999 -9999 -9999 -9999 -9999 -9999 -9999 -9999 -9999 -9999
742 734 729 723 716 709 704 698 694 691 688 687 684 686 683 680 680 680 679 678 676 676 676 676 675 675 675 675 676 677 675 676 677 689 676 677 679 679 682 682 688 686 685 686 693 699 692 698 700 701 703 706 708 711 712 715 716 716 -9999 -9999 -9999 -9999 -9999 -9999 -9999 -9999 -9999 -9999 -9999 -9999 -9999 -9999 -9999 -9999 -9999 -9999 -9999 -9999 -9999 -9999 -9999 -9999 -9999 -9999 -9999
742 735 727 725 714 708 704 694 690 688 687 683 682 685 681 678 678 676 676 674 673 673 672 671 673 671 671 672 672 673 671 672 674 675 674 675 676 676 678 679 679 681 682 685 686 695 691 696 697 699 700 704 707 709 711 713 715 713 714 -9999 -9999 -9999 -9999 -9999 -9999 -9999 -9999 -9999 -9999 -9999 -9999 -9999 -9999 -9999 -9999 -9999 -9999 -9999 -9999 -9999 -9999 -9999 -9999 -9999 -9999
741 735 730 721 715 709 699 695 687 684 684 683 682 682 679 679 676 674 673 671 672 674 670 670 669 670 670 671 670 669 669 668 670 672 673 672 672 673 674 675 677 678 680 682 688 688 692 693 695 696 700 701 705 707 705 707 710 709 715 713 -9999 -9999 -9999 -9999 -9999 -9999 -9999 -9999 -9999 -9999 -9999 -9999 -9999 -9999 -9999 -9999 -9999 -9999 -9999 -9999 -9999 -9999 -9999 -9999 -9999
744 736 730 723 718 710 701 696 688 690 686 683 680 679 678 675 673 673 670 668 667 667 666 666 666 667 667 667 666 665 665 667 668 667 668 670 670 672 671 674 673 674 677 679 684 685 689 688 692 693 697 701 703 704 705 706 708 709 710 712 712 -9999 -9999 -9999 -9999 -9999 -9999 -9999 -9999 -9999 -9999 -9999 -9999 -9999 -9999 -9999 -9999 -9999 -9999 -9999 -9999 -9999 -9999 -9999 -9999
749 736 732 725 720 714 708 701 697 699 687 684 683 681 679 675 674 671 669 666 665 667 664 663 663 663 663 663 664 664 662 663 664 665 666 667 667 668 667 669 671 671 672 675 676 682 681 682 686 690 692 695 699 701 705 709 711 711 710 712 713 712 -9999 -9999 -9999 -9999 -9999 -9999 -9999 -9999 -9999 -9999 -9999 -9999 -9999 -9999 -9999 -9999 -9999 -9999 -9999 -9999 -9999 -9999 -9999
747 741 740 731 726 719 715 708 704 701 696 690 684 684 678 677 675 672 669 664 663 661 661 661 661 659 659 660 660 660 661 665 660 662 663 663 664 664 666 666 667 668 675 672 673 681 682 682 686 688 691 693 700 702 705 704 704 708 707 712 714 712 712 -9999 -9999 -9999 -9999 -9999 -9999 -9999 -9999 -9999 -9999 -9999 -9999 -9999 -9999 -9999 -9999 -9999 -9999 -9999 -9999 -9999 -9999
749 745 740 737 729 724 720 716 711 705 702 694 692 685 681 680 676 671 667 665 662 661 661 659 659 658 657 658 659 658 659 659 659 660 660 660 662 663 662 663 663 664 670 668 670 678 680 682 684 685 690 695 698 701 701 702 704 706 708 711 713 714 714 711 -9999 -9999 -9999 -9999 -9999 -9999 -9999 -9999 -9999 -9999 -9999 -9999 -9999 -9999 -9999 -9999 -9999 -9999 -9999 -9999 -9999
