worldclim/bio11_cr.asc
ncols        411
nrows        382
xllcorner    -85.979072453958
yllcorner    8.036441368777
cellsize     0.008333330000
NODATA_value  -9999
[rows 78 to 116 of 382, columns 86 to 171 of 411]
250 251 252 250 249 250 250 249 250 249 250 250 251 252 253 248 246 245 245 244 243 242 242 236 234 228 228 222 220 220 218 220 220 224 224 219 216 218 221 222 219 219 220 216 214 214 213 214 215 217 219 219 221 219 221 221 224 227 231 237 241 245 242 237 232 234 237 236 238 241 243 242 242 243 243 243 244 245 245 244 247 248 249 248 249 248
252 252 251 252 251 250 251 251 252 251 252 253 253 253 253 248 248 247 246 247 245 245 242 238 236 231 230 225 224 224 221 221 222 223 227 227 221 223 225 226 224 226 224 221 218 218 216 213 212 215 216 217 217 217 219 219 223 228 232 238 242 244 238 235 231 232 234 232 233 239 241 237 241 241 241 243 243 244 244 245 246 248 247 248 248 248
253 252 252 252 252 251 252 253 252 252 255 254 254 253 254 250 249 248 248 248 247 246 243 241 237 234 232 232 229 223 216 223 223 227 227 227 227 227 226 226 226 226 225 223 224 220 218 216 214 214 216 217 216 215 216 218 222 230 232 237 238 242 237 233 229 228 230 229 233 236 235 235 236 237 240 241 242 241 242 242 244 246 245 245 248 248
254 253 253 254 253 252 253 253 254 254 254 254 254 254 251 250 251 250 250 249 248 247 243 240 238 234 235 235 229 226 221 222 219 227 227 227 227 227 227 227 227 226 226 226 224 220 220 217 213 214 214 214 213 214 214 218 220 225 235 233 238 236 233 223 224 225 227 231 232 231 231 232 232 232 236 240 239 239 240 242 244 246 246 247 246 247
254 254 254 254 253 255 254 255 255 257 255 255 255 255 251 253 252 251 251 248 248 247 245 243 241 237 235 236 232 228 226 220 217 224 227 227 227 227 227 227 227 226 226 226 226 224 222 218 215 214 213 212 211 211 214 216 220 222 228 230 234 230 225 224 226 227 225 226 228 229 231 234 235 235 236 238 241 243 242 243 243 241 243 247 248 248
254 254 255 255 255 256 256 256 257 257 256 257 256 255 253 253 252 251 252 248 247 248 247 242 239 240 238 236 233 230 229 220 218 218 224 224 227 227 227 227 227 227 226 226 226 226 226 221 217 215 213 212 209 211 212 212 216 220 222 228 227 222 221 218 221 226 227 230 231 238 237 237 238 239 239 241 242 243 243 244 247 248 245 244 248 250
254 255 255 256 256 256 257 257 257 256 257 257 257 255 255 254 252 251 254 248 250 248 246 244 240 240 239 237 236 232 225 223 220 218 219 220 223 227 227 226 227 227 227 226 226 226 226 226 223 221 214 214 211 211 212 214 214 216 218 224 222 219 219 222 223 230 234 233 236 235 237 244 242 243 244 246 245 247 246 248 248 246 248 248 248 249
254 256 256 256 257 257 258 258 258 258 258 258 257 255 256 254 253 255 250 247 248 247 248 244 241 240 237 238 237 232 229 222 222 224 220 219 220 225 226 224 227 227 227 227 226 226 226 226 226 226 220 215 212 211 210 211 211 212 214 217 215 219 222 230 230 235 231 232 235 238 240 241 242 243 245 245 246 247 248 249 248 249 250 249 249 251
256 256 256 256 257 257 258 258 258 258 258 257 258 257 258 255 255 252 254 248 246 251 252 247 241 242 237 235 234 230 227 224 227 227 222 218 218 218 219 222 223 222 226 227 226 226 226 226 226 226 223 214 213 212 211 211 212 212 214 215 217 216 224 229 228 229 230 230 237 238 240 241 242 243 243 245 246 247 248 249 250 250 251 251 251 252
255 255 257 257 257 258 258 258 258 258 258 259 259 259 258 258 256 255 256 254 252 245 244 243 246 243 237 235 234 230 229 227 229 228 226 222 219 217 217 215 214 215 218 222 221 221 223 226 226 226 226 219 216 214 212 213 212 216 216 218 223 226 226 225 227 225 223 223 233 236 239 240 241 243 245 245 246 246 248 248 250 250 251 251 251 251
256 256 256 257 258 258 258 259 258 259 259 259 259 259 259 259 259 259 255 257 255 252 245 242 242 241 238 236 234 231 231 231 231 231 227 225 223 219 216 214 211 210 215 214 211 210 216 222 225 226 226 222 220 219 217 216 217 215 220 224 227 227 226 222 222 220 217 221 229 233 238 239 241 243 244 246 246 247 248 249 249 250 251 251 252 252
256 257 257 257 257 258 259 259 259 259 259 259 259 260 259 259 259 259 259 254 257 255 245 242 242 241 241 235 235 236 235 237 233 230 228 226 225 219 215 211 208 208 212 210 208 206 207 217 223 226 226 226 224 222 221 218 220 220 226 226 227 227 225 221 216 209 207 208 219 231 237 239 241 243 244 245 246 247 248 249 250 251 251 252 252 252
257 257 257 258 259 259 259 259 259 259 260 260 260 260 260 259 261 259 260 258 257 256 253 251 253 250 241 240 237 244 241 239 234 228 229 228 223 222 217 212 210 207 207 205 209 208 207 215 221 226 226 226 226 226 226 226 226 226 226 226 224 225 225 222 216 200 181 193 215 229 234 238 240 242 244 245 246 248 248 250 250 251 251 252 252 252
257 257 259 258 258 259 259 259 260 260 260 260 261 260 260 260 261 259 259 256 255 252 250 246 246 245 251 246 247 247 240 242 238 234 229 225 222 220 215 211 208 206 203 207 208 212 213 215 222 226 223 226 226 227 226 226 226 226 226 226 226 226 225 223 218 209 198 205 214 223 231 235 239 241 243 244 247 248 249 250 250 251 251 251 252 252
257 257 258 258 259 259 259 260 259 260 260 260 261 261 261 261 260 260 260 259 258 252 250 251 248 250 247 246 245 240 236 239 236 230 228 223 221 219 215 210 206 203 204 209 212 213 217 216 226 222 217 220 221 225 226 226 226 226 226 226 225 226 226 224 221 218 215 211 204 216 227 234 235 238 240 244 248 249 250 250 251 251 251 252 252 252
257 258 258 258 258 259 259 260 260 260 260 260 260 261 262 261 260 260 260 259 259 257 256 256 256 255 249 251 251 248 242 235 235 232 228 225 222 218 216 210 204 203 204 207 212 217 222 221 223 218 218 218 216 215 221 221 223 226 226 226 226 226 226 225 223 220 216 217 201 212 226 230 231 233 239 242 243 247 249 250 251 251 251 252 252 252
258 259 258 259 259 259 260 260 260 261 261 261 261 261 261 261 260 261 260 259 259 259 253 251 245 242 245 239 240 244 248 244 239 232 230 221 219 218 216 211 208 205 205 206 212 221 220 218 220 215 211 213 211 218 219 216 215 226 226 226 226 225 224 221 218 216 217 216 213 219 220 222 223 226 231 236 240 246 246 248 248 249 250 251 253 252
259 259 259 259 260 260 260 260 261 261 261 261 261 261 262 261 260 260 260 260 259 259 254 250 243 241 237 239 233 236 241 246 243 243 237 231 231 223 217 212 207 206 202 205 204 210 215 213 216 214 206 198 204 207 210 209 216 220 224 219 222 221 219 213 207 205 207 206 211 213 209 214 217 221 228 233 239 242 243 247 249 249 251 251 251 251
259 259 260 260 260 260 260 261 261 261 261 261 262 261 261 261 261 261 260 260 260 257 254 254 246 242 241 234 227 232 237 239 242 238 241 237 235 228 225 212 208 204 203 204 199 205 215 213 205 205 199 195 196 202 204 205 207 211 220 218 218 215 216 208 202 198 200 198 207 208 201 201 204 216 223 228 235 239 242 245 247 248 249 250 251 251
259 259 260 259 260 260 260 261 261 261 261 261 261 261 261 261 261 261 261 260 259 256 256 255 247 250 246 242 233 234 231 228 238 237 230 225 229 234 224 215 210 207 206 204 195 200 206 207 198 196 197 192 192 200 211 211 216 218 220 215 209 210 204 207 208 203 198 202 202 197 193 191 198 212 222 229 232 239 241 244 245 247 249 250 250 250
256 259 260 259 260 260 260 260 261 261 261 261 261 262 261 261 261 261 261 261 260 259 257 250 253 249 246 244 237 242 235 231 232 233 231 226 223 222 229 221 217 205 207 202 198 193 204 211 199 198 195 194 186 192 198 205 205 217 214 205 201 197 205 199 194 201 193 196 197 193 194 204 201 210 225 227 231 236 241 243 246 248 250 250 250 250
256 259 260 258 259 260 260 261 261 261 261 261 261 262 261 261 261 261 261 261 261 260 257 248 253 251 250 250 248 243 236 232 227 225 222 224 220 219 229 223 220 216 209 203 196 193 198 204 206 197 198 195 191 187 191 197 206 215 216 202 196 190 189 194 195 193 186 188 191 194 199 205 211 216 216 222 234 237 238 240 245 247 248 249 249 249
259 259 260 260 260 260 260 260 261 261 261 261 261 262 261 261 261 261 261 261 261 260 260 259 249 252 254 247 241 233 232 224 224 222 222 223 214 217 224 214 209 214 210 205 200 192 188 196 199 187 187 198 189 183 190 202 208 214 205 199 193 184 181 178 183 182 188 198 197 203 211 210 205 208 215 223 233 233 235 239 242 246 247 248 249 249
260 260 259 260 260 260 260 260 261 261 261 261 261 261 262 262 262 261 261 261 261 260 258 254 254 255 249 239 231 228 233 225 224 224 221 219 212 210 219 214 200 207 214 207 202 197 191 188 189 184 181 186 183 182 183 197 198 205 209 191 187 181 175 170 177 178 187 200 206 211 218 220 216 217 222 225 231 231 234 238 243 245 246 246 248 246
260 260 259 260 260 260 260 261 261 261 261 261 261 262 262 262 262 261 261 261 261 259 258 257 258 257 247 246 240 234 237 226 226 232 230 221 214 206 213 207 203 206 211 210 203 199 190 189 188 183 176 183 180 180 180 187 191 193 202 197 186 174 171 166 176 177 185 193 191 203 213 225 224 228 233 239 233 226 234 239 242 243 245 245 245 247
259 260 259 260 260 261 260 260 261 261 261 261 262 262 262 262 262 262 261 261 260 259 259 258 258 251 254 254 250 247 236 229 239 237 234 230 220 219 223 214 201 199 206 204 204 203 200 195 191 185 177 178 179 177 176 173 171 192 198 199 186 180 176 174 184 181 190 191 196 203 211 218 227 233 223 217 221 226 232 237 241 243 244 245 246 247
259 259 259 260 260 261 260 260 261 261 261 261 262 262 262 261 261 262 261 261 261 260 260 258 258 255 254 254 244 241 241 242 241 232 228 225 224 226 229 215 209 201 202 204 198 197 201 203 193 184 179 178 177 174 174 171 172 180 185 182 184 178 174 177 185 190 199 197 203 207 216 227 230 225 212 208 216 223 230 237 240 243 244 245 246 247
254 258 254 260 260 261 260 260 261 261 261 261 261 261 262 262 261 262 261 261 260 260 259 258 255 255 253 252 249 251 249 242 239 232 228 228 228 232 224 214 209 212 201 200 198 199 196 199 194 185 182 177 178 173 169 169 170 173 174 175 176 173 175 188 191 200 205 203 208 218 226 220 224 219 215 206 209 219 225 233 238 242 243 245 246 247
259 258 258 257 256 258 260 260 260 261 261 261 261 261 261 262 262 262 261 261 260 256 256 255 255 255 257 256 253 249 247 241 238 234 232 231 235 228 224 219 213 212 212 211 209 201 198 195 193 186 182 182 180 176 164 167 165 171 170 171 172 180 183 179 200 206 209 207 214 224 217 210 209 211 205 208 212 219 225 234 236 241 242 244 246 247
258 259 259 259 259 260 261 261 260 261 261 261 261 261 261 261 262 262 261 261 261 260 260 258 259 258 256 254 249 244 246 244 241 237 236 237 233 231 227 218 227 224 222 221 212 207 203 196 186 189 190 185 181 175 169 163 166 163 168 171 175 183 191 196 203 214 219 218 215 212 208 197 190 197 209 206 211 219 225 229 233 237 242 241 245 246
259 259 259 260 259 260 260 261 261 260 261 261 261 261 261 261 261 261 261 261 260 260 260 259 259 258 256 254 252 244 248 245 245 242 240 237 230 231 229 224 232 227 228 217 213 205 204 200 191 194 190 187 184 180 175 168 169 170 176 181 181 187 195 207 211 214 213 211 204 203 192 198 210 210 210 220 223 225 224 230 231 235 239 241 242 243
258 258 259 260 259 260 260 260 261 260 261 260 261 261 261 261 261 261 261 261 261 261 260 259 259 256 257 255 256 252 250 246 251 247 240 240 239 236 231 227 226 235 233 218 220 209 209 204 197 203 192 194 186 183 177 175 169 172 184 189 192 199 209 210 211 204 207 204 199 199 194 202 205 208 202 205 218 222 225 225 226 229 235 239 241 242
258 258 259 259 260 259 260 260 260 261 261 261 261 261 261 261 261 261 260 260 261 261 261 260 260 257 257 256 255 254 246 252 251 254 246 244 243 234 233 229 229 233 228 227 227 219 212 213 204 209 200 202 184 184 178 176 177 178 191 196 200 200 197 198 201 198 200 199 187 185 184 194 195 191 196 208 211 215 221 219 224 228 230 236 240 238
259 258 259 259 259 259 259 260 260 261 261 261 261 261 261 261 261 261 260 260 260 261 260 260 259 257 257 255 253 251 252 250 245 254 254 254 250 243 240 243 241 240 238 231 226 219 219 221 218 212 204 205 205 191 197 193 183 178 188 195 192 188 190 192 191 186 195 187 177 174 183 187 184 193 199 204 212 208 220 220 222 227 230 232 235 234
258 259 259 259 259 259 259 259 260 260 260 260 261 261 260 260 261 261 261 260 260 260 260 260 260 259 256 256 256 255 255 255 252 254 256 253 254 253 249 244 235 230 230 223 220 227 224 225 214 203 201 210 213 208 200 199 190 179 178 183 181 178 187 181 176 177 189 181 175 172 178 181 188 194 196 203 200 208 212 218 221 225 229 232 232 231
258 258 258 259 258 259 259 259 259 259 260 260 261 261 261 260 260 261 260 260 261 260 260 260 257 260 259 257 257 256 257 256 256 255 255 254 254 249 246 239 231 223 228 231 225 225 231 226 209 209 200 216 217 211 205 195 187 177 174 175 180 169 169 171 162 168 176 175 178 174 177 184 193 203 206 211 213 216 220 225 226 229 234 225 227 232
258 259 259 258 259 259 258 259 258 258 259 259 260 259 260 260 260 261 260 259 259 260 260 259 259 259 259 257 257 258 257 257 255 256 255 254 253 253 250 244 241 237 237 236 233 228 233 225 217 210 206 219 215 202 195 190 187 176 171 167 174 170 165 165 166 171 170 180 184 180 181 189 195 203 191 206 216 216 219 223 228 227 221 223 227 226
-9999 -9999 258 258 256 255 256 257 258 256 258 256 257 257 259 260 260 260 260 259 259 259 259 259 259 259 258 258 258 258 257 257 257 257 256 256 253 251 251 248 244 241 231 234 234 231 240 229 224 218 215 215 214 209 199 192 193 185 174 167 170 170 167 166 171 171 180 184 192 189 185 185 194 195 196 203 211 211 222 226 223 218 224 228 225 224
258 -9999 -9999 259 256 254 252 254 253 251 251 254 255 253 255 260 260 260 260 259 259 260 259 259 258 259 259 258 258 257 258 258 258 257 253 255 253 254 251 250 246 238 232 236 235 234 240 234 229 222 220 227 219 208 200 204 197 184 177 173 178 169 177 164 188 176 179 189 198 200 191 185 193 204 210 208 217 223 219 219 217 219 224 226 222 223
