worldclim/bio10_cr.asc
ncols        411
nrows        382
xllcorner    -85.979072453958
yllcorner    8.036441368777
cellsize     0.008333330000
NODATA_value  -9999
[rows 114 to 151 of 382, columns 86 to 171 of 411]
278 278 278 278 278 278 278 278 277 277 278 278 278 278 279 280 279 279 279 279 279 279 278 278 278 277 277 276 276 277 275 276 273 275 273 273 272 271 269 263 260 255 255 255 250 244 251 241 234 227 223 236 232 219 213 208 205 194 188 183 192 187 182 181 182 188 188 197 201 197 198 207 212 220 208 222 231 231 235 238 244 243 236 238 243 241
-9999 -9999 278 277 275 274 275 276 277 275 277 275 275 275 278 278 279 279 279 278 279 278 278 278 277 277 278 277 277 276 275 276 276 276 275 274 272 269 270 268 263 260 249 253 251 248 257 246 241 235 232 232 231 224 217 210 210 203 192 183 186 186 183 181 188 188 198 202 210 205 202 203 211 212 213 219 227 227 236 241 238 233 238 244 240 240
278 -9999 -9999 278 275 273 271 272 271 269 270 273 274 271 274 279 279 279 278 278 278 278 278 278 278 277 278 277 276 276 276 278 277 276 271 275 273 273 270 269 265 256 250 254 253 253 259 251 245 238 237 245 235 224 217 220 214 203 195 190 197 185 194 180 206 193 197 207 214 216 209 203 210 219 225 223 231 237 234 234 232 233 239 241 237 237
277 278 -9999 -9999 277 274 271 271 275 275 276 277 277 278 278 278 278 279 278 278 278 279 278 279 278 277 276 276 278 277 276 278 276 273 272 264 262 268 266 262 266 261 258 250 256 259 257 249 242 246 245 239 233 228 225 220 210 202 199 199 209 207 211 213 213 206 207 214 218 224 212 207 209 220 224 227 237 227 229 234 229 233 237 236 237 238
278 -9999 -9999 -9999 278 275 272 274 274 275 276 276 277 277 277 278 277 279 278 278 278 278 279 279 279 278 278 277 278 278 278 278 276 276 270 263 266 268 267 261 264 259 258 258 259 262 252 251 245 251 244 245 240 236 229 219 212 211 213 209 211 222 222 224 223 209 215 214 224 224 217 208 207 224 227 233 232 220 225 219 230 232 233 236 235 233
278 278 -9999 -9999 277 276 273 275 276 277 276 277 274 274 273 276 276 278 278 278 278 278 278 279 279 279 278 279 278 278 278 277 274 276 274 271 277 276 269 258 259 260 260 263 264 250 253 245 251 253 249 242 239 232 226 222 221 223 222 217 209 216 229 231 228 212 224 228 228 225 218 209 211 219 228 228 228 217 218 228 227 230 226 228 229 231
278 -9999 -9999 277 278 278 277 273 277 277 277 272 273 270 269 269 274 275 270 276 277 275 275 278 279 279 279 279 279 278 278 278 278 275 276 277 277 274 273 266 258 258 258 264 266 262 256 252 259 254 250 246 247 238 231 226 228 228 234 224 214 210 230 236 235 234 233 218 221 220 220 209 214 215 223 227 215 212 217 221 226 220 219 224 231 232
275 276 -9999 -9999 278 277 278 278 278 277 275 272 273 273 273 265 269 274 277 276 277 277 277 277 278 278 279 279 279 278 278 278 279 276 277 279 274 270 273 270 267 264 264 261 263 267 262 258 259 259 255 252 250 243 239 237 231 234 234 224 210 221 230 241 244 238 221 207 211 214 208 202 206 212 218 224 214 208 215 221 218 217 220 225 222 222
271 277 -9999 -9999 276 278 278 278 278 278 277 276 277 276 274 269 276 275 276 276 278 277 277 277 278 278 279 278 278 278 278 278 278 278 279 279 278 267 264 265 269 268 269 267 264 268 267 263 258 263 258 256 251 248 243 236 233 237 238 226 219 218 233 248 242 237 222 212 202 204 202 200 202 207 211 219 205 210 221 216 212 214 216 218 214 218
274 -9999 -9999 -9999 -9999 277 278 277 277 277 278 278 278 277 275 276 277 278 279 279 278 278 277 278 278 279 280 279 277 277 277 278 280 278 278 278 271 273 270 266 271 272 271 270 269 270 269 266 263 264 259 259 259 255 246 239 245 247 242 232 235 240 251 242 235 234 224 217 203 203 202 204 205 203 209 205 203 208 215 214 203 205 208 205 210 213
276 -9999 -9999 -9999 -9999 -9999 -9999 277 277 278 278 278 278 278 278 278 279 279 279 280 280 279 279 278 277 279 279 279 279 279 279 278 279 279 278 269 273 274 274 272 269 272 273 270 272 268 264 265 267 263 258 264 258 258 244 241 253 252 247 244 247 249 238 231 225 219 216 211 207 203 205 205 204 199 201 204 201 201 211 197 199 202 205 209 203 205
277 -9999 -9999 -9999 -9999 -9999 -9999 -9999 -9999 -9999 -9999 278 278 278 278 -9999 -9999 -9999 -9999 -9999 280 279 279 279 279 279 280 279 279 279 279 280 277 278 277 266 267 273 275 274 274 274 271 266 265 263 265 269 266 264 268 256 260 256 250 257 259 253 253 254 256 249 236 229 228 226 222 217 209 204 205 206 204 204 214 211 200 197 200 197 202 206 208 210 209 204
277 277 -9999 -9999 -9999 -9999 -9999 -9999 -9999 -9999 -9999 -9999 -9999 -9999 -9999 -9999 -9999 -9999 -9999 -9999 280 278 278 279 279 280 280 280 280 280 279 276 276 273 273 274 275 275 276 275 275 273 270 267 266 268 271 271 269 269 262 260 263 262 254 255 261 261 260 261 253 248 235 236 237 233 221 214 200 201 205 205 205 213 222 211 209 218 211 201 198 199 201 202 205 215
278 277 -9999 -9999 -9999 -9999 -9999 -9999 -9999 -9999 -9999 -9999 -9999 -9999 -9999 -9999 -9999 -9999 -9999 -9999 -9999 280 278 279 279 279 278 278 277 275 279 279 278 275 278 278 277 275 275 275 275 273 266 269 270 269 271 272 270 267 265 266 267 263 263 259 263 264 264 257 247 245 245 244 239 222 217 199 198 202 206 205 216 225 226 217 219 220 210 194 193 199 200 202 206 210
277 277 -9999 -9999 -9999 -9999 -9999 -9999 -9999 -9999 -9999 -9999 -9999 -9999 -9999 -9999 -9999 -9999 -9999 -9999 -9999 -9999 278 279 279 279 277 279 277 276 276 277 277 278 278 272 267 274 276 277 275 274 273 268 271 272 271 271 269 270 267 271 268 263 266 269 264 263 260 247 259 255 244 236 230 219 208 200 199 195 209 208 214 231 228 213 223 219 207 205 197 196 201 206 210 213
277 276 -9999 -9999 -9999 -9999 -9999 -9999 -9999 -9999 -9999 -9999 -9999 -9999 -9999 -9999 -9999 -9999 -9999 -9999 -9999 -9999 -9999 278 -9999 -9999 -9999 278 279 278 279 279 278 279 278 273 271 273 276 276 276 275 276 274 271 272 274 272 272 272 271 272 270 267 269 269 256 255 261 255 262 251 239 238 234 225 222 203 199 206 225 207 208 228 240 230 234 222 226 217 204 201 200 196 206 209
277 276 277 -9999 -9999 -9999 -9999 -9999 -9999 -9999 -9999 -9999 -9999 -9999 -9999 -9999 -9999 -9999 -9999 -9999 -9999 -9999 -9999 -9999 -9999 -9999 -9999 -9999 280 280 279 278 279 278 273 274 274 275 276 277 276 276 277 275 272 275 276 275 275 275 274 274 272 271 273 270 263 267 265 266 265 254 250 245 238 229 221 208 204 218 229 223 215 224 238 246 237 232 224 213 206 206 205 209 207 209
277 276 -9999 -9999 -9999 -9999 -9999 -9999 -9999 274 276 276 277 277 -9999 -9999 -9999 -9999 -9999 -9999 -9999 -9999 -9999 -9999 -9999 -9999 -9999 -9999 -9999 279 276 267 266 269 272 274 277 278 277 278 277 278 278 276 274 276 277 277 276 275 275 274 272 272 270 269 269 270 272 272 273 261 251 243 244 231 223 219 209 230 236 242 231 225 233 246 248 239 228 220 213 208 207 212 215 217
276 277 -9999 -9999 -9999 -9999 -9999 -9999 277 277 275 278 278 278 278 277 -9999 -9999 -9999 -9999 -9999 -9999 -9999 -9999 -9999 -9999 -9999 -9999 -9999 -9999 276 263 267 272 274 276 276 275 277 279 278 280 278 276 277 277 277 276 275 275 276 274 273 274 274 274 274 272 274 273 268 262 255 249 245 239 236 226 216 228 235 245 241 237 235 251 244 239 234 232 221 214 212 218 220 222
277 277 277 -9999 -9999 -9999 -9999 -9999 277 274 276 277 278 278 277 277 -9999 -9999 -9999 -9999 -9999 -9999 -9999 -9999 -9999 -9999 -9999 -9999 -9999 -9999 -9999 278 277 269 274 280 272 273 276 273 278 279 278 278 278 278 278 277 277 276 277 274 275 275 274 275 274 274 273 272 271 258 259 258 253 247 239 233 220 229 239 244 248 249 244 254 249 247 244 232 219 219 217 212 220 223
277 276 277 -9999 -9999 -9999 -9999 -9999 -9999 273 273 275 278 278 278 277 -9999 -9999 -9999 278 -9999 -9999 -9999 -9999 -9999 -9999 -9999 -9999 -9999 -9999 -9999 -9999 -9999 278 277 278 280 279 278 279 280 280 279 280 279 280 279 278 278 279 277 277 276 279 278 277 275 275 276 273 268 262 267 263 255 248 248 239 238 236 232 239 247 252 249 258 256 249 242 234 220 229 225 218 215 218
276 276 276 277 277 -9999 -9999 -9999 -9999 277 272 274 277 277 275 277 275 276 277 -9999 -9999 -9999 -9999 -9999 -9999 -9999 -9999 -9999 -9999 -9999 -9999 -9999 -9999 -9999 -9999 281 280 281 281 280 280 279 280 281 281 280 280 280 281 280 279 278 277 279 279 278 278 276 278 273 268 270 268 267 265 262 256 251 245 243 242 243 249 259 254 260 251 244 241 237 235 241 230 225 230 220
276 276 277 276 276 277 276 277 -9999 -9999 -9999 277 276 272 273 278 -9999 -9999 -9999 -9999 -9999 -9999 -9999 -9999 -9999 -9999 -9999 -9999 -9999 -9999 -9999 -9999 -9999 -9999 -9999 -9999 281 281 281 280 280 276 281 282 280 281 280 280 280 280 281 278 279 280 279 280 279 278 281 276 273 274 270 268 270 268 262 253 245 251 249 244 251 257 261 262 249 248 252 249 251 245 233 229 232 232
276 276 277 276 276 276 277 277 -9999 -9999 -9999 -9999 -9999 -9999 -9999 -9999 -9999 -9999 -9999 -9999 -9999 -9999 -9999 -9999 -9999 -9999 -9999 -9999 -9999 -9999 -9999 -9999 -9999 -9999 -9999 -9999 281 281 280 281 281 281 281 282 281 281 282 282 281 282 280 280 280 280 279 279 281 280 281 279 276 276 273 272 274 271 267 256 254 255 254 252 252 255 257 262 254 252 257 254 255 248 240 230 237 233
276 276 277 276 276 276 276 277 276 -9999 -9999 -9999 -9999 -9999 -9999 -9999 -9999 -9999 -9999 -9999 -9999 -9999 -9999 -9999 -9999 -9999 -9999 -9999 -9999 -9999 -9999 -9999 -9999 -9999 -9999 -9999 -9999 -9999 281 281 281 281 282 282 282 282 282 282 282 282 282 281 281 281 281 281 281 283 281 281 279 275 272 276 276 271 270 264 266 260 265 262 257 266 262 271 263 257 262 261 252 249 248 240 241 244
276 276 276 274 276 275 276 277 277 -9999 -9999 -9999 -9999 -9999 -9999 -9999 -9999 -9999 -9999 -9999 -9999 -9999 -9999 -9999 -9999 -9999 -9999 -9999 -9999 -9999 -9999 -9999 -9999 -9999 -9999 -9999 -9999 -9999 -9999 281 282 282 282 282 282 282 282 283 283 283 283 282 282 282 282 282 281 283 283 283 280 280 275 278 277 275 277 274 271 271 266 266 270 263 269 270 267 264 268 268 256 258 250 248 250 254
276 276 276 276 276 274 276 276 277 277 277 277 277 -9999 -9999 -9999 -9999 -9999 -9999 -9999 -9999 -9999 -9999 -9999 -9999 -9999 -9999 -9999 -9999 -9999 -9999 -9999 -9999 -9999 -9999 -9999 -9999 -9999 -9999 281 281 282 282 282 282 282 282 282 282 282 283 282 282 283 283 282 284 284 283 283 283 281 279 279 279 277 278 275 277 278 270 271 269 272 273 268 274 272 268 268 270 266 260 264 260 262
275 275 276 276 276 276 277 277 277 277 277 276 277 -9999 -9999 -9999 -9999 -9999 -9999 -9999 -9999 -9999 -9999 -9999 -9999 -9999 -9999 -9999 -9999 -9999 -9999 -9999 -9999 -9999 -9999 -9999 -9999 -9999 -9999 -9999 -9999 282 282 282 282 283 283 283 283 283 282 283 284 283 283 283 283 283 284 284 284 281 279 281 281 281 281 279 272 269 277 276 273 276 271 270 276 269 260 263 266 263 261 259 246 246
275 275 275 276 276 276 277 277 277 277 277 -9999 -9999 -9999 -9999 -9999 -9999 -9999 -9999 -9999 -9999 -9999 -9999 -9999 -9999 -9999 -9999 -9999 -9999 -9999 -9999 -9999 -9999 -9999 -9999 -9999 -9999 -9999 -9999 -9999 -9999 -9999 -9999 282 282 282 283 283 283 283 283 283 283 284 283 284 283 283 283 284 284 283 282 282 282 274 266 273 269 265 272 278 277 277 272 279 275 268 267 265 263 259 258 254 247 243
274 274 275 275 276 275 277 277 277 277 277 -9999 -9999 -9999 -9999 -9999 -9999 -9999 -9999 -9999 -9999 -9999 -9999 -9999 -9999 -9999 -9999 -9999 -9999 -9999 -9999 -9999 -9999 -9999 -9999 -9999 -9999 -9999 -9999 -9999 -9999 -9999 -9999 -9999 282 282 283 282 283 283 283 283 283 283 284 284 284 283 283 284 284 284 284 284 282 278 266 274 270 267 272 280 281 278 279 276 268 273 268 260 257 261 262 259 256 255
274 270 273 275 275 275 276 277 277 277 277 276 -9999 -9999 -9999 -9999 -9999 -9999 -9999 -9999 -9999 -9999 -9999 -9999 -9999 -9999 -9999 -9999 -9999 -9999 -9999 -9999 -9999 -9999 -9999 -9999 -9999 -9999 -9999 -9999 -9999 -9999 -9999 -9999 -9999 281 282 282 282 283 284 283 283 284 284 284 284 284 284 284 284 284 284 284 282 279 277 274 275 272 281 280 279 276 272 276 270 268 265 263 263 265 263 262 263 258
273 270 265 267 272 274 275 276 277 277 277 277 276 -9999 -9999 -9999 -9999 -9999 -9999 -9999 -9999 -9999 -9999 -9999 -9999 -9999 -9999 -9999 -9999 -9999 -9999 -9999 -9999 -9999 -9999 -9999 -9999 -9999 -9999 -9999 -9999 -9999 -9999 -9999 -9999 -9999 -9999 282 282 283 284 284 284 284 283 283 283 284 283 284 284 284 284 284 284 281 276 278 280 281 276 275 274 273 272 273 272 271 268 267 269 264 263 264 263 264
272 269 258 261 272 273 274 276 277 277 277 277 277 277 -9999 -9999 -9999 -9999 -9999 -9999 -9999 -9999 -9999 -9999 -9999 -9999 -9999 -9999 -9999 -9999 -9999 -9999 -9999 -9999 -9999 -9999 -9999 -9999 -9999 -9999 -9999 -9999 -9999 -9999 -9999 -9999 -9999 -9999 -9999 -9999 283 283 283 283 284 284 284 283 284 284 284 284 284 283 283 282 283 283 280 279 277 275 274 273 274 274 274 273 271 270 268 266 264 266 268 265
270 256 259 263 266 273 271 274 276 276 276 276 276 276 277 278 278 -9999 -9999 -9999 -9999 -9999 275 275 278 -9999 -9999 -9999 -9999 -9999 -9999 -9999 280 280 280 -9999 -9999 -9999 -9999 -9999 -9999 -9999 -9999 -9999 -9999 -9999 -9999 -9999 -9999 -9999 -9999 -9999 -9999 283 284 284 283 283 284 284 284 284 284 283 283 283 282 281 280 278 278 277 275 274 275 275 273 273 272 270 271 272 276 269 272 267
265 256 262 271 271 269 273 276 276 276 276 275 276 276 276 278 278 -9999 -9999 -9999 -9999 -9999 278 279 -9999 -9999 -9999 -9999 -9999 -9999 -9999 -9999 -9999 -9999 -9999 -9999 -9999 -9999 -9999 -9999 -9999 -9999 -9999 -9999 -9999 -9999 -9999 -9999 -9999 -9999 283 283 284 -9999 -9999 -9999 -9999 -9999 284 284 284 284 284 283 283 284 282 281 281 279 278 277 276 276 275 277 275 274 274 273 275 272 267 271 268 264
252 253 266 271 272 273 275 275 275 274 275 275 272 274 273 277 277 277 278 278 278 278 -9999 278 278 -9999 -9999 -9999 -9999 -9999 -9999 -9999 -9999 -9999 -9999 -9999 -9999 -9999 -9999 -9999 -9999 -9999 -9999 -9999 -9999 -9999 -9999 -9999 -9999 -9999 -9999 -9999 -9999 -9999 -9999 -9999 -9999 -9999 -9999 -9999 -9999 -9999 284 284 284 283 284 281 280 278 278 276 276 276 276 277 275 274 277 277 271 272 270 269 266 267
254 260 267 270 272 272 272 274 274 269 274 271 272 272 274 275 276 277 277 278 277 277 276 276 276 278 278 -9999 -9999 -9999 -9999 -9999 -9999 -9999 -9999 -9999 -9999 -9999 -9999 -9999 -9999 -9999 -9999 -9999 -9999 -9999 -9999 -9999 -9999 -9999 -9999 -9999 -9999 -9999 -9999 -9999 -9999 -9999 -9999 -9999 -9999 -9999 -9999 284 284 279 278 280 280 280 278 278 277 277 278 276 276 275 278 273 273 273 275 272 270 271
264 268 269 270 270 265 272 273 274 262 263 261 272 274 274 274 275 276 274 270 277 270 260 266 276 276 278 278 -9999 -9999 -9999 -9999 -9999 -9999 -9999 -9999 -9999 -9999 -9999 -9999 -9999 -9999 282 -9999 -9999 -9999 -9999 -9999 -9999 -9999 -9999 -9999 -9999 -9999 -9999 -9999 -9999 -9999 -9999 -9999 -9999 -9999 284 284 284 284 283 279 279 279 278 279 281 278 279 279 277 278 276 275 274 274 278 278 276 274
