worldclim/bio13_cr.asc
ncols        411
nrows        382
xllcorner    -85.979072453958
yllcorner    8.036441368777
cellsize     0.008333330000
NODATA_value  -9999
[rows 76 to 113 of 382, columns 86 to 171 of 411]
356 370 360 368 382 383 376 371 378 380 364 366 354 356 355 388 388 383 393 397 398 402 395 376 352 360 368 386 405 425 431 431 416 435 463 476 481 486 494 505 482 480 495 586 582 485 494 535 489 551 519 521 510 511 523 525 538 539 538 531 494 445 504 550 553 545 536 525 510 491 492 495 494 498 496 491 479 473 463 448 436 429 412 413 403 408
365 363 368 369 374 371 374 363 377 371 363 356 353 360 344 367 382 387 388 392 397 399 397 397 358 348 348 358 382 412 405 406 391 360 428 447 470 469 485 496 517 521 556 568 556 580 570 590 558 594 572 563 501 565 558 542 541 535 531 530 505 462 537 557 569 566 549 551 548 490 493 506 496 495 488 489 478 479 485 470 442 430 416 417 409 406
361 358 354 364 368 363 363 363 361 361 355 353 349 347 337 365 374 382 381 384 388 392 395 397 387 354 352 348 358 360 375 364 361 340 341 393 441 423 390 389 480 489 503 544 546 552 558 570 584 588 574 585 561 589 579 582 559 540 533 529 517 479 515 548 571 567 554 564 555 529 509 517 527 511 506 502 495 481 473 467 444 429 414 421 406 410
352 353 353 354 360 360 353 353 347 350 346 343 340 342 344 368 368 373 380 376 381 385 394 398 394 367 359 341 340 339 349 354 347 342 333 333 352 352 350 355 379 374 406 478 541 542 558 555 561 576 585 586 594 600 592 600 564 528 523 522 508 488 533 550 570 572 567 580 577 549 524 562 532 527 515 503 501 489 480 474 453 420 429 417 413 410
348 350 350 351 355 355 352 349 346 347 329 339 336 344 339 359 368 372 372 370 375 381 389 396 394 386 375 369 349 338 380 339 337 329 329 330 331 332 333 339 349 359 384 413 414 493 530 553 556 564 573 578 586 591 597 595 567 516 519 518 522 505 533 550 579 581 581 594 573 563 573 571 566 559 535 522 512 530 510 504 485 450 455 449 415 411
339 345 346 342 349 349 345 345 338 332 332 338 338 335 356 364 356 361 361 366 371 377 391 396 395 385 386 384 347 334 347 342 362 326 326 327 327 328 329 331 338 349 361 371 408 474 495 537 547 554 561 567 570 579 586 586 582 537 509 518 517 527 539 613 620 610 596 580 574 586 592 584 588 593 567 537 547 543 530 501 471 439 436 432 442 413
340 341 340 338 346 333 345 334 328 324 333 334 334 334 356 349 354 359 356 374 374 378 387 392 395 392 384 387 366 337 330 352 372 330 324 324 325 326 326 328 331 337 348 359 370 397 446 513 537 543 548 554 555 563 576 585 575 566 515 519 518 540 584 606 594 586 615 615 597 600 583 570 569 568 565 552 522 502 509 491 490 509 485 420 399 404
338 336 338 334 335 332 331 329 327 327 327 324 330 335 346 351 356 360 356 377 377 376 379 393 394 394 391 386 372 349 337 345 362 368 327 323 322 324 324 325 327 330 338 349 360 370 384 460 520 532 540 544 535 549 562 569 583 578 569 524 533 598 617 630 635 599 589 575 571 541 546 550 547 542 539 523 506 500 498 475 436 417 452 461 401 370
339 336 337 334 331 330 328 327 326 329 327 322 326 339 340 347 357 361 347 379 367 378 383 389 394 394 393 388 384 361 329 332 346 361 357 353 326 323 323 318 322 327 331 339 350 361 372 383 424 470 531 538 537 542 551 566 570 580 587 549 583 610 618 615 615 559 544 555 541 554 546 493 511 504 489 454 463 433 454 418 415 442 416 416 403 379
342 337 335 333 331 329 327 326 325 324 323 321 326 341 333 346 349 338 370 383 380 382 379 392 394 394 389 389 386 359 337 332 331 326 347 356 347 318 317 317 323 325 327 332 340 351 362 373 386 399 477 528 532 531 534 542 548 560 574 587 587 605 604 538 543 530 555 554 542 535 521 518 510 504 476 471 447 434 413 396 399 393 375 379 385 356
340 339 334 333 330 330 326 327 326 324 324 324 323 329 326 341 340 361 351 380 387 363 361 385 394 394 387 380 372 350 333 329 330 327 330 360 364 366 367 330 333 346 323 330 334 342 353 365 376 387 422 518 524 528 527 533 544 551 564 573 587 589 578 537 552 556 556 562 530 528 518 515 511 501 482 462 440 417 402 390 377 360 357 352 353 350
341 338 334 333 332 329 327 328 327 324 326 322 322 322 326 331 340 347 337 349 365 389 392 393 388 394 388 380 368 350 338 333 344 333 326 331 350 376 383 396 401 410 379 350 372 379 375 356 366 378 393 476 516 525 526 536 536 556 564 574 556 525 544 563 560 596 626 633 542 533 523 516 511 491 470 464 440 423 406 388 379 368 360 352 351 350
343 342 335 333 332 330 328 327 326 324 323 324 322 323 322 325 325 326 344 337 347 364 392 394 394 394 388 383 373 353 352 348 348 348 332 324 327 354 378 392 397 406 410 422 433 440 447 382 365 371 382 431 471 495 518 533 541 548 551 523 506 524 539 604 613 624 613 638 561 545 523 518 507 490 475 450 435 427 408 394 385 368 358 354 347 344
342 337 337 334 332 330 327 327 325 324 323 322 322 320 322 324 322 325 327 352 340 350 391 394 394 394 394 378 374 382 376 384 362 345 334 328 323 354 382 387 396 400 405 414 419 425 431 444 381 364 376 389 414 447 478 520 521 523 486 501 503 515 549 606 586 533 505 514 625 550 523 515 506 495 482 452 432 418 402 394 380 365 355 349 344 341
340 338 337 332 330 330 327 326 325 324 323 321 320 320 321 324 322 324 326 335 340 344 363 376 367 380 392 393 383 396 394 389 371 338 338 334 325 332 372 384 388 397 400 401 413 419 421 441 398 358 369 381 393 408 421 436 451 465 479 490 524 524 546 602 580 460 457 459 593 564 533 518 506 497 460 447 436 413 404 387 380 367 360 350 343 339
341 339 334 333 331 329 327 326 325 323 322 321 321 320 319 321 322 326 328 347 351 370 383 392 391 394 381 392 392 394 392 395 389 367 341 328 329 344 375 378 390 394 398 399 404 416 426 433 373 355 379 375 388 402 414 428 443 456 469 485 499 511 531 593 589 511 457 476 564 624 545 526 507 495 477 460 422 413 399 385 376 368 361 355 346 342
344 342 336 333 332 329 327 326 325 324 322 321 320 320 320 320 323 326 326 329 339 372 381 380 390 385 393 394 396 393 380 389 379 345 337 328 335 347 373 376 389 393 392 396 404 410 401 421 349 375 448 433 427 403 410 424 437 450 463 477 490 501 519 573 599 589 568 528 468 591 580 525 527 511 503 459 421 405 393 382 376 371 364 357 351 343
345 343 336 334 334 329 328 326 325 323 322 321 320 320 320 322 322 326 327 331 336 350 359 358 362 371 391 388 392 397 397 375 375 358 340 330 332 350 368 374 389 391 393 394 401 402 358 360 364 423 433 442 465 474 460 468 454 445 457 470 483 495 511 531 576 589 571 583 459 543 580 549 551 537 506 484 470 435 399 388 376 371 364 359 352 348
341 338 337 334 332 330 328 326 325 323 322 321 320 320 319 322 325 329 331 336 340 346 375 383 396 395 397 392 393 398 402 399 390 360 349 338 346 351 366 372 380 387 390 392 398 358 378 402 389 430 429 445 445 462 469 486 496 439 452 465 480 502 542 569 563 556 568 566 539 595 607 612 612 592 549 522 498 459 440 419 417 394 379 365 359 356
341 339 337 334 332 330 329 327 325 324 322 321 320 320 321 323 325 328 332 336 341 343 375 389 397 396 384 391 366 380 396 405 400 401 384 353 353 331 361 371 382 385 394 391 396 399 407 414 420 426 416 424 421 429 444 446 487 489 464 521 514 536 547 509 464 463 471 469 514 529 496 553 583 606 573 536 499 483 482 449 423 402 390 370 368 367
342 340 337 335 332 331 329 327 326 324 322 321 321 320 321 321 326 330 334 339 346 363 379 381 397 398 395 374 344 362 384 392 398 386 398 385 375 343 332 370 379 388 391 391 406 396 405 412 406 410 416 430 429 422 426 430 438 463 498 514 523 508 526 463 449 448 451 451 473 484 457 459 467 553 602 568 522 497 487 470 441 419 402 383 378 377
344 343 338 335 333 331 329 328 326 324 322 321 321 321 321 323 328 332 336 341 350 369 371 384 398 399 400 398 370 371 359 345 390 387 349 336 349 373 334 369 376 383 387 390 414 402 398 402 412 424 421 435 437 422 440 445 473 489 493 490 457 466 447 457 464 451 448 454 455 452 455 457 456 513 595 560 533 493 490 482 460 431 406 397 398 390
362 343 340 339 335 333 330 328 326 325 323 322 322 321 323 327 331 335 337 340 349 357 374 398 398 403 401 401 388 400 380 357 363 366 356 340 337 339 350 340 370 385 385 394 406 423 398 407 411 415 425 430 450 436 425 427 431 484 479 438 437 439 447 442 446 447 450 448 449 453 453 464 458 491 579 568 546 504 491 487 452 423 411 411 408 397
365 346 341 348 342 334 331 329 327 326 323 322 322 324 327 330 333 337 339 344 347 353 376 401 401 405 408 410 410 402 383 366 344 341 341 339 344 347 350 339 355 376 383 391 412 422 409 401 404 417 417 424 439 448 440 429 431 468 481 434 439 448 451 444 444 448 457 456 453 451 451 465 492 539 540 581 519 495 495 493 476 447 433 424 416 406
346 343 341 338 336 336 332 330 327 325 324 323 325 327 330 332 335 338 341 346 351 357 361 371 406 406 408 410 399 372 367 344 343 343 342 341 361 357 340 370 377 378 382 389 401 426 437 416 410 444 445 419 441 455 442 423 438 459 433 433 441 456 455 448 457 456 454 445 447 454 489 485 462 479 523 573 521 515 506 496 490 460 445 434 423 415
346 344 341 340 337 335 333 331 328 327 325 325 328 330 331 334 337 340 343 347 354 364 381 400 405 403 412 394 366 353 374 346 345 344 345 348 362 369 353 370 396 383 382 388 396 412 431 439 436 449 455 448 454 458 455 427 428 430 442 444 452 453 442 426 446 448 455 444 457 483 528 547 521 521 562 562 528 530 511 497 486 474 462 453 432 453
347 345 343 341 338 336 334 331 329 328 326 328 330 332 333 336 340 343 348 351 355 369 381 394 389 399 412 411 397 379 389 350 348 367 362 347 360 378 368 378 387 384 383 386 395 405 431 434 440 450 441 454 452 450 450 448 441 436 428 432 453 440 426 402 443 444 456 447 451 449 492 536 545 530 500 492 510 555 502 496 492 483 466 467 464 448
349 346 344 342 340 337 335 332 330 329 329 330 332 334 337 339 342 346 352 356 363 374 378 392 391 418 419 421 424 420 387 361 397 391 380 360 351 354 348 371 394 400 387 391 393 396 404 417 430 447 445 447 450 443 442 438 434 437 429 431 451 451 442 436 455 454 450 449 445 449 475 517 526 497 546 522 544 552 519 501 490 484 478 467 456 443
351 350 346 343 341 338 336 334 331 330 334 333 335 337 339 342 347 348 354 358 364 371 376 391 399 416 422 423 408 403 402 406 404 372 359 351 350 353 359 370 379 394 393 391 406 412 402 401 425 448 444 443 442 438 438 433 435 449 452 453 453 446 439 444 454 449 440 442 444 457 502 515 503 530 486 473 511 546 529 500 494 481 474 467 457 443
377 358 377 347 346 340 338 335 333 332 334 335 337 344 341 343 347 350 355 363 366 372 390 401 417 421 428 431 428 434 429 408 400 375 361 361 362 374 354 372 379 381 394 399 405 406 414 408 423 443 449 441 442 436 425 419 428 437 438 440 440 435 440 451 446 437 445 442 458 509 509 517 522 516 500 460 475 522 542 509 499 485 480 469 460 448
356 354 355 364 368 354 341 337 335 334 336 338 339 342 347 344 346 350 355 360 371 410 414 419 424 423 416 424 437 432 426 406 398 384 375 373 388 362 356 364 377 381 385 388 391 400 408 417 425 441 448 449 445 438 397 409 399 429 422 428 431 446 452 447 435 446 458 451 482 507 501 464 467 476 454 464 489 518 535 507 504 492 485 474 455 450
356 354 353 348 346 345 341 339 337 336 337 339 341 344 350 347 348 351 363 361 367 375 374 400 395 405 426 438 432 414 422 415 407 397 394 397 383 374 363 370 366 362 367 373 392 395 400 418 441 437 436 446 446 436 424 387 407 385 416 429 437 450 444 435 437 471 496 494 485 473 455 443 453 444 466 454 476 514 527 518 513 504 490 490 468 455
356 354 353 350 348 345 343 341 339 339 339 341 342 346 349 347 351 354 364 363 367 370 378 388 392 402 426 440 443 412 429 420 421 409 408 401 373 376 370 363 383 369 373 386 393 396 400 406 428 423 432 440 446 443 435 415 420 425 438 445 447 449 436 439 455 472 470 463 442 442 447 441 462 464 465 514 521 521 523 516 517 509 499 494 486 478
358 358 354 352 349 347 344 343 341 340 342 342 344 345 347 350 355 357 359 366 366 374 380 388 389 426 422 441 440 447 441 430 446 434 409 410 407 399 379 370 368 399 392 387 385 396 399 402 416 407 428 426 442 446 436 435 422 430 448 444 438 429 444 447 453 437 443 440 437 438 444 440 445 454 442 447 507 520 521 523 523 520 511 498 490 487
359 358 355 353 351 348 346 344 343 341 342 344 345 347 348 351 354 359 361 364 370 373 376 384 386 416 428 435 446 453 429 451 449 456 431 421 418 395 392 379 378 394 378 378 380 395 401 405 405 408 413 412 444 445 436 435 436 437 438 431 428 429 432 433 432 435 434 436 451 453 453 444 443 451 443 457 468 492 515 511 522 521 518 511 496 504
361 359 357 355 353 352 348 346 344 342 344 347 345 348 350 352 355 359 364 367 370 374 377 381 400 424 426 446 453 446 454 443 428 459 458 456 446 421 415 423 418 418 414 391 381 394 400 400 410 412 409 411 413 435 424 433 445 436 444 433 438 445 442 441 442 449 438 450 440 430 452 453 454 448 439 443 471 453 511 512 517 521 519 516 511 513
362 361 359 357 354 354 350 348 346 346 346 348 346 349 351 353 354 356 359 367 372 376 378 381 387 393 439 440 444 457 456 457 454 460 455 456 455 453 444 430 404 389 389 381 393 388 389 391 410 408 412 415 423 418 420 421 439 437 436 446 443 438 446 445 435 439 448 447 431 418 442 449 452 445 443 441 439 452 475 500 512 519 519 517 517 518
365 362 360 358 363 356 352 351 351 349 349 350 350 353 350 354 356 360 365 368 366 376 379 384 429 388 398 429 434 441 431 444 444 458 454 457 455 445 433 416 394 379 387 395 386 388 403 394 407 409 414 423 428 421 418 428 442 434 429 433 441 412 407 417 371 404 435 434 442 428 440 452 446 438 445 463 472 489 505 515 517 518 515 518 519 516
