worldclim/bio14_cr.asc
ncols        411
nrows        382
xllcorner    -85.979072453958
yllcorner    8.036441368777
cellsize     0.008333330000
NODATA_value  -9999
[rows 40 to 79 of 382, columns 90 to 179 of 411]
20 25 25 19 18 17 18 18 19 20 20 26 28 22 23 24 24 25 26 26 27 28 28 29 30 31 31 31 31 32 32 33 33 34 34 34 34 34 35 35 35 36 37 36 36 37 37 38 38 38 38 38 39 39 40 40 40 43 43 43 44 42 43 43 44 45 46 46 46 47 48 49 48 50 50 50 51 51 53 52 53 53 53 53 53 54 57 56 57 57
17 21 30 25 20 18 19 18 19 20 22 32 26 22 23 24 24 25 26 26 26 27 28 29 29 30 31 31 31 32 32 33 33 33 34 34 34 35 35 35 35 36 36 37 37 37 38 38 38 38 39 39 39 40 40 40 41 43 42 42 42 43 43 43 44 46 46 46 48 48 47 49 49 50 50 50 50 52 53 53 53 54 53 53 55 55 55 55 56 57
25 20 26 34 27 22 23 22 20 22 22 31 31 23 26 25 25 24 25 26 26 27 27 28 29 30 31 32 31 32 32 33 33 34 34 35 35 35 36 36 36 36 37 38 38 37 38 38 38 39 39 39 40 40 40 41 43 44 42 42 43 43 45 44 45 45 46 47 48 47 48 49 49 49 51 51 52 53 53 52 54 54 54 53 56 58 57 56 56 58
23 23 23 30 36 32 40 28 26 23 25 29 29 27 27 25 24 24 25 25 26 27 27 27 28 30 31 32 32 32 32 33 33 33 34 35 36 37 38 36 37 36 38 38 39 39 38 38 39 39 39 40 40 41 41 41 42 42 42 43 43 43 44 45 46 46 47 47 48 48 48 49 49 50 51 51 53 53 54 52 51 52 55 57 57 56 56 56 56 59
23 24 24 26 37 38 39 35 35 28 28 33 33 31 30 28 24 24 25 26 26 27 27 28 28 29 31 32 33 33 33 34 33 34 34 34 35 37 38 37 36 37 38 38 38 39 39 38 39 39 40 40 40 40 41 42 42 43 43 43 43 45 44 45 45 47 47 47 50 49 50 50 50 52 51 53 52 54 54 54 54 52 53 56 58 56 58 56 59 59
22 23 24 25 27 33 39 45 46 45 43 34 36 32 32 33 27 25 25 26 26 26 26 27 29 30 31 33 34 34 34 34 34 34 35 35 36 37 37 37 37 38 38 38 38 39 39 39 39 40 40 40 41 42 42 42 42 43 43 44 44 46 45 45 46 48 48 49 50 50 51 51 51 52 52 52 54 53 55 54 54 52 54 57 56 58 58 59 57 59
22 23 24 25 28 30 31 41 51 52 47 45 41 38 38 36 32 26 27 27 27 27 27 27 29 32 32 33 34 34 35 34 35 35 35 36 37 37 38 38 38 38 38 39 39 40 39 39 40 40 40 41 41 41 42 42 43 43 43 44 44 45 45 45 46 47 48 48 50 50 52 51 52 53 53 53 55 54 56 54 55 52 53 57 56 58 58 60 58 60
22 23 24 25 28 30 32 37 39 52 46 49 52 51 45 42 38 33 29 28 28 27 27 28 30 32 32 33 34 34 35 35 36 37 36 37 37 37 38 39 39 39 39 39 40 39 39 40 40 40 41 41 41 42 42 43 43 43 44 44 44 45 45 45 46 47 47 47 47 51 52 53 52 54 54 54 55 55 56 56 57 52 54 55 58 59 59 61 60 60
21 22 24 26 28 31 34 37 41 51 49 53 56 53 52 49 45 37 31 29 28 28 28 28 31 31 33 33 34 34 35 36 36 36 36 37 38 39 37 39 39 38 39 39 39 39 40 40 40 40 41 41 42 42 43 43 44 43 44 44 45 45 45 46 46 46 47 49 48 48 49 54 54 56 54 55 55 56 56 55 56 52 55 57 58 59 59 61 60 62
23 29 29 28 32 32 35 40 44 50 56 58 58 57 56 57 50 40 36 31 30 28 29 29 39 38 39 33 36 35 36 36 36 37 38 38 39 38 37 38 40 38 38 39 39 39 40 40 40 41 41 42 42 42 43 43 43 44 44 44 45 45 45 46 46 47 47 48 50 49 50 52 56 56 56 56 55 58 55 57 56 52 54 58 59 59 59 60 62 61
31 41 32 29 32 34 38 43 48 54 65 69 64 59 61 56 56 49 41 36 37 35 30 35 38 44 45 38 37 37 37 37 37 38 39 39 39 39 39 40 40 38 39 39 40 40 40 40 41 41 42 42 42 42 43 43 43 44 44 44 45 45 46 47 47 46 49 49 51 51 49 54 56 56 57 58 59 58 58 57 56 53 58 57 59 59 59 60 60 59
38 41 38 30 32 35 39 47 54 63 72 74 75 68 58 57 60 64 54 47 42 38 35 42 38 41 47 45 38 39 39 37 38 40 39 39 40 39 40 39 39 39 39 39 40 40 40 41 41 42 42 42 42 43 43 43 44 44 44 45 45 45 46 49 48 48 50 50 50 52 50 54 53 55 57 58 59 58 57 56 54 52 54 57 58 58 58 59 60 60
30 32 33 31 33 35 41 49 64 71 73 76 75 76 77 65 62 64 62 58 55 46 41 48 47 42 41 52 48 46 50 45 45 40 40 40 41 41 42 41 42 40 40 40 39 40 40 41 42 42 42 42 43 43 43 44 44 44 45 45 47 47 46 47 48 49 49 51 50 52 53 50 55 56 58 59 59 58 58 58 53 52 58 58 59 59 58 58 59 60
29 30 32 33 34 41 52 66 70 72 76 77 78 76 76 74 69 65 68 66 63 65 51 57 52 49 58 62 57 53 58 55 53 46 42 40 42 42 42 42 42 41 41 41 42 41 41 41 42 42 42 42 43 43 43 44 44 44 44 46 47 48 48 47 49 51 52 50 51 53 52 51 56 57 57 58 58 59 59 57 55 52 55 58 59 58 58 58 59 60
29 30 32 34 38 49 66 70 71 75 77 81 82 76 76 75 67 65 64 65 65 62 58 58 55 62 70 72 72 66 72 70 59 54 48 46 41 42 42 42 42 42 42 42 43 42 41 41 42 42 42 43 43 43 44 44 44 44 45 46 48 47 48 47 47 50 52 50 50 53 53 53 55 56 57 58 59 58 58 57 56 52 53 53 57 57 57 58 59 60
28 29 30 34 39 64 66 73 76 80 79 77 76 75 75 71 62 61 62 60 60 68 73 67 73 74 79 78 79 76 68 74 66 54 48 45 43 43 43 42 42 41 42 43 43 43 41 42 42 42 42 43 43 44 44 44 45 44 45 46 45 47 49 48 47 49 51 53 51 54 54 52 55 56 57 57 58 57 57 56 56 51 57 53 54 57 56 58 58 60
27 28 30 34 44 60 68 74 81 80 78 74 73 74 69 63 59 60 61 59 60 66 73 76 79 80 80 80 82 83 74 70 75 63 53 46 44 43 42 42 41 42 42 43 43 43 42 42 42 43 43 43 44 44 44 44 44 45 46 46 47 48 47 50 49 48 51 53 54 54 52 54 55 58 57 58 57 57 57 56 55 56 57 55 53 57 56 57 58 59
26 28 29 31 38 54 69 73 77 77 76 75 74 74 74 62 59 60 60 57 59 64 73 77 78 81 80 79 85 87 78 73 76 67 51 48 46 44 42 41 42 42 43 43 44 42 42 43 43 43 43 43 44 44 44 44 45 47 48 47 47 47 47 49 51 47 48 53 54 56 54 55 55 57 56 57 57 59 56 55 52 56 55 55 53 57 57 57 57 59
26 27 28 30 38 49 65 68 71 73 75 76 75 75 74 70 57 57 55 56 61 63 77 80 80 81 83 83 87 89 89 78 75 57 51 49 46 44 42 42 42 43 43 43 41 42 42 43 43 43 43 44 44 44 44 44 45 45 47 47 47 47 46 48 50 51 48 54 54 54 54 55 56 57 56 57 57 57 57 57 55 55 55 53 56 57 57 56 57 59
24 25 26 28 38 41 57 63 68 69 72 75 75 73 74 75 66 56 52 61 66 68 70 81 83 84 84 83 86 90 88 86 83 57 55 50 48 44 44 42 43 43 43 43 42 42 42 43 44 43 44 43 44 44 44 44 44 45 45 46 47 48 48 47 50 50 49 48 55 55 54 55 56 56 56 57 57 57 56 58 57 57 57 54 53 57 57 57 58 59
23 24 26 28 34 41 49 60 67 68 71 73 74 73 73 72 63 55 56 61 65 66 79 86 84 86 89 93 87 89 87 88 76 59 53 51 47 44 43 43 43 43 43 43 42 43 43 42 43 43 43 43 44 44 44 45 46 45 45 46 46 48 48 50 50 52 53 48 50 52 55 56 56 57 57 57 56 58 58 58 57 58 58 54 55 56 57 59 59 60
22 22 26 27 33 41 44 51 57 67 69 71 72 72 72 72 53 53 56 60 61 68 84 80 83 89 86 89 88 86 86 85 77 58 52 51 47 45 43 43 43 43 43 42 43 42 41 42 42 43 44 44 44 44 44 45 45 46 45 47 47 49 50 49 52 52 52 48 48 56 56 57 57 57 57 57 56 58 57 57 57 58 57 57 56 57 58 58 60 60
21 20 21 26 29 33 41 35 43 55 67 69 70 71 70 61 49 50 54 58 61 76 82 80 80 86 90 91 92 92 85 79 74 60 53 47 44 44 44 44 42 41 41 41 41 41 41 42 43 43 43 44 44 44 44 44 45 46 45 46 46 47 50 50 52 52 48 54 50 54 58 57 57 57 58 58 59 57 61 58 57 58 58 57 58 57 58 59 60 60
20 18 19 22 24 26 29 31 34 46 60 67 67 68 55 49 45 47 51 55 62 81 79 79 80 82 84 91 93 95 92 85 79 62 56 50 45 44 43 43 41 41 40 40 40 40 41 42 43 43 43 44 44 44 45 45 45 46 46 47 48 48 47 49 52 52 48 54 54 49 56 58 57 58 58 58 57 57 58 58 58 56 58 57 58 57 64 60 63 60
18 17 18 20 23 21 23 26 30 34 45 64 66 50 44 43 43 45 50 53 57 80 79 79 82 81 81 86 86 90 93 90 80 64 57 46 48 46 42 41 40 40 39 40 40 40 41 42 43 43 43 43 44 44 44 44 44 46 47 48 49 49 47 47 52 52 50 53 54 50 54 57 57 58 59 58 57 57 57 58 54 58 57 60 58 59 64 61 61 61
16 17 17 18 19 21 22 23 28 36 53 62 59 45 35 38 39 44 50 54 60 76 77 79 84 86 82 81 83 85 95 86 81 70 56 57 52 47 45 42 38 38 38 39 39 40 40 41 42 43 43 43 44 44 44 44 44 45 47 49 52 50 50 47 52 53 54 49 53 57 56 57 58 58 59 61 59 59 58 58 57 58 58 59 59 58 61 62 61 61
14 16 17 18 19 20 21 23 28 32 38 40 38 35 33 34 35 39 48 49 56 75 79 77 80 83 82 81 82 86 93 91 80 65 69 68 58 61 45 44 40 38 39 38 38 39 40 41 41 42 43 43 43 44 44 44 44 44 46 49 51 50 51 48 47 53 54 56 49 55 57 59 58 59 60 62 60 59 57 60 58 59 59 59 60 61 62 60 59 59
13 14 15 16 18 19 20 22 23 26 28 29 29 29 26 29 33 38 45 47 52 77 80 78 77 78 79 80 83 92 94 84 83 68 76 67 64 53 49 43 41 45 43 40 38 39 39 40 41 41 42 42 43 43 43 43 44 44 44 45 51 52 47 50 53 54 54 55 57 56 58 59 58 60 60 62 62 59 61 59 58 60 60 59 59 62 63 59 57 60
13 14 15 15 16 17 18 19 20 22 23 25 23 23 24 26 30 38 42 44 50 64 75 81 80 78 78 81 85 92 93 90 79 68 78 77 70 64 57 50 57 52 48 44 41 40 40 41 41 41 43 44 43 44 44 43 43 47 48 52 53 54 53 52 52 49 55 56 61 54 58 61 61 59 61 61 59 60 60 59 59 58 60 59 61 61 60 59 59 60
12 13 14 14 15 16 16 17 18 19 19 20 21 21 23 25 28 35 40 42 46 52 65 76 83 82 81 84 90 87 85 78 69 65 74 100 76 65 59 62 64 60 58 57 49 42 45 44 43 43 43 47 50 46 48 49 43 47 52 52 48 45 57 56 53 53 50 56 58 58 59 61 62 61 62 59 58 61 61 59 56 60 60 59 58 59 60 59 61 59
12 12 13 13 14 15 15 16 17 17 18 19 20 21 22 24 27 30 38 40 42 45 48 61 74 84 81 82 88 83 78 84 91 76 73 100 81 73 70 67 64 61 60 57 57 53 51 49 51 48 51 50 53 50 50 49 51 47 49 52 53 55 57 57 57 57 55 57 58 57 61 60 62 63 62 58 60 61 60 59 56 59 58 58 57 59 60 58 58 60
11 12 12 13 13 14 15 15 16 16 17 17 19 20 21 21 22 31 34 37 39 41 47 53 68 83 80 81 82 86 87 92 89 69 81 99 103 87 74 69 64 60 56 56 56 57 57 58 53 59 59 61 59 61 60 50 49 51 45 48 48 58 49 59 58 59 59 58 60 60 58 60 63 63 60 59 61 58 60 56 54 57 58 58 59 57 58 58 59 59
11 11 12 12 13 13 14 14 15 15 16 17 18 19 19 20 22 27 29 33 35 38 40 46 66 80 81 82 83 83 84 90 87 86 94 97 99 86 79 74 70 63 60 56 57 58 58 57 59 65 70 66 64 62 60 63 54 62 60 49 49 52 57 58 59 60 61 61 59 61 61 59 61 63 60 57 59 58 59 55 52 55 56 59 59 59 58 56 57 59
11 11 11 12 12 13 13 14 14 15 15 16 17 18 19 19 20 23 24 29 34 36 39 49 67 80 78 78 77 77 78 83 88 92 93 96 97 103 108 83 72 68 62 64 62 64 62 59 71 80 85 86 64 67 65 63 61 52 48 52 56 54 57 61 61 69 70 73 68 62 60 63 62 63 60 60 60 57 58 55 53 57 55 56 56 55 57 56 56 56
10 11 11 11 12 12 13 13 13 14 14 15 17 17 18 19 19 20 22 29 34 35 44 52 65 77 80 78 78 78 78 79 82 89 91 94 87 99 105 93 75 71 68 72 69 70 71 67 62 75 96 87 80 83 76 71 63 56 64 63 64 66 61 63 66 69 71 73 75 74 69 67 73 63 63 60 60 60 56 54 56 55 54 55 55 54 55 55 55 55
10 10 10 11 12 12 12 13 13 13 14 15 16 17 17 18 19 20 21 25 29 33 46 50 61 74 78 80 79 83 84 81 85 88 89 92 83 89 101 100 81 72 74 74 78 88 78 86 74 84 90 93 92 89 84 69 63 54 67 69 71 69 68 68 68 69 70 73 74 75 75 75 73 74 65 62 60 55 56 53 50 55 54 55 54 51 52 53 53 51
9 10 10 11 11 12 12 12 12 13 13 15 15 16 17 17 18 19 21 24 27 32 35 44 54 65 69 69 63 71 78 83 84 84 87 89 80 78 82 108 110 79 82 94 82 100 91 92 89 89 93 91 96 94 84 70 63 56 66 80 82 80 78 76 74 71 72 74 74 76 77 77 73 71 68 63 59 57 51 52 49 51 54 54 51 49 51 50 49 51
9 10 10 10 11 11 11 12 12 12 12 14 15 15 16 17 18 18 19 20 24 26 28 32 43 59 55 57 51 44 68 74 80 79 83 87 91 90 100 104 105 110 106 116 103 118 110 107 88 109 106 101 100 95 78 72 64 61 75 89 97 93 83 85 85 72 73 77 76 76 75 76 73 73 77 71 61 57 53 54 52 51 54 51 52 49 49 48 49 47
9 9 10 10 10 11 11 11 11 12 11 13 14 15 15 16 17 18 19 20 21 24 25 28 33 35 42 40 41 36 38 56 71 64 55 54 79 82 85 100 103 106 109 113 117 118 113 118 108 121 117 118 109 101 93 76 68 63 69 85 103 98 88 93 89 81 78 81 84 81 81 81 80 75 73 71 63 58 53 56 51 53 52 49 48 46 46 45 44 45
7 8 8 8 8 10 10 10 11 11 11 13 13 14 15 15 16 17 18 19 20 22 23 24 25 26 31 35 35 35 32 34 45 45 44 45 52 51 59 78 98 99 108 110 112 119 123 122 128 132 127 131 112 98 87 73 67 64 78 91 106 105 99 107 104 89 82 97 87 87 85 82 83 79 76 74 67 55 59 55 54 53 52 48 41 42 42 41 42 45
