worldclim/bio1_cr.asc
ncols        411
nrows        382
xllcorner    -85.979072453958
yllcorner    8.036441368777
cellsize     0.008333330000
NODATA_value  -9999
[rows 152 to 189 of 382, columns 258 to 343 of 411]
135 137 138 140 157 166 171 176 181 194 198 205 209 208 201 202 199 211 217 223 226 231 237 242 238 237 232 228 222 221 223 231 234 242 240 226 216 219 216 210 215 218 221 217 219 234 240 237 222 223 225 218 211 214 226 232 240 258 256 248 253 245 246 250 256 261 258 258 256 255 257 256 256 252 251 251 255 257 258 262 260 256 258 260 261 262
139 147 147 151 160 168 169 171 189 194 204 208 211 213 215 211 211 208 212 218 227 234 239 242 230 229 230 224 221 216 223 226 229 231 238 226 213 207 212 217 218 220 223 222 217 234 237 228 219 212 217 211 210 213 213 230 248 256 257 251 247 248 254 256 257 257 259 256 254 253 255 255 253 248 246 246 245 250 254 255 253 249 253 258 260 262
146 154 161 164 164 170 171 172 184 193 205 209 212 216 219 220 223 222 220 217 226 234 240 237 224 224 224 223 218 212 222 226 233 240 232 220 214 206 208 217 221 221 221 221 231 232 222 226 213 204 205 200 201 215 215 228 245 248 246 239 240 239 243 247 252 255 259 256 253 249 249 254 255 250 245 244 245 253 251 250 246 244 251 253 259 260
155 162 167 172 173 174 178 170 180 190 198 204 208 209 218 223 224 227 228 222 226 234 233 227 223 222 220 217 211 215 218 226 227 243 226 213 205 206 207 213 220 219 216 221 227 219 223 214 215 196 185 181 196 215 218 230 248 249 237 233 233 232 237 243 248 245 248 254 251 245 244 250 250 247 246 245 247 246 241 238 241 245 244 248 257 259
160 168 172 175 178 177 181 184 187 193 194 198 205 213 218 224 227 228 229 229 230 234 224 225 222 214 212 211 208 213 218 221 225 234 220 211 214 209 205 213 217 221 221 220 225 214 208 211 214 200 195 183 207 219 218 227 243 256 231 228 227 224 232 237 233 230 246 250 250 246 244 251 250 244 244 246 242 238 241 244 249 244 244 243 251 256
167 173 178 184 185 182 183 189 192 194 195 197 203 209 213 221 226 229 229 229 232 227 221 221 219 212 204 207 207 212 216 216 222 230 241 226 219 207 205 212 213 217 222 224 224 219 206 196 202 203 205 193 206 230 237 229 244 255 235 230 216 215 219 230 226 221 233 234 244 245 244 246 246 245 240 243 241 244 249 250 251 251 250 251 252 256
175 178 186 188 191 194 196 196 201 200 201 203 200 203 209 218 223 229 229 229 229 228 221 218 215 209 202 203 204 213 219 223 227 232 237 232 223 212 204 199 202 212 216 220 225 220 212 200 206 204 218 208 220 231 235 237 234 250 240 228 222 208 209 219 217 223 218 236 241 240 238 233 236 242 242 242 243 245 252 258 257 259 259 260 260 261
178 181 189 190 195 195 197 195 201 203 205 204 208 199 205 212 220 225 229 230 230 229 224 216 210 210 201 200 212 216 223 225 230 222 231 237 229 218 213 194 193 208 215 218 220 220 209 206 212 210 221 226 227 220 219 227 216 239 246 239 233 223 210 206 214 225 225 233 230 232 229 229 235 239 241 245 248 247 253 252 253 255 255 260 254 256
181 186 194 197 198 202 211 222 212 209 206 208 212 206 202 210 216 222 226 230 230 231 228 221 216 211 199 198 206 215 213 216 222 230 226 226 235 227 210 199 191 207 210 207 210 217 212 205 215 224 224 214 217 198 205 214 195 215 240 225 212 210 216 205 215 226 230 233 227 224 223 229 233 237 241 243 249 253 251 251 248 251 255 256 251 253
184 193 201 205 211 213 220 222 221 220 216 215 217 214 200 208 214 220 223 227 230 230 231 226 222 216 210 197 199 200 205 212 219 224 217 217 228 234 227 210 197 198 199 200 202 207 208 201 215 208 212 212 203 197 210 218 202 210 244 230 224 212 196 202 207 207 218 228 220 214 214 225 227 231 239 244 244 247 242 240 239 242 254 258 250 247
195 205 206 213 211 214 202 206 218 220 226 225 222 222 226 211 221 225 223 227 230 231 230 231 225 221 218 207 201 198 201 211 218 217 213 223 231 221 225 220 207 212 202 198 201 206 212 212 213 203 201 203 200 197 209 218 220 219 237 210 212 213 191 190 193 207 219 221 223 212 212 221 224 235 240 238 234 237 240 225 227 240 245 255 249 249
202 208 211 207 194 189 195 200 202 214 218 221 224 227 224 224 229 228 229 230 231 231 228 229 228 229 224 218 209 208 211 213 212 214 221 225 229 218 216 223 217 215 214 203 201 208 207 209 213 197 191 192 184 182 192 214 225 226 234 212 198 195 192 179 181 198 211 211 213 202 201 216 200 222 238 233 233 236 243 236 227 243 249 250 248 247
208 209 211 204 194 191 186 189 197 205 201 213 218 222 222 218 224 230 228 231 231 231 220 223 225 226 227 225 215 218 211 207 203 207 218 221 227 225 217 214 217 216 212 206 201 199 201 200 208 207 199 188 173 178 200 212 220 226 232 234 213 201 190 174 161 193 195 198 207 191 180 186 199 211 227 228 224 235 237 236 233 233 250 243 242 241
212 211 211 209 197 191 186 182 197 203 210 215 219 222 225 221 229 230 230 220 230 224 209 215 220 220 222 221 224 223 218 207 198 211 220 216 232 222 216 213 211 211 207 203 205 205 205 202 204 200 199 196 177 180 187 194 213 226 232 221 200 193 191 175 157 172 175 184 193 182 171 186 202 227 219 216 211 230 231 231 232 227 237 240 233 251
211 212 210 201 195 197 183 175 195 203 195 203 212 218 224 227 228 228 229 228 228 216 210 214 207 213 216 217 218 220 217 212 205 209 220 209 219 231 219 210 208 206 203 205 205 205 205 203 200 203 198 190 183 176 182 196 216 222 236 237 209 203 194 174 175 164 161 165 167 173 177 191 203 215 208 203 218 212 221 222 226 229 237 248 236 246
212 208 209 201 187 190 164 183 191 195 204 213 204 214 223 226 223 218 228 228 226 215 208 202 201 207 211 211 210 213 213 216 217 218 214 212 222 223 229 215 208 210 207 205 204 202 200 204 198 198 200 189 188 204 197 207 214 226 234 234 225 212 198 194 187 175 178 177 164 174 190 201 211 197 186 194 213 206 214 216 222 223 240 234 238 240
207 202 202 190 188 173 171 184 187 190 200 209 218 222 227 227 225 220 213 215 223 219 203 192 196 207 203 196 203 210 210 212 214 217 218 219 218 208 223 230 221 218 208 200 204 201 194 190 188 191 197 194 204 216 208 207 222 239 219 227 232 222 211 202 204 192 195 190 163 157 188 196 196 177 183 186 189 206 197 204 224 232 236 222 233 232
190 192 192 176 167 159 175 181 188 193 194 210 217 226 225 226 225 222 213 209 217 221 209 190 188 198 193 191 211 204 198 207 210 211 214 212 205 210 215 218 228 219 208 198 197 200 197 192 186 184 185 190 205 209 225 231 232 231 212 216 227 227 218 215 213 210 201 186 176 164 172 181 179 176 183 182 184 185 187 198 218 225 226 228 225 216
190 189 177 170 164 161 185 183 198 197 207 213 220 222 219 224 223 217 215 207 212 214 216 203 184 192 188 199 201 199 198 203 195 205 212 197 205 213 200 210 222 219 209 203 191 189 195 191 191 189 191 196 201 210 221 231 228 216 203 211 220 224 223 215 207 194 194 187 176 165 172 170 167 188 194 208 200 194 193 189 196 203 212 220 217 216
189 185 177 170 164 173 189 203 209 212 214 216 224 217 204 218 223 217 212 207 202 210 213 211 186 179 184 196 184 187 192 198 194 204 202 190 197 202 209 209 217 223 212 198 189 183 189 189 187 189 201 211 214 217 231 229 226 208 198 210 222 216 212 200 188 177 163 160 157 152 156 179 189 195 197 210 213 204 203 201 189 179 177 186 214 224
184 178 180 183 178 187 195 198 200 212 217 220 223 218 210 217 221 213 207 201 203 208 205 210 206 197 192 189 179 178 184 185 199 194 192 205 211 209 212 208 208 223 217 214 198 180 178 182 186 185 199 205 217 231 235 223 228 210 204 208 214 209 213 202 184 174 167 161 156 148 155 160 178 196 204 208 219 221 217 210 207 191 186 201 205 223
189 185 193 193 180 177 188 198 206 209 217 217 220 217 211 210 218 218 213 205 194 199 200 206 198 188 185 185 172 167 173 181 186 184 196 203 202 205 194 201 207 217 212 209 197 184 176 178 180 197 203 213 221 233 229 219 226 218 209 206 206 205 210 208 193 170 160 152 148 158 161 160 168 172 192 203 199 211 227 224 215 214 207 217 201 213
197 199 191 190 196 180 189 195 207 212 211 213 217 214 210 208 215 214 207 200 185 185 188 194 198 181 173 174 175 161 165 175 187 195 187 194 193 201 206 207 222 219 207 204 190 175 172 175 184 202 213 210 228 226 227 216 220 228 207 199 196 200 202 207 202 184 173 144 146 162 169 172 173 167 181 183 194 213 221 230 235 235 237 227 217 215
190 189 176 176 195 185 184 194 196 190 200 208 215 211 207 192 206 206 208 204 193 182 176 180 190 191 174 165 168 165 173 182 179 184 175 180 188 206 215 216 217 212 209 204 195 172 166 182 200 202 215 222 231 219 218 208 210 221 215 199 194 194 192 201 199 191 176 162 156 173 183 177 183 167 175 179 202 214 220 219 220 220 243 242 235 224
175 182 170 178 192 184 177 184 192 200 209 211 213 206 195 196 206 207 193 194 193 179 166 167 170 180 167 163 165 169 168 172 174 175 178 190 200 209 218 215 207 205 194 193 195 182 168 179 199 214 226 228 219 216 220 202 197 210 218 203 192 189 192 196 193 192 186 176 167 175 191 201 187 179 196 187 196 193 202 225 224 224 229 249 243 236
155 180 171 160 187 183 170 183 190 195 204 198 205 193 195 190 198 208 201 188 179 169 167 167 168 163 160 158 162 163 156 154 158 163 185 194 208 216 213 209 202 205 187 190 193 187 171 181 200 211 229 230 210 205 212 214 205 200 213 210 199 191 187 191 187 185 184 180 180 184 193 202 199 195 208 205 191 193 209 234 236 231 240 239 250 250
152 159 160 158 177 182 167 174 176 194 206 189 197 191 179 182 191 193 193 197 189 178 171 173 176 181 168 163 157 167 167 148 149 165 184 191 202 213 201 197 195 195 186 190 189 190 193 192 211 221 217 212 200 204 214 209 202 199 209 205 192 186 185 184 182 181 180 181 189 195 194 212 215 204 211 202 202 213 225 238 246 246 248 252 254 256
133 139 143 151 169 179 166 161 171 186 188 179 191 191 189 183 180 185 181 188 183 181 173 166 176 178 179 176 167 170 181 169 158 170 186 198 208 216 199 187 184 186 179 179 190 202 207 216 220 227 220 208 200 193 211 210 200 199 202 202 186 183 174 179 186 192 185 190 194 205 196 205 219 215 217 217 216 228 241 244 230 233 238 245 253 257
137 143 154 167 177 175 160 156 169 186 177 172 181 188 181 186 177 165 166 180 180 171 163 159 165 175 183 187 178 181 183 190 181 181 182 199 208 201 198 189 177 178 170 175 190 207 214 220 226 215 209 204 191 194 195 207 202 194 190 200 185 173 162 176 188 194 203 202 200 210 193 204 223 226 226 229 232 236 234 224 221 226 233 246 254 256
136 144 153 159 171 175 164 163 172 177 184 175 164 169 169 169 168 162 157 165 167 160 165 167 164 170 176 180 191 193 197 193 197 190 189 202 194 187 192 186 171 165 162 170 186 198 211 224 220 204 200 201 185 185 195 204 191 183 183 190 188 173 165 172 181 190 202 210 212 218 220 204 215 232 229 223 225 223 213 216 229 233 241 249 254 254
136 144 151 158 168 174 172 166 157 161 172 169 152 159 171 147 151 154 145 145 154 163 168 171 176 179 180 184 181 181 176 184 190 197 201 188 177 172 183 176 167 156 166 187 188 208 217 224 207 202 184 190 178 175 188 199 188 185 175 179 179 176 172 178 188 198 200 206 204 203 218 221 222 223 223 220 223 225 225 218 228 237 245 252 251 253
130 130 133 158 163 168 154 159 168 153 159 163 146 139 157 167 143 136 138 141 153 164 171 172 174 174 178 179 172 183 170 174 179 188 195 181 166 158 172 165 159 170 179 192 196 200 217 223 205 191 179 183 176 167 177 192 176 178 164 174 168 165 171 174 192 190 196 194 187 203 210 211 210 214 218 221 225 231 233 233 235 241 246 253 249 247
127 127 129 134 145 143 145 152 169 156 156 160 152 134 152 145 139 127 134 141 153 162 168 167 166 173 176 165 173 181 173 165 174 193 184 190 172 154 158 153 143 158 163 154 172 181 209 220 206 191 185 186 180 168 172 181 186 168 165 164 163 161 165 177 185 178 174 176 189 201 199 203 208 204 208 222 228 233 236 238 244 246 252 246 251 239
121 123 122 123 123 128 133 133 139 161 145 155 145 134 140 141 138 127 132 138 147 158 164 161 163 159 153 155 165 174 173 163 176 184 178 179 178 163 149 136 141 151 158 158 169 193 215 218 215 204 196 189 181 166 165 169 176 176 156 152 147 156 164 171 174 166 156 172 180 187 189 199 203 189 197 211 224 228 227 233 243 244 240 238 239 242
119 117 118 119 120 121 122 118 152 153 134 140 149 133 131 131 133 126 127 136 148 154 159 156 153 143 148 143 153 160 169 163 169 181 177 172 173 164 141 140 163 168 175 180 193 206 210 198 204 208 203 190 179 164 156 161 164 161 150 138 156 168 164 172 169 166 171 169 183 192 193 202 206 186 193 199 208 216 224 234 240 233 233 232 231 234
124 120 120 122 119 115 117 120 137 155 139 134 141 138 124 121 122 118 123 132 139 147 152 147 144 135 139 136 135 150 161 153 165 175 168 162 160 163 160 151 160 182 188 196 203 214 201 185 182 198 196 195 184 175 162 147 161 153 145 143 165 179 184 185 184 182 185 182 189 190 203 208 211 194 190 199 199 206 221 228 234 230 224 221 224 230
118 122 121 125 124 128 124 123 129 141 140 132 133 133 128 123 122 112 117 126 129 138 145 137 134 122 123 119 133 139 152 148 154 163 159 149 151 162 178 169 164 174 190 205 209 202 198 170 175 191 181 186 185 171 168 160 159 153 152 151 167 172 185 197 190 196 195 196 197 197 209 216 219 211 198 199 204 207 205 212 229 227 216 216 223 230
115 119 121 123 122 122 126 128 129 130 138 135 132 129 127 126 124 118 111 120 122 127 133 133 124 107 116 113 134 131 141 142 137 159 150 144 147 165 177 187 185 189 195 209 205 187 194 161 160 163 173 173 171 171 169 163 159 153 155 163 174 183 187 198 205 205 206 206 201 201 212 220 225 220 206 201 209 219 204 209 223 226 216 216 226 232
