worldclim/bio15_cr.asc
ncols        411
nrows        382
xllcorner    -85.979072453958
yllcorner    8.036441368777
cellsize     0.008333330000
NODATA_value  -9999
[rows 82 to 122 of 382, columns 184 to 275 of 411]
50 49 49 48 48 47 47 46 45 45 45 44 43 43 43 42 42 41 41 40 39 39 39 38 37 37 36 36 36 35 35 34 34 34 33 33 32 32 32 32 31 31 31 31 31 31 31 31 30 31 31 31 31 31 31 31 31 31 31 31 31 31 31 31 31 31 31 32 32 32 32 32 32 32 32 32 32 33 33 33 33 33 33 33 34 34 34 34 34 34 34 34
50 49 49 48 48 47 46 46 45 45 45 44 43 43 42 42 41 41 40 40 39 39 38 38 37 37 36 36 35 35 35 34 34 33 33 32 32 32 32 31 31 31 31 31 31 30 30 30 31 31 31 31 31 31 31 31 31 31 31 31 31 31 31 31 31 31 31 31 31 32 32 32 32 32 32 32 32 32 33 33 33 33 33 33 33 33 34 34 34 34 34 34
50 50 49 48 48 47 46 46 45 45 44 44 43 43 42 42 41 41 40 40 39 38 38 37 37 36 36 36 35 35 34 34 33 33 33 32 32 31 31 31 31 30 30 30 30 30 30 30 30 30 30 31 30 31 31 31 31 31 31 31 31 31 31 31 31 31 31 31 31 31 31 32 32 32 32 32 32 32 32 33 33 33 33 33 33 33 33 34 34 34 34 34
51 50 49 48 48 47 46 46 45 45 44 44 43 42 42 42 41 40 40 39 38 38 38 37 37 36 36 35 35 34 34 34 33 33 32 32 32 31 31 31 30 30 30 30 30 29 30 30 30 30 30 30 31 31 31 31 30 31 31 31 31 31 31 31 31 31 31 31 31 31 31 31 32 32 32 32 32 32 32 32 32 33 33 33 33 33 33 33 33 34 34 34
51 50 49 48 48 47 46 46 45 44 44 44 43 42 42 41 41 40 40 39 38 38 37 37 36 36 35 35 34 34 33 33 32 32 32 32 31 31 31 30 30 30 30 29 29 29 30 30 30 30 30 30 30 30 30 30 30 30 30 31 31 31 31 31 31 31 31 31 31 31 31 31 31 32 32 32 32 32 32 32 32 32 33 33 33 33 33 33 33 34 34 34
51 50 49 48 48 47 46 45 45 44 43 43 43 42 42 41 41 40 39 39 38 37 37 37 36 35 35 34 34 33 33 33 32 32 32 31 31 31 30 30 30 29 29 29 29 29 29 29 29 30 30 30 30 30 30 30 30 30 30 30 30 31 31 31 31 31 31 31 31 31 31 31 31 31 32 32 32 32 32 32 32 32 33 33 33 33 33 33 33 33 34 34
51 49 49 48 47 47 46 45 45 44 43 43 42 42 41 41 40 40 39 38 38 37 37 36 36 35 35 34 34 33 33 32 32 32 31 31 31 30 30 30 29 29 29 29 29 29 29 29 30 30 30 30 30 30 30 30 30 30 30 30 30 30 30 31 31 31 30 31 31 31 31 31 31 31 31 32 32 32 32 32 32 32 32 33 33 33 33 33 33 33 33 34
51 50 49 48 47 47 46 45 45 44 44 43 42 42 41 41 40 39 39 38 37 37 36 36 35 35 34 34 33 33 32 32 32 31 31 31 30 30 30 29 29 29 29 29 28 28 29 29 28 28 28 30 30 30 30 30 30 30 30 30 30 30 30 30 30 30 30 30 31 31 31 31 31 31 31 31 32 32 32 32 32 32 32 32 33 33 33 33 33 33 33 33
51 50 49 48 47 46 46 45 44 44 43 43 41 41 41 40 40 39 38 38 37 36 36 35 35 34 34 34 33 33 32 32 32 31 31 31 30 30 30 29 29 29 28 28 28 28 28 28 28 28 28 29 30 30 30 30 30 30 30 30 30 30 30 30 30 30 30 30 30 31 31 31 31 31 31 31 31 32 32 32 32 32 32 32 32 33 33 33 33 33 33 33
50 49 47 47 47 45 45 44 44 43 43 42 41 40 40 40 39 38 38 37 37 36 36 35 35 34 34 33 33 32 32 32 31 31 31 30 30 30 29 29 29 29 28 28 28 28 28 28 29 29 29 30 30 30 30 30 30 30 30 30 30 30 30 30 30 30 30 30 30 30 31 31 31 31 31 31 31 31 32 32 32 32 32 32 32 33 33 33 33 33 33 33
49 48 47 45 44 44 45 44 44 43 42 41 41 41 40 40 39 38 37 37 36 35 35 35 34 34 33 33 33 32 32 32 31 31 31 30 30 30 29 29 29 28 28 28 28 28 28 28 28 28 29 29 30 30 29 30 30 30 30 30 30 30 30 30 30 30 30 30 30 30 30 31 31 31 31 31 31 32 32 31 32 32 32 32 32 32 33 33 33 33 33 33
48 46 45 45 45 44 44 43 43 42 42 41 41 40 40 39 39 38 37 36 36 35 35 35 34 34 33 33 32 32 32 31 31 31 30 30 30 30 29 29 29 28 28 28 28 28 27 28 28 28 28 29 29 29 29 29 30 30 30 30 30 30 30 30 30 30 30 30 30 30 30 30 31 31 31 31 31 31 31 32 32 32 32 32 32 32 32 33 33 33 33 33
48 47 46 45 44 42 41 43 42 42 41 40 40 39 39 39 38 38 37 36 35 35 35 34 34 33 33 33 32 32 32 31 31 31 30 30 30 29 29 29 29 28 28 28 28 27 27 27 27 28 28 28 29 29 30 30 30 30 29 29 29 29 29 30 29 30 30 30 30 30 30 30 31 31 31 31 31 31 31 31 32 32 32 32 32 32 32 32 33 33 33 33
48 47 44 44 39 41 39 37 38 42 40 39 39 39 39 38 38 37 36 36 35 35 34 34 33 33 33 33 32 32 31 31 31 30 30 30 30 29 29 29 28 28 28 28 28 27 27 27 27 27 27 28 28 29 30 30 30 30 29 29 29 29 29 29 29 29 29 30 30 30 30 30 30 31 31 31 31 31 31 31 32 32 32 32 32 32 32 32 32 33 33 33
47 42 40 39 40 41 39 39 37 37 39 39 38 38 38 37 37 37 36 35 35 34 34 33 33 33 33 32 32 32 31 31 31 30 30 30 29 29 29 29 28 28 28 28 28 27 27 27 27 27 27 27 28 29 29 30 30 29 29 29 29 29 29 29 29 29 29 29 30 30 30 30 30 30 30 31 31 31 31 31 31 32 32 32 32 32 32 32 32 32 33 33
44 41 40 39 39 40 40 39 38 37 36 37 38 37 37 37 36 36 36 35 35 34 34 33 33 33 32 32 32 31 31 31 31 30 30 30 29 29 29 29 28 28 28 28 28 27 27 27 27 27 27 27 28 28 28 29 29 29 29 29 29 29 29 29 29 29 29 29 29 30 30 30 30 30 30 31 31 31 31 31 31 32 32 32 32 32 32 32 32 32 32 33
41 40 41 40 41 40 40 39 38 37 37 37 36 37 37 36 35 36 36 35 34 34 34 33 33 32 32 32 32 31 31 31 30 30 30 30 29 29 29 29 28 28 28 28 28 27 27 27 27 27 27 27 27 27 28 29 29 29 28 28 28 28 28 29 29 29 29 29 29 29 30 30 30 30 30 31 31 31 31 31 31 31 32 32 32 32 32 32 32 32 32 32
40 40 40 39 40 40 39 38 37 37 36 36 36 35 36 36 35 35 35 35 34 34 33 33 32 32 32 32 32 31 31 31 30 30 30 30 29 29 29 29 28 28 28 28 28 27 27 27 27 27 27 27 27 27 28 28 28 28 28 28 28 28 28 28 28 29 29 29 29 29 29 30 30 30 30 31 31 31 31 31 31 31 32 32 32 32 32 32 32 32 32 32
39 39 39 39 38 38 38 37 37 37 36 36 36 35 35 35 35 35 35 34 34 33 33 32 32 32 32 32 31 31 31 31 30 30 30 30 29 29 29 29 28 28 28 28 28 27 27 27 27 27 27 27 27 27 27 27 28 28 28 28 28 28 28 28 28 28 29 29 29 29 29 30 30 30 30 30 31 31 31 31 31 31 31 32 32 32 32 32 32 32 32 32
40 39 39 39 39 39 39 38 37 37 37 37 36 36 35 35 35 34 34 34 34 34 33 32 32 32 32 32 31 31 31 30 30 30 30 29 29 29 29 29 28 28 28 28 28 28 27 27 27 27 27 27 27 27 27 27 27 27 27 27 27 27 28 28 28 28 28 29 29 29 29 30 30 30 30 30 31 31 31 31 31 31 31 32 32 32 32 32 32 32 32 32
40 40 39 39 39 39 39 39 39 39 38 38 37 37 36 35 35 34 34 34 34 33 33 32 32 32 32 31 31 31 31 30 30 30 30 29 29 29 29 28 28 28 28 28 28 28 27 27 27 27 27 27 27 26 26 27 27 27 27 27 27 27 27 28 28 28 28 28 29 29 29 30 30 30 30 30 31 31 31 31 31 31 31 32 32 32 32 32 32 32 32 32
40 40 40 40 40 40 40 40 40 40 39 39 38 38 37 36 35 35 34 34 33 33 33 32 32 32 31 31 31 31 31 30 30 30 30 29 29 29 29 28 28 28 28 28 28 27 27 27 27 27 27 27 27 27 26 26 27 27 27 27 27 27 27 27 27 28 28 28 29 29 29 29 30 30 30 30 31 31 31 31 31 31 31 31 32 32 32 32 32 32 32 32
41 41 41 41 41 42 42 42 42 42 43 41 39 40 41 41 37 36 34 34 33 33 33 32 32 31 31 31 31 31 30 30 30 30 29 29 29 28 28 28 28 28 28 27 28 27 27 27 27 27 27 27 27 27 26 26 26 26 26 26 26 27 27 27 27 28 28 28 29 29 29 29 30 30 30 30 31 31 31 31 31 31 31 31 32 32 32 32 32 32 32 32
41 41 41 42 42 43 44 46 45 46 44 43 44 42 42 41 40 39 36 35 34 33 33 32 32 32 31 31 31 30 30 30 30 30 29 29 29 28 28 28 28 28 28 27 27 27 27 27 27 27 27 27 27 27 26 26 26 26 26 26 26 26 27 27 27 28 28 28 28 29 29 29 30 30 30 31 31 31 31 31 31 31 31 31 31 32 32 32 32 32 32 32
42 42 42 43 45 45 48 51 50 49 48 46 48 46 45 44 43 41 39 37 36 34 34 33 32 32 31 31 30 30 30 30 30 29 29 29 29 28 28 28 28 28 28 28 28 27 27 27 27 27 27 27 27 27 27 26 26 26 26 26 26 27 27 27 27 27 28 28 28 29 29 29 30 30 30 31 31 31 31 31 31 32 31 31 31 31 31 31 31 31 32 32
43 43 43 44 46 48 52 56 55 52 55 49 53 54 50 52 46 44 42 39 39 37 36 34 36 36 33 32 31 30 30 30 30 29 29 29 28 28 28 28 29 28 28 29 28 28 27 27 27 27 27 27 27 27 27 27 26 26 26 26 26 27 27 27 27 27 28 28 28 29 29 29 30 30 30 31 31 31 31 31 31 31 31 31 31 31 31 31 31 31 31 31
45 45 45 47 48 51 56 56 51 50 49 56 56 51 51 54 50 46 43 42 41 40 39 37 39 39 39 38 35 33 30 29 29 29 30 29 28 30 31 31 31 30 30 29 29 29 29 28 28 27 27 27 27 27 27 27 26 26 26 26 27 27 27 27 27 28 28 28 28 29 29 29 30 30 30 31 31 31 31 32 32 32 31 31 31 31 31 31 31 31 31 31
48 47 48 49 49 55 58 53 42 40 34 50 57 45 45 56 53 46 47 44 43 41 40 40 40 40 40 39 40 38 38 31 30 30 31 30 31 33 34 35 34 32 32 32 31 32 31 29 28 27 27 27 27 27 27 27 27 27 27 27 27 27 27 27 27 28 28 28 28 29 29 29 30 30 30 31 31 31 32 32 32 32 31 31 31 31 31 31 31 31 31 31
51 51 52 54 55 59 57 52 32 22 49 55 57 43 51 57 54 55 47 46 44 43 41 41 42 42 42 39 41 40 38 35 37 35 37 38 36 36 37 37 37 36 34 34 33 33 32 31 29 28 27 27 27 27 27 27 27 27 27 27 27 27 27 27 27 28 28 28 28 29 29 29 29 30 30 30 31 31 31 32 31 31 31 31 31 31 31 31 31 31 31 31
52 54 56 58 60 57 54 44 36 29 49 56 53 34 48 57 56 54 55 49 46 45 44 44 43 43 43 42 42 41 41 37 40 39 39 39 39 39 39 39 39 38 36 36 35 35 33 32 29 28 27 27 27 27 27 27 27 27 27 27 27 27 27 27 27 28 28 28 28 29 29 29 29 30 30 30 30 31 31 31 31 31 31 31 31 31 31 31 31 31 31 31
53 56 59 61 61 59 53 46 35 23 37 52 49 45 39 53 55 53 59 54 49 46 47 46 46 46 46 44 43 42 42 41 41 41 41 41 40 40 41 40 45 40 39 38 38 36 35 33 30 29 28 27 27 27 27 27 27 27 27 27 27 27 27 27 28 28 28 28 28 29 29 29 29 29 30 30 30 30 31 31 31 31 31 31 31 30 30 30 30 30 30 31
55 58 61 62 60 58 54 39 31 31 30 45 40 32 34 43 53 59 60 54 50 49 48 49 57 55 57 47 44 44 43 42 42 42 41 42 42 41 50 58 50 47 42 44 40 38 37 35 32 30 29 28 27 28 28 27 27 27 27 27 27 27 27 28 28 28 28 28 28 28 29 29 29 29 29 30 30 30 30 30 30 30 30 30 30 30 30 30 30 30 30 30
59 62 63 63 61 57 53 43 36 23 27 31 25 24 47 52 53 55 58 59 54 51 56 59 50 48 52 58 49 45 44 43 42 43 42 42 50 48 57 60 60 52 51 48 42 41 38 37 35 32 30 29 28 28 28 27 28 27 27 27 28 27 28 28 28 28 28 28 28 28 29 29 29 29 29 29 29 29 29 29 30 30 30 30 30 30 30 30 30 30 30 30
63 64 63 62 57 54 52 51 37 33 24 23 25 36 40 39 51 51 62 56 57 58 60 56 52 38 45 57 59 45 45 45 44 44 43 55 59 59 58 59 57 59 58 57 55 46 41 39 37 34 32 30 29 28 28 27 28 28 28 28 28 28 28 28 28 28 28 28 28 28 29 29 29 29 29 29 29 29 29 29 29 29 29 30 30 29 29 30 29 29 29 29
65 64 63 59 53 44 38 20 30 29 33 31 39 45 51 46 48 57 62 62 61 61 59 54 44 44 48 52 60 56 57 44 45 44 56 59 55 55 54 53 55 54 56 52 56 55 45 40 38 36 34 32 30 29 28 28 28 28 28 28 28 28 28 28 28 28 28 28 28 28 28 29 29 29 29 29 29 29 29 29 29 29 29 29 29 29 29 29 29 29 29 29
62 62 60 56 43 44 36 23 25 31 33 32 26 40 50 59 58 62 63 63 62 58 56 48 42 42 44 49 55 60 60 52 47 46 60 59 52 51 47 47 47 46 45 47 51 56 48 43 40 38 36 33 31 28 28 28 28 28 28 28 28 28 28 28 28 28 28 28 28 28 28 28 28 29 28 28 28 28 28 28 28 29 29 29 29 29 29 29 29 29 29 29
62 61 59 56 53 41 35 28 20 28 31 32 33 35 34 45 54 62 63 61 59 53 49 38 35 36 39 43 48 54 58 61 61 44 59 56 50 48 45 44 43 41 43 45 48 54 53 43 40 36 34 32 31 32 30 29 29 28 28 28 28 28 28 28 28 28 28 28 28 28 28 28 28 28 28 28 28 28 28 28 28 28 28 28 28 28 28 28 28 28 28 28
65 62 60 56 44 43 22 25 22 20 30 31 33 27 46 55 53 61 61 58 54 52 44 36 39 40 39 38 42 50 51 57 60 61 61 49 47 46 43 42 41 41 42 43 47 51 45 42 37 40 39 38 36 33 33 32 30 29 28 28 28 28 28 28 28 28 28 28 28 28 28 28 28 28 28 28 28 28 28 28 28 28 28 28 28 28 28 28 28 28 28 28
68 63 59 57 45 38 30 22 21 22 27 30 27 34 49 61 61 62 61 55 48 44 36 37 42 45 43 39 38 41 44 50 53 54 56 48 46 44 42 40 40 39 40 41 43 56 52 52 53 51 45 41 39 35 34 32 30 30 30 29 28 28 28 28 28 28 28 28 28 28 28 28 28 28 28 28 28 28 28 28 28 28 28 28 28 28 28 28 28 28 28 28
68 64 61 58 50 46 22 24 26 27 24 28 26 53 55 56 57 57 56 51 45 42 36 39 43 43 42 41 41 41 41 42 49 52 52 47 44 43 41 40 39 39 39 43 52 58 52 39 39 50 49 45 40 36 33 32 30 29 29 28 28 28 28 28 28 28 28 28 28 28 28 28 28 28 28 28 28 28 27 27 27 27 28 28 28 28 27 28 28 28 28 28
69 65 61 61 54 53 37 24 27 28 27 31 27 39 53 35 54 46 40 43 41 37 42 40 43 44 45 43 42 42 40 41 46 48 46 47 44 41 40 40 40 40 44 45 47 47 39 39 40 45 53 46 41 38 35 32 30 30 29 29 29 29 29 28 28 28 28 28 28 28 28 28 28 28 28 28 28 27 27 28 27 27 27 27 27 27 27 27 27 27 27 27
