worldclim/bio17_cr.asc
ncols        411
nrows        382
xllcorner    -85.979072453958
yllcorner    8.036441368777
cellsize     0.008333330000
NODATA_value  -9999
[rows 195 to 233 of 382, columns 174 to 260 of 411]
80 83 83 83 84 85 86 87 88 89 89 92 93 92 93 94 97 96 95 95 102 98 95 97 98 101 101 103 107 109 116 116 119 121 122 124 117 105 107 130 203 208 121 198 217 163 183 151 159 182 199 174 149 177 215 91 140 213 216 173 161 201 209 211 201 160 158 186 241 206 223 318 167 140 146 134 118 121 166 166 161 182 186 117 142 138 121
81 83 82 84 85 85 87 88 88 89 89 92 94 91 93 96 97 96 93 96 94 93 93 96 97 97 99 103 106 110 114 112 116 120 122 124 124 120 107 133 163 211 131 139 216 129 124 120 123 145 134 137 134 218 113 141 205 194 169 161 211 186 213 199 157 191 205 237 190 279 306 312 184 131 122 137 140 121 170 238 182 253 176 121 123 137 142
82 82 84 85 85 87 86 88 88 89 89 91 91 93 95 96 93 93 92 93 93 93 93 93 94 96 98 101 103 106 109 116 116 114 122 124 125 125 112 119 118 146 160 207 204 140 116 118 119 126 121 123 134 201 185 152 214 178 136 165 167 204 197 207 169 165 197 207 179 280 191 169 138 120 118 139 173 164 231 388 398 196 115 125 130 119 196
82 81 82 85 86 86 87 88 89 90 90 91 92 95 97 95 93 94 93 92 92 92 93 92 93 95 98 100 102 105 112 115 113 113 116 122 124 127 122 108 109 111 118 120 122 137 120 118 127 122 123 126 128 160 174 158 196 166 135 144 172 154 147 162 207 195 195 185 180 291 222 251 134 116 116 143 164 237 374 462 479 175 177 124 114 141 193
83 83 84 85 86 87 87 88 90 91 91 92 94 94 95 94 93 93 93 93 92 93 92 92 92 95 97 100 103 104 109 112 111 113 116 119 122 126 125 123 114 117 113 115 136 115 121 117 129 121 126 138 138 157 136 129 132 151 139 135 137 138 155 203 186 190 204 172 185 287 284 304 153 120 130 119 145 170 389 442 370 216 204 144 144 185 196
83 84 84 86 85 87 89 89 90 91 91 92 92 93 94 94 95 95 94 94 91 92 92 92 93 96 97 99 103 104 106 109 110 111 116 118 121 125 127 129 129 125 115 113 115 135 135 134 128 120 121 132 124 124 127 131 130 129 138 158 134 137 200 165 174 189 175 174 229 240 293 245 163 253 310 158 132 150 291 387 432 432 423 180 192 233 188
84 84 85 86 87 88 89 90 91 91 91 93 93 94 94 94 96 95 96 95 94 93 92 93 93 97 98 101 103 104 106 107 108 112 115 118 121 125 128 130 130 131 128 126 131 141 128 122 123 119 121 123 125 132 139 143 137 134 133 132 132 136 190 190 176 182 201 184 187 204 244 274 257 339 299 323 156 175 377 428 370 425 464 374 338 195 181
84 84 86 -9999 -9999 -9999 -9999 90 91 91 92 93 93 94 95 96 97 96 96 95 95 94 94 94 95 97 99 101 103 104 105 106 108 111 114 118 121 124 128 131 132 134 134 133 141 138 135 123 118 125 134 129 130 140 146 138 129 127 128 130 131 151 150 176 179 174 199 176 211 222 262 249 297 237 238 359 350 394 334 327 354 441 467 454 193 199 378
-9999 -9999 -9999 -9999 -9999 -9999 -9999 -9999 -9999 -9999 93 94 94 95 96 96 97 97 97 96 96 96 95 96 98 99 100 102 103 104 105 107 109 111 114 119 122 125 128 132 131 132 135 141 140 136 131 129 117 129 143 142 143 147 142 128 126 127 133 136 129 141 144 175 155 165 186 189 183 196 200 205 208 217 212 277 369 254 258 335 425 430 320 236 222 295 511
-9999 -9999 -9999 -9999 -9999 -9999 -9999 -9999 -9999 -9999 -9999 -9999 -9999 -9999 96 97 97 97 97 97 96 96 96 98 98 99 100 102 104 105 106 110 110 111 115 119 123 126 130 133 135 138 140 140 132 133 142 150 140 142 149 148 154 150 146 131 126 133 139 137 132 133 137 158 149 189 196 186 193 161 181 202 201 201 191 221 224 212 272 376 411 366 220 420 447 422 453
-9999 -9999 -9999 -9999 -9999 -9999 -9999 -9999 -9999 -9999 -9999 -9999 -9999 -9999 -9999 -9999 -9999 -9999 97 97 97 97 98 99 100 101 101 103 106 107 109 110 111 114 117 120 124 127 132 134 138 139 142 146 145 143 151 152 150 155 152 150 154 141 136 136 130 139 138 128 139 131 129 140 165 183 164 180 144 142 151 178 162 170 197 201 204 276 303 335 397 424 200 443 460 478 406
-9999 -9999 -9999 -9999 -9999 -9999 -9999 -9999 -9999 -9999 -9999 -9999 -9999 -9999 -9999 -9999 -9999 -9999 -9999 -9999 -9999 -9999 -9999 100 101 101 104 105 107 107 110 111 113 116 118 122 126 128 133 136 139 140 145 147 150 152 152 153 153 152 146 141 144 148 142 129 134 143 136 126 141 178 130 144 166 148 154 164 151 135 135 149 145 157 161 187 207 219 322 327 409 387 339 442 401 405 302
-9999 -9999 -9999 -9999 -9999 -9999 -9999 -9999 -9999 -9999 -9999 -9999 -9999 -9999 -9999 -9999 -9999 -9999 -9999 -9999 -9999 -9999 -9999 -9999 -9999 -9999 -9999 106 107 109 110 113 115 117 121 123 127 130 134 137 141 142 145 149 151 151 153 150 154 153 150 147 146 147 148 143 132 143 133 130 126 137 148 137 129 129 131 166 141 135 139 134 136 178 200 205 240 277 324 357 307 335 411 431 374 261 214
-9999 -9999 -9999 -9999 -9999 -9999 -9999 -9999 -9999 -9999 -9999 -9999 -9999 -9999 -9999 -9999 -9999 -9999 -9999 -9999 -9999 -9999 -9999 -9999 -9999 -9999 -9999 -9999 -9999 -9999 -9999 -9999 116 119 121 125 129 133 136 139 142 144 146 149 151 150 150 147 149 150 149 149 146 146 145 146 142 143 137 131 125 134 126 128 133 140 137 173 138 134 141 132 135 150 189 221 198 201 231 254 216 211 332 377 374 292 202
-9999 -9999 -9999 -9999 -9999 -9999 -9999 -9999 -9999 -9999 -9999 -9999 -9999 -9999 -9999 -9999 -9999 -9999 -9999 -9999 -9999 -9999 -9999 -9999 -9999 -9999 -9999 -9999 -9999 -9999 -9999 -9999 -9999 -9999 124 127 -9999 133 137 139 143 145 148 144 145 154 150 151 147 150 150 149 148 146 145 145 145 140 124 126 131 123 133 146 151 142 130 158 163 135 134 162 170 168 178 175 158 188 235 200 180 194 256 332 223 202 193
-9999 -9999 -9999 -9999 -9999 -9999 -9999 -9999 -9999 -9999 -9999 -9999 -9999 -9999 -9999 -9999 -9999 -9999 -9999 -9999 -9999 -9999 -9999 -9999 -9999 -9999 -9999 -9999 -9999 -9999 -9999 -9999 -9999 -9999 -9999 -9999 131 135 137 141 143 146 148 151 152 153 150 150 151 151 151 150 150 150 148 147 145 144 132 121 124 135 134 151 151 153 147 132 127 135 130 159 184 169 154 134 149 190 192 219 174 181 198 191 188 178 181
-9999 -9999 -9999 -9999 -9999 -9999 -9999 -9999 -9999 -9999 -9999 -9999 -9999 -9999 -9999 -9999 -9999 -9999 -9999 -9999 -9999 -9999 -9999 -9999 -9999 -9999 -9999 -9999 -9999 -9999 -9999 -9999 -9999 -9999 -9999 -9999 -9999 -9999 -9999 -9999 145 148 151 152 154 156 155 154 153 152 153 152 149 147 145 146 146 144 138 138 145 144 147 155 133 137 151 144 129 149 141 142 167 152 128 131 133 169 180 186 173 147 165 138 153 185 196
-9999 -9999 -9999 -9999 -9999 -9999 -9999 -9999 -9999 -9999 -9999 -9999 -9999 -9999 -9999 -9999 -9999 -9999 -9999 -9999 -9999 -9999 -9999 -9999 -9999 -9999 -9999 -9999 -9999 -9999 -9999 -9999 -9999 -9999 -9999 -9999 -9999 -9999 -9999 -9999 -9999 148 152 153 156 151 154 156 154 153 152 152 152 150 145 146 150 146 139 148 153 153 150 154 150 134 155 142 135 147 125 125 128 125 133 130 127 134 155 175 155 128 130 160 183 191 262
-9999 -9999 -9999 -9999 -9999 -9999 -9999 -9999 -9999 -9999 -9999 -9999 -9999 -9999 -9999 -9999 -9999 -9999 -9999 -9999 -9999 -9999 -9999 -9999 -9999 -9999 -9999 -9999 -9999 -9999 -9999 -9999 -9999 -9999 -9999 -9999 -9999 -9999 -9999 -9999 -9999 -9999 -9999 154 156 152 155 156 154 154 152 153 153 150 149 149 149 153 152 152 152 151 139 133 125 131 138 148 142 146 125 131 134 127 132 126 125 126 131 142 146 126 126 161 183 190 189
-9999 -9999 -9999 -9999 -9999 -9999 -9999 -9999 -9999 -9999 -9999 -9999 -9999 -9999 -9999 -9999 -9999 -9999 -9999 -9999 -9999 -9999 -9999 -9999 -9999 -9999 -9999 -9999 -9999 -9999 -9999 -9999 -9999 -9999 -9999 -9999 -9999 -9999 -9999 -9999 -9999 -9999 -9999 154 148 154 157 157 155 154 152 152 152 152 152 151 151 151 151 150 136 140 138 122 127 126 139 152 147 147 152 151 143 137 140 140 139 144 133 127 133 128 124 129 175 179 178
-9999 -9999 -9999 -9999 -9999 -9999 -9999 -9999 -9999 -9999 -9999 -9999 -9999 -9999 -9999 -9999 -9999 -9999 -9999 -9999 -9999 -9999 -9999 -9999 -9999 -9999 -9999 -9999 -9999 -9999 -9999 -9999 -9999 -9999 -9999 -9999 -9999 -9999 -9999 -9999 -9999 -9999 -9999 141 138 150 153 156 156 153 152 153 152 154 153 153 151 152 151 150 142 134 140 144 128 121 119 124 126 139 141 128 129 124 125 121 121 121 122 122 121 126 151 158 155 178 172
-9999 -9999 -9999 -9999 -9999 -9999 -9999 -9999 -9999 -9999 -9999 -9999 -9999 -9999 -9999 -9999 -9999 -9999 -9999 -9999 -9999 -9999 -9999 -9999 -9999 -9999 -9999 -9999 -9999 -9999 -9999 -9999 -9999 -9999 -9999 -9999 -9999 -9999 -9999 -9999 -9999 -9999 -9999 146 133 141 148 155 155 154 154 153 153 153 153 153 150 151 151 151 148 149 150 147 140 123 117 118 127 132 121 119 118 131 130 120 125 122 125 140 164 161 163 170 174 172 170
-9999 -9999 -9999 -9999 -9999 -9999 -9999 -9999 -9999 -9999 -9999 -9999 -9999 -9999 -9999 -9999 -9999 -9999 -9999 -9999 -9999 -9999 -9999 -9999 -9999 -9999 -9999 -9999 -9999 -9999 -9999 -9999 -9999 -9999 -9999 -9999 -9999 -9999 -9999 -9999 -9999 -9999 -9999 144 136 134 147 155 155 155 153 153 153 152 154 154 149 152 152 149 147 144 143 135 134 118 115 116 116 120 116 122 123 162 151 135 133 116 117 125 130 164 163 165 176 181 168
-9999 -9999 -9999 -9999 -9999 -9999 -9999 -9999 -9999 -9999 -9999 -9999 -9999 -9999 -9999 -9999 -9999 -9999 -9999 -9999 -9999 -9999 -9999 -9999 -9999 -9999 -9999 -9999 -9999 -9999 -9999 -9999 -9999 -9999 -9999 -9999 -9999 -9999 -9999 -9999 -9999 -9999 -9999 -9999 148 141 146 154 154 153 153 153 154 154 154 155 154 151 151 150 142 140 130 125 113 115 116 114 117 117 115 115 114 119 122 148 140 137 125 117 117 123 145 144 138 182 165
-9999 -9999 -9999 -9999 -9999 -9999 -9999 -9999 -9999 -9999 -9999 -9999 -9999 -9999 -9999 -9999 -9999 -9999 -9999 -9999 -9999 -9999 -9999 -9999 -9999 -9999 -9999 -9999 -9999 -9999 -9999 -9999 -9999 -9999 -9999 -9999 -9999 -9999 -9999 -9999 -9999 -9999 -9999 -9999 -9999 152 143 153 153 153 154 154 154 154 155 156 156 156 152 150 146 145 139 133 123 117 133 121 119 114 113 112 129 126 126 145 145 127 122 113 125 119 112 114 131 167 191
-9999 -9999 -9999 -9999 -9999 -9999 -9999 -9999 -9999 -9999 -9999 -9999 -9999 -9999 -9999 -9999 -9999 -9999 -9999 -9999 -9999 -9999 -9999 -9999 -9999 -9999 -9999 -9999 -9999 -9999 -9999 -9999 -9999 -9999 -9999 -9999 -9999 -9999 -9999 -9999 -9999 -9999 -9999 -9999 -9999 -9999 -9999 -9999 150 152 154 154 154 155 156 157 157 156 152 150 149 147 145 128 118 128 144 144 129 122 112 115 136 145 110 112 124 110 111 112 122 127 120 123 116 196 162
-9999 -9999 -9999 -9999 -9999 -9999 -9999 -9999 -9999 -9999 -9999 -9999 -9999 -9999 -9999 -9999 -9999 -9999 -9999 -9999 -9999 -9999 -9999 -9999 -9999 -9999 -9999 -9999 -9999 -9999 -9999 -9999 -9999 -9999 -9999 -9999 -9999 -9999 -9999 -9999 -9999 -9999 -9999 -9999 -9999 -9999 -9999 -9999 -9999 -9999 -9999 -9999 -9999 155 156 157 156 154 153 150 149 147 147 141 138 138 148 134 113 129 138 132 144 149 131 110 112 109 109 108 111 137 144 122 108 149 164
-9999 -9999 -9999 -9999 -9999 -9999 -9999 -9999 -9999 -9999 -9999 -9999 -9999 -9999 -9999 -9999 -9999 -9999 -9999 -9999 -9999 -9999 -9999 -9999 -9999 -9999 -9999 -9999 -9999 -9999 -9999 -9999 -9999 -9999 -9999 -9999 -9999 -9999 -9999 -9999 -9999 -9999 -9999 -9999 -9999 -9999 -9999 -9999 -9999 -9999 -9999 -9999 -9999 -9999 -9999 156 156 154 154 153 150 149 147 147 147 148 149 132 111 122 141 146 146 156 131 115 127 132 125 130 121 146 149 131 113 104 122
-9999 -9999 -9999 -9999 -9999 -9999 -9999 -9999 -9999 -9999 -9999 -9999 -9999 -9999 -9999 -9999 -9999 -9999 -9999 -9999 -9999 -9999 -9999 -9999 -9999 -9999 -9999 -9999 -9999 -9999 -9999 -9999 -9999 -9999 -9999 -9999 -9999 -9999 -9999 -9999 -9999 -9999 -9999 -9999 -9999 -9999 -9999 -9999 -9999 -9999 -9999 -9999 -9999 -9999 -9999 -9999 -9999 153 153 153 151 150 150 149 149 150 149 138 109 117 133 146 153 157 148 111 129 138 154 138 127 144 157 159 132 120 121
-9999 -9999 -9999 -9999 -9999 -9999 -9999 -9999 -9999 -9999 -9999 -9999 -9999 -9999 -9999 -9999 -9999 -9999 -9999 -9999 -9999 -9999 -9999 -9999 -9999 -9999 -9999 -9999 -9999 -9999 -9999 -9999 -9999 -9999 -9999 -9999 -9999 -9999 -9999 -9999 -9999 -9999 -9999 -9999 -9999 -9999 -9999 -9999 -9999 -9999 -9999 -9999 -9999 -9999 -9999 -9999 -9999 -9999 -9999 -9999 151 149 150 150 151 151 152 148 141 123 132 133 146 158 157 137 114 146 150 160 142 157 163 163 150 137 114
-9999 -9999 -9999 -9999 -9999 -9999 -9999 -9999 -9999 -9999 -9999 -9999 -9999 -9999 -9999 -9999 -9999 -9999 -9999 -9999 -9999 -9999 -9999 -9999 -9999 -9999 -9999 -9999 -9999 -9999 -9999 -9999 -9999 -9999 -9999 -9999 -9999 -9999 -9999 -9999 -9999 -9999 -9999 -9999 -9999 -9999 -9999 -9999 -9999 -9999 -9999 -9999 -9999 -9999 -9999 -9999 -9999 -9999 -9999 -9999 -9999 -9999 -9999 151 151 152 154 155 150 149 145 125 128 155 151 137 107 117 140 153 158 161 168 167 158 137 138
-9999 -9999 -9999 -9999 -9999 -9999 -9999 -9999 -9999 -9999 -9999 -9999 -9999 -9999 -9999 -9999 -9999 -9999 -9999 -9999 -9999 -9999 -9999 -9999 -9999 -9999 -9999 -9999 -9999 -9999 -9999 -9999 -9999 -9999 -9999 -9999 -9999 -9999 -9999 -9999 -9999 -9999 -9999 -9999 -9999 -9999 -9999 -9999 -9999 -9999 -9999 -9999 -9999 -9999 -9999 -9999 -9999 -9999 -9999 -9999 -9999 -9999 -9999 -9999 -9999 152 152 155 153 151 149 145 147 137 159 126 116 103 148 155 168 171 162 168 166 155 137
-9999 -9999 -9999 -9999 -9999 -9999 -9999 -9999 -9999 -9999 -9999 -9999 -9999 -9999 -9999 -9999 -9999 -9999 -9999 -9999 -9999 -9999 -9999 -9999 -9999 -9999 -9999 -9999 -9999 -9999 -9999 -9999 -9999 -9999 -9999 -9999 -9999 -9999 -9999 -9999 -9999 -9999 -9999 -9999 -9999 -9999 -9999 -9999 -9999 -9999 -9999 -9999 -9999 -9999 -9999 -9999 -9999 -9999 -9999 -9999 -9999 -9999 -9999 -9999 -9999 -9999 -9999 -9999 156 159 159 160 152 148 162 133 122 107 115 147 168 156 165 172 166 164 152
-9999 -9999 -9999 -9999 -9999 -9999 -9999 -9999 -9999 -9999 -9999 -9999 -9999 -9999 -9999 -9999 -9999 -9999 -9999 -9999 -9999 -9999 -9999 -9999 -9999 -9999 -9999 -9999 -9999 -9999 -9999 -9999 -9999 -9999 -9999 -9999 -9999 -9999 -9999 -9999 -9999 -9999 -9999 -9999 -9999 -9999 -9999 -9999 -9999 -9999 -9999 -9999 -9999 -9999 -9999 -9999 -9999 -9999 -9999 -9999 -9999 -9999 -9999 -9999 -9999 -9999 -9999 -9999 -9999 -9999 160 161 162 164 156 136 139 143 119 147 161 148 153 168 160 153 139
-9999 -9999 -9999 -9999 -9999 -9999 -9999 -9999 -9999 -9999 -9999 -9999 -9999 -9999 -9999 -9999 -9999 -9999 -9999 -9999 -9999 -9999 -9999 -9999 -9999 -9999 -9999 -9999 -9999 -9999 -9999 -9999 -9999 -9999 -9999 -9999 -9999 -9999 -9999 -9999 -9999 -9999 -9999 -9999 -9999 -9999 -9999 -9999 -9999 -9999 -9999 -9999 -9999 -9999 -9999 -9999 -9999 -9999 -9999 -9999 -9999 -9999 -9999 -9999 -9999 -9999 -9999 -9999 -9999 -9999 -9999 162 163 164 164 150 150 150 139 168 156 141 151 149 144 153 125
-9999 -9999 -9999 -9999 -9999 -9999 -9999 -9999 -9999 -9999 -9999 -9999 -9999 -9999 -9999 -9999 -9999 -9999 -9999 -9999 -9999 -9999 -9999 -9999 -9999 -9999 -9999 -9999 -9999 -9999 -9999 -9999 -9999 -9999 -9999 -9999 -9999 -9999 -9999 -9999 -9999 -9999 -9999 -9999 -9999 -9999 -9999 -9999 -9999 -9999 -9999 -9999 -9999 -9999 -9999 -9999 -9999 -9999 -9999 -9999 -9999 -9999 -9999 -9999 -9999 -9999 -9999 -9999 -9999 -9999 -9999 -9999 -9999 165 165 159 159 139 140 150 171 134 136 140 124 131 123
-9999 -9999 -9999 -9999 -9999 -9999 -9999 -9999 -9999 -9999 -9999 -9999 -9999 -9999 -9999 -9999 -9999 -9999 -9999 -9999 -9999 -9999 -9999 -9999 -9999 -9999 -9999 -9999 -9999 -9999 -9999 -9999 -9999 -9999 -9999 -9999 -9999 -9999 -9999 -9999 -9999 -9999 -9999 -9999 -9999 -9999 -9999 -9999 -9999 -9999 -9999 -9999 -9999 -9999 -9999 -9999 -9999 -9999 -9999 -9999 -9999 -9999 -9999 -9999 -9999 -9999 -9999 -9999 -9999 -9999 -9999 -9999 -9999 -9999 166 166 156 147 139 161 164 158 160 146 136 120 120
-9999 -9999 -9999 -9999 -9999 -9999 -9999 -9999 -9999 -9999 -9999 -9999 -9999 -9999 -9999 -9999 -9999 -9999 -9999 -9999 -9999 -9999 -9999 -9999 -9999 -9999 -9999 -9999 -9999 -9999 -9999 -9999 -9999 -9999 -9999 -9999 -9999 -9999 -9999 -9999 -9999 -9999 -9999 -9999 -9999 -9999 -9999 -9999 -9999 -9999 -9999 -9999 -9999 -9999 -9999 -9999 -9999 -9999 -9999 -9999 -9999 -9999 -9999 -9999 -9999 -9999 -9999 -9999 -9999 -9999 -9999 -9999 -9999 -9999 -9999 167 163 148 141 174 174 171 171 159 148 141 122
-9999 -9999 -9999 -9999 -9999 -9999 -9999 -9999 -9999 -9999 -9999 -9999 -9999 -9999 -9999 -9999 -9999 -9999 -9999 -9999 -9999 -9999 -9999 -9999 -9999 -9999 -9999 -9999 -9999 -9999 -9999 -9999 -9999 -9999 -9999 -9999 -9999 -9999 -9999 -9999 -9999 -9999 -9999 -9999 -9999 -9999 -9999 -9999 -9999 -9999 -9999 -9999 -9999 -9999 -9999 -9999 -9999 -9999 -9999 -9999 -9999 -9999 -9999 -9999 -9999 -9999 -9999 -9999 -9999 -9999 -9999 -9999 -9999 -9999 -9999 -9999 -9999 170 155 164 156 157 161 173 155 158 151
