worldclim/bio13_cr.asc
ncols        411
nrows        382
xllcorner    -85.979072453958
yllcorner    8.036441368777
cellsize     0.008333330000
NODATA_value  -9999
[rows 114 to 151 of 382, columns 172 to 257 of 411]
518 516 509 514 517 513 509 500 498 487 456 460 456 477 483 490 485 453 430 373 327 244 273 299 265 258 411 443 453 464 482 488 512 523 506 491 449 438 457 488 513 552 587 563 556 558 529 517 484 485 460 448 444 460 456 462 478 482 493 483 467 459 460 460 458 456 456 457 455 455 457 454 455 454 454 453 454 455 456 458 459 459 459 461 463 464
508 516 512 513 514 503 484 486 479 460 449 476 472 480 487 481 446 426 415 412 326 304 249 248 254 331 358 359 434 434 498 510 507 504 492 472 454 373 425 475 485 537 565 567 565 541 512 474 459 454 450 447 443 440 437 433 438 457 477 483 475 456 452 454 455 455 455 455 455 453 455 452 453 453 452 451 454 455 457 458 457 457 458 460 462 464
512 510 514 512 512 490 467 469 467 449 456 484 487 487 480 454 412 365 328 228 277 274 301 285 345 391 427 398 411 464 500 499 502 492 479 460 414 415 437 455 484 492 488 529 543 535 476 461 452 449 445 442 440 437 434 430 428 431 454 478 473 458 446 445 447 450 452 453 452 450 451 452 451 450 450 451 452 454 455 455 457 456 457 458 462 463
505 500 507 511 510 500 487 474 446 454 475 485 468 471 457 426 356 362 308 239 247 281 294 292 259 349 415 471 468 488 496 496 493 470 465 428 398 400 414 438 462 476 475 497 505 551 466 459 446 443 434 432 430 427 424 424 425 424 446 460 468 464 453 436 441 446 446 448 448 449 449 452 447 446 448 450 450 452 453 454 454 456 456 457 462 463
492 499 508 506 503 503 491 486 454 450 484 480 462 454 439 417 404 334 298 260 224 264 284 290 298 308 309 383 438 487 489 484 472 445 428 360 335 340 376 410 433 456 468 474 472 511 472 454 441 435 427 425 422 418 419 420 422 421 429 457 465 444 432 433 435 433 439 443 442 447 447 447 448 446 448 450 450 451 452 453 452 455 457 459 462 464
484 503 489 504 490 472 483 480 467 442 465 487 479 460 444 407 348 345 231 243 230 225 273 281 293 260 383 437 428 476 480 464 444 437 398 341 337 342 341 361 407 440 444 461 466 465 465 439 434 429 423 419 417 415 417 417 419 419 456 465 443 455 448 444 434 424 422 425 434 438 443 447 445 446 447 448 449 451 450 451 452 455 458 460 461 466
468 472 488 473 474 464 446 482 453 447 478 478 487 463 425 406 350 308 267 227 223 228 254 268 254 301 395 468 472 478 475 443 409 393 328 331 364 421 370 357 365 398 418 441 451 451 453 434 430 424 419 413 409 409 412 413 414 425 431 411 407 415 432 439 435 423 418 419 426 429 429 438 445 446 446 446 447 448 448 449 452 457 458 461 463 466
446 452 450 460 446 438 434 436 454 440 472 486 484 463 439 411 382 356 224 235 244 247 235 256 252 410 426 433 446 450 445 419 387 372 325 336 368 378 356 345 350 352 399 407 436 445 443 431 422 419 413 409 406 400 405 415 420 418 413 406 404 402 415 421 430 418 412 416 423 429 435 437 441 443 445 444 445 446 448 456 457 457 462 464 466 467
434 432 439 434 436 434 433 433 438 446 469 487 485 466 434 426 397 398 296 231 246 250 249 268 254 327 408 303 419 379 347 369 359 323 349 338 357 372 400 356 347 364 379 400 424 431 427 428 420 411 406 397 397 397 417 416 415 413 407 404 400 400 399 418 425 419 411 410 419 422 430 429 436 439 441 441 444 447 450 453 454 456 459 461 463 465
449 443 436 433 430 434 431 437 434 439 464 489 492 481 473 449 436 395 368 329 285 277 250 253 257 315 303 318 420 323 302 309 323 328 364 401 412 413 414 373 348 373 377 387 410 424 419 414 416 408 399 396 396 412 414 412 411 408 408 398 405 398 398 417 420 412 406 407 416 418 420 427 434 436 421 429 436 443 447 447 450 454 456 458 460 462
464 455 444 444 437 440 430 436 436 451 460 479 490 480 467 453 421 400 417 393 369 291 322 255 259 284 282 289 303 301 327 317 326 339 366 424 428 432 423 378 348 386 380 385 399 407 410 412 408 402 397 399 397 397 411 410 410 407 408 398 399 396 392 390 407 411 405 401 397 407 424 426 429 416 422 425 432 442 442 445 446 450 453 454 456 458
465 451 446 438 433 429 437 439 439 464 471 483 489 489 476 470 448 427 416 401 391 381 327 337 264 269 278 353 398 379 358 328 332 332 345 390 406 397 421 355 353 393 380 385 397 400 399 397 396 396 401 375 344 397 403 403 410 410 408 407 398 395 394 390 410 401 398 397 395 413 412 418 426 413 417 419 419 438 431 420 435 443 449 450 450 451
466 457 444 442 451 458 456 441 448 463 472 490 491 492 479 461 448 447 441 428 416 405 389 384 378 361 376 438 411 405 391 382 358 342 339 342 354 360 348 351 388 379 380 384 390 389 393 393 400 399 379 347 342 343 352 396 399 410 401 399 395 402 413 409 405 399 397 393 400 389 388 414 411 405 405 410 410 416 405 401 397 426 435 442 445 445
435 453 459 434 428 455 453 450 453 468 481 488 488 489 476 468 458 447 444 427 434 429 420 431 414 437 434 448 435 428 427 412 401 386 359 346 356 354 352 385 376 380 387 388 389 393 402 411 362 353 353 354 350 345 340 391 410 408 402 398 396 394 385 382 379 376 385 390 386 383 386 411 405 383 386 385 421 388 379 373 367 380 402 417 436 436
436 432 437 428 422 430 448 441 433 432 447 447 492 494 486 463 458 453 441 467 454 459 462 462 464 472 469 468 455 452 446 445 435 423 415 380 362 369 366 372 399 396 395 399 389 397 399 363 349 356 375 377 362 370 364 352 400 408 406 395 393 406 400 382 379 383 388 386 379 380 390 406 371 369 369 369 401 362 363 353 345 349 368 381 403 418
456 428 423 421 423 419 427 438 426 429 452 449 465 496 495 475 487 472 487 483 481 488 486 479 483 493 483 477 477 474 468 469 461 459 439 418 412 406 401 401 410 403 407 395 388 400 385 347 364 376 373 364 356 366 353 334 393 405 411 410 392 380 390 380 374 383 382 382 373 375 382 383 366 360 359 358 393 356 354 338 331 330 331 349 367 406
447 433 422 420 419 425 416 415 420 449 458 447 467 480 491 500 495 496 504 489 493 508 505 504 497 501 495 494 469 491 488 489 477 468 459 444 437 427 429 424 424 419 416 407 394 397 400 354 376 382 367 359 346 358 355 334 376 399 398 394 402 394 406 378 373 367 375 378 370 363 374 373 373 358 344 346 348 355 336 330 325 323 322 323 382 363
424 422 423 423 419 415 415 414 412 439 440 455 443 450 493 497 494 488 465 450 489 493 492 494 497 502 500 498 497 498 496 494 488 485 472 459 452 441 443 438 435 427 423 415 404 394 395 398 345 365 377 373 370 367 360 340 349 365 353 340 392 408 407 401 372 367 371 371 362 371 373 354 365 353 339 337 338 352 331 323 321 319 319 322 323 340
423 425 428 431 446 443 420 412 428 428 413 422 420 433 461 463 447 456 448 438 456 458 469 459 463 475 471 479 481 485 488 492 490 489 487 477 471 459 460 453 446 435 431 422 417 413 397 396 380 344 359 349 347 341 339 331 330 331 336 367 410 386 376 381 370 358 366 365 358 369 355 342 363 356 337 329 327 333 338 320 318 316 314 313 311 313
429 442 456 442 435 413 412 420 416 411 403 405 410 410 432 451 441 429 421 417 419 426 424 428 437 450 448 456 466 469 476 481 483 485 483 483 482 472 476 460 452 443 443 433 421 419 415 398 397 397 361 352 350 341 333 338 340 339 356 400 407 407 382 364 364 365 361 359 353 355 349 336 360 337 333 326 323 340 321 320 318 314 315 310 309 341
422 452 466 428 417 413 410 423 411 404 407 405 398 397 400 425 456 414 411 410 417 419 428 426 429 432 435 438 448 454 461 470 472 474 476 479 477 476 476 474 465 456 443 442 429 422 417 413 408 397 397 396 373 362 355 359 365 354 397 407 395 383 371 369 360 359 356 346 342 352 341 333 335 331 326 324 331 318 316 323 323 320 315 310 305 304
437 455 465 437 421 412 416 415 409 403 404 429 403 408 397 427 493 438 407 411 416 429 434 431 431 436 435 436 440 450 457 462 467 471 472 472 471 468 474 477 474 471 457 451 438 432 419 418 419 420 408 399 396 393 387 375 372 392 410 413 375 373 370 358 353 348 350 353 346 343 337 331 334 327 331 331 331 332 322 310 325 329 322 318 302 309
456 469 454 422 416 421 432 414 409 403 408 469 396 393 402 394 446 409 404 410 431 455 448 441 435 438 439 435 438 446 450 454 463 470 470 468 467 465 468 469 466 477 477 463 446 432 431 428 415 414 415 411 406 403 403 396 366 350 410 414 371 372 355 352 361 356 342 349 339 337 332 327 335 323 319 335 333 334 327 309 329 343 339 321 329 316
462 484 459 429 433 445 428 412 410 406 416 415 395 391 420 396 414 407 405 408 431 453 453 448 436 437 432 431 434 439 445 450 451 471 472 466 468 461 461 459 466 471 456 475 471 460 450 432 420 412 407 416 419 409 404 402 397 396 373 412 369 384 410 377 356 402 352 336 335 331 327 333 334 329 316 313 339 345 345 353 343 353 349 346 334 311
470 474 455 426 427 438 419 413 413 410 432 401 395 394 395 437 413 434 439 408 429 453 460 454 446 441 437 430 431 431 441 444 450 469 466 476 460 458 456 452 449 450 453 449 448 458 457 446 433 422 408 402 421 421 416 410 411 411 407 378 407 402 409 405 358 352 336 333 331 329 323 323 333 336 339 318 315 309 341 357 362 361 362 354 321 297
518 463 428 420 429 454 421 425 423 435 414 403 398 397 398 420 423 444 408 423 446 455 454 454 446 442 437 431 431 425 424 436 447 468 474 455 483 475 495 456 445 441 436 455 443 447 440 444 434 427 410 399 400 407 413 421 420 411 412 410 410 400 399 397 356 367 347 337 327 337 334 322 325 337 343 346 344 313 310 324 364 370 370 359 355 305
509 464 429 433 440 454 441 453 463 473 438 409 401 400 400 420 411 417 430 449 450 448 445 448 447 442 438 429 431 420 416 413 415 415 412 419 436 452 472 478 476 463 442 429 423 418 414 410 414 425 409 402 394 390 394 401 406 388 395 414 405 399 356 361 355 359 344 342 340 334 333 328 326 323 324 367 376 335 342 334 358 372 359 365 366 365
482 467 457 425 422 440 468 468 467 468 441 411 404 403 411 419 411 445 442 429 426 424 422 432 426 434 431 427 422 417 408 404 402 410 398 403 406 415 436 456 452 441 450 439 427 417 412 405 401 403 415 408 400 389 382 380 378 370 363 359 358 350 351 343 341 340 338 339 337 338 339 334 338 374 326 380 381 371 368 326 361 367 339 346 347 331
466 441 437 431 425 430 466 465 449 465 439 430 409 406 410 420 413 437 419 441 409 407 405 402 407 406 411 416 412 409 405 395 389 393 393 392 388 398 402 416 430 428 435 434 426 418 409 403 397 394 396 399 400 396 387 375 370 367 375 369 371 367 361 355 351 347 338 332 330 334 331 384 387 385 380 375 341 343 378 345 371 366 337 325 321 315
474 464 444 428 435 432 448 457 465 466 464 442 433 447 431 422 423 415 433 418 400 380 392 388 391 400 395 407 403 401 400 394 378 380 375 380 379 383 388 398 397 390 417 421 417 412 406 400 393 389 386 385 384 384 387 383 380 379 376 371 368 367 364 360 349 343 334 332 335 351 328 386 395 370 382 387 382 334 379 358 368 332 318 314 313 323
544 498 464 454 449 439 456 465 461 462 467 458 467 470 436 445 442 441 435 396 388 384 376 377 377 386 392 393 391 398 396 392 381 371 372 371 370 368 369 368 371 382 386 393 393 398 398 395 389 385 381 379 376 372 368 374 364 370 369 362 360 365 364 358 349 334 328 337 350 372 394 400 392 336 334 374 375 359 354 378 376 313 311 314 318 316
578 488 466 453 435 451 428 434 453 466 467 439 433 423 417 443 434 422 398 381 377 376 369 365 370 370 378 378 388 392 393 389 375 368 366 365 362 360 358 355 353 359 365 372 379 389 390 388 384 380 377 375 373 369 366 363 359 356 356 355 362 361 363 361 354 339 325 333 345 375 399 389 353 309 351 327 308 311 305 337 326 310 323 325 321 318
574 553 470 463 464 457 459 449 433 438 462 438 432 438 441 439 418 398 401 376 375 369 369 369 361 362 369 371 378 390 390 385 375 368 363 361 357 354 352 353 354 352 358 361 372 374 379 381 378 375 372 369 368 367 364 362 359 356 353 352 355 352 357 360 355 329 322 335 350 390 405 347 306 303 308 304 303 311 319 308 307 307 325 321 326 324
553 549 504 461 458 455 452 458 445 431 442 428 446 449 443 442 421 403 379 374 371 369 369 370 364 358 364 369 378 388 389 385 377 369 364 359 354 351 350 346 343 343 352 356 360 357 367 375 372 369 365 363 363 362 361 360 358 356 354 351 359 359 358 360 353 330 319 349 370 403 397 328 304 316 302 301 319 323 326 317 324 326 321 308 318 324
548 546 520 483 469 485 458 462 461 441 439 434 435 446 450 443 429 413 394 373 371 367 370 377 367 355 359 366 383 387 388 385 378 371 366 358 354 348 346 342 340 341 343 345 354 354 351 350 358 358 356 356 357 358 357 357 357 355 353 353 352 356 360 360 349 332 319 326 370 400 395 319 302 306 313 319 326 326 325 323 323 315 295 286 294 306
521 550 544 485 484 519 494 442 436 463 444 456 444 449 447 446 445 427 408 382 375 371 380 375 366 355 354 367 374 386 388 387 381 374 367 360 352 348 343 339 336 336 339 338 345 344 343 340 342 351 350 349 351 351 350 351 354 355 355 354 353 356 361 359 351 319 316 331 369 400 396 328 303 301 302 316 326 323 320 319 313 283 293 305 310 313
480 509 526 518 520 499 508 495 456 450 435 443 456 441 442 445 447 414 414 415 369 383 378 374 365 354 355 362 378 386 389 388 385 377 366 358 354 347 341 338 336 332 334 348 343 342 340 336 333 343 342 339 346 346 348 350 352 352 355 355 355 359 361 357 334 315 312 333 356 402 380 329 306 303 305 319 327 326 322 324 326 309 314 322 320 323
484 521 533 509 500 475 496 496 474 441 431 446 444 406 413 428 449 383 384 380 383 382 375 373 364 356 355 355 371 368 377 391 383 376 369 362 355 347 342 340 335 331 330 352 345 341 338 334 331 331 341 341 342 343 346 346 349 354 354 355 357 358 363 357 341 314 309 333 367 400 372 339 302 303 301 310 325 326 326 327 327 324 322 326 327 328
