worldclim/bio15_cr.asc
ncols        411
nrows        382
xllcorner    -85.979072453958
yllcorner    8.036441368777
cellsize     0.008333330000
NODATA_value  -9999
[rows 205 to 245 of 382, columns 276 to 367 of 411]
47 50 44 44 49 46 45 44 44 57 58 57 61 60 60 64 65 59 61 59 59 60 60 58 61 63 60 59 55 59 58 56 50 48 49 58 56 55 51 54 57 55 55 53 56 56 52 50 50 55 50 49 51 52 50 49 52 55 51 48 46 44 38 35 34 32 31 30 27 28 27 31 29 30 32 32 27 26 25 24 23 22 22 22 22 22 22 22 22 21 22 23
51 58 47 45 46 46 44 45 44 48 49 56 60 57 57 62 65 65 64 62 58 59 60 59 61 63 60 57 54 53 53 51 53 48 50 58 56 59 50 57 57 57 57 54 55 58 56 50 49 50 49 49 49 49 49 49 56 55 54 53 49 46 42 34 35 36 37 37 33 33 31 33 34 38 36 31 28 29 28 25 24 23 23 23 22 22 22 22 22 22 22 22
52 61 53 45 52 45 46 47 46 45 45 46 57 49 58 59 60 62 65 64 59 58 58 58 61 63 61 61 58 54 51 49 49 51 52 58 58 60 52 58 59 57 58 56 59 58 58 55 49 49 50 51 50 49 54 56 54 52 53 49 45 38 39 42 41 40 42 39 35 36 40 38 39 42 39 34 35 35 31 29 23 27 26 23 22 23 23 22 22 22 22 23
48 63 58 48 45 45 46 49 46 47 47 46 46 48 51 57 60 65 65 60 60 60 57 60 63 64 64 61 59 58 55 51 50 54 59 58 56 54 50 52 57 51 58 60 53 57 58 54 50 50 50 50 57 52 57 56 55 51 47 46 42 44 46 44 45 44 46 45 36 39 47 42 42 44 42 42 43 35 28 24 25 31 29 26 23 24 29 27 26 25 24 -9999
57 62 50 46 47 46 46 49 53 51 52 50 47 47 47 59 61 65 65 62 58 57 60 61 62 64 64 64 63 59 56 52 49 49 52 60 51 50 51 55 57 51 60 58 51 51 53 53 50 52 51 51 53 58 55 51 51 51 47 45 45 50 51 50 50 52 49 45 39 41 44 49 46 42 37 37 43 34 30 25 31 35 28 26 23 27 31 32 32 -9999 -9999 -9999
58 63 63 49 49 51 46 51 63 59 51 47 47 54 56 56 59 66 65 60 61 62 61 59 62 64 63 63 62 58 55 51 50 50 50 52 50 51 50 53 53 50 53 58 51 50 51 50 50 53 52 51 50 57 58 56 52 49 49 50 51 55 55 54 55 52 46 44 44 47 48 51 48 45 39 35 32 27 30 34 36 36 33 30 23 27 29 33 35 -9999 -9999 -9999
59 63 63 56 56 54 50 63 63 59 51 49 48 51 58 59 61 66 65 64 63 60 61 62 64 64 62 59 59 57 53 51 50 53 53 51 50 51 50 51 51 51 51 52 51 52 51 52 52 53 53 52 51 53 55 57 55 50 53 50 54 55 54 54 56 51 51 49 51 54 53 49 45 44 39 33 27 32 38 41 43 40 33 25 25 29 33 34 36 -9999 -9999 -9999
65 63 62 60 64 64 63 63 56 53 50 48 49 50 53 58 64 66 66 65 63 64 63 63 65 64 62 58 57 54 51 53 53 55 52 51 52 54 54 51 51 53 53 51 51 51 54 55 55 55 51 51 53 58 58 55 51 52 57 55 57 55 51 50 56 55 56 55 55 55 52 47 41 40 35 31 32 37 39 43 44 42 33 29 25 30 35 40 39 -9999 -9999 -9999
63 63 63 64 63 63 63 59 50 49 48 52 57 60 61 61 64 65 65 66 65 65 64 64 65 63 61 58 56 56 58 57 55 53 51 53 54 54 55 53 55 56 56 56 53 55 57 55 55 53 51 51 53 57 59 55 56 57 57 57 57 56 53 51 54 54 53 53 54 55 50 46 43 40 40 32 37 41 42 44 44 41 35 30 27 34 36 39 43 -9999 -9999 -9999
63 63 63 63 63 63 64 63 53 50 49 49 49 60 61 63 65 66 66 66 66 65 64 64 65 62 59 59 60 59 62 58 55 52 52 53 54 54 54 54 55 55 56 56 56 57 56 54 52 52 52 53 54 59 57 56 59 58 58 58 57 56 54 51 52 51 51 53 56 54 50 42 38 34 32 34 41 46 47 48 45 39 39 37 31 33 40 41 43 -9999 -9999 -9999
64 64 64 64 63 64 63 61 59 54 51 49 52 54 51 60 64 66 66 66 66 66 66 64 65 63 63 64 63 63 61 57 54 53 52 54 54 55 56 56 57 56 55 56 56 56 56 55 52 52 55 56 58 59 59 58 54 54 56 56 55 53 52 51 52 51 51 52 56 50 46 41 42 42 36 36 40 46 51 50 43 41 37 35 30 31 34 37 43 -9999 -9999 -9999
64 64 64 64 64 64 62 56 52 51 50 51 50 50 51 59 62 62 62 66 65 66 62 62 65 65 64 64 63 59 59 55 54 55 53 53 54 55 57 58 59 57 56 57 56 57 56 55 53 53 54 57 57 59 59 57 53 53 52 52 54 52 53 53 52 52 53 56 56 52 45 42 46 40 43 42 43 49 50 45 44 39 38 38 31 31 39 41 45 -9999 -9999 -9999
65 65 64 64 64 65 65 61 56 55 53 54 52 51 61 58 58 62 65 66 66 64 59 64 65 65 63 62 61 59 57 56 56 57 54 54 54 56 57 60 61 59 58 58 58 57 57 55 53 53 53 55 57 59 58 55 53 52 52 52 52 52 52 52 52 52 55 57 51 49 53 52 47 41 43 46 49 47 50 52 46 43 42 35 31 31 34 43 43 -9999 -9999 -9999
65 65 65 64 64 65 65 65 65 64 62 53 50 55 58 53 57 62 66 66 63 61 55 59 64 65 64 61 59 58 58 58 59 56 55 56 55 56 58 60 62 61 61 60 60 59 58 56 54 53 53 54 55 57 57 57 54 53 53 53 54 55 53 53 54 56 57 57 56 57 56 54 44 43 45 48 53 54 54 52 49 47 40 33 37 37 32 32 35 -9999 -9999 -9999
66 66 65 65 65 64 64 65 65 65 60 53 51 51 52 51 54 60 64 64 56 55 53 59 62 64 63 62 62 62 61 61 60 58 56 56 57 57 60 62 62 62 61 62 61 60 58 57 54 53 53 54 55 57 55 56 55 54 53 53 54 56 53 53 55 53 53 55 56 57 56 51 46 47 51 50 55 55 54 52 48 43 39 36 42 47 37 33 37 -9999 -9999 -9999
66 66 66 66 65 65 65 65 65 65 58 61 54 53 52 53 52 56 61 60 56 53 54 56 57 63 65 65 64 64 63 61 59 57 57 59 59 60 62 62 62 62 62 62 62 61 58 56 55 54 54 54 56 56 55 55 54 54 54 53 54 55 53 53 53 53 53 53 54 56 57 55 50 49 55 56 56 55 51 47 45 41 38 39 46 49 39 41 43 -9999 -9999 -9999
66 66 66 66 66 65 65 65 65 65 65 61 53 52 54 54 52 60 60 54 53 56 53 54 58 62 64 65 65 65 64 63 61 60 58 60 60 61 62 63 62 61 59 59 61 61 59 55 54 54 54 54 55 55 54 54 54 54 53 54 55 57 55 54 54 53 53 55 55 55 58 55 51 53 56 56 56 56 51 49 47 47 44 42 46 49 42 43 48 -9999 -9999 -9999
66 66 66 66 66 66 65 65 65 65 65 59 55 54 56 55 53 58 58 56 57 56 54 55 60 59 61 64 65 65 65 64 62 61 60 62 61 63 63 63 61 59 55 57 60 61 59 57 56 55 54 54 55 55 54 54 55 54 54 54 56 58 56 55 54 53 53 56 58 58 57 55 51 55 57 55 56 56 50 54 55 51 51 45 50 52 44 45 51 -9999 -9999 -9999
66 65 66 66 66 66 66 66 65 65 65 59 62 56 63 62 55 53 53 56 61 55 54 54 54 57 61 64 63 63 64 64 64 62 62 63 62 63 63 63 61 61 55 54 56 57 60 58 57 56 55 54 55 55 55 54 54 54 55 56 56 56 54 54 54 54 54 57 58 57 56 52 56 56 57 54 56 56 55 56 56 56 51 51 55 52 47 47 49 -9999 -9999 -9999
66 66 66 67 67 66 66 66 66 66 65 66 65 65 65 57 55 56 54 57 64 58 57 55 57 61 62 63 56 58 62 61 63 64 63 63 62 62 63 61 60 56 55 57 56 55 58 56 58 57 55 55 55 55 55 55 54 55 56 58 57 54 54 54 55 56 56 57 59 59 57 58 57 58 57 53 55 57 57 57 56 56 56 55 55 51 47 49 54 -9999 -9999 -9999
66 65 65 66 67 67 66 67 66 66 66 66 65 65 64 65 58 62 60 58 65 64 56 55 56 55 55 59 56 56 56 60 63 64 61 60 60 59 57 60 57 55 58 62 57 55 56 55 56 55 55 55 56 55 55 55 55 55 57 59 57 56 55 54 54 54 57 58 59 58 59 58 55 54 56 54 55 57 56 55 55 56 56 56 56 51 53 51 54 -9999 -9999 -9999
66 65 65 65 66 66 66 67 67 66 66 66 66 66 66 66 63 64 65 65 65 62 55 56 55 56 55 56 55 56 55 60 61 60 57 56 57 56 57 59 57 57 61 62 61 60 57 59 55 57 58 56 55 57 56 56 57 58 58 59 59 57 56 56 55 54 55 58 59 59 58 55 54 54 55 53 54 55 54 54 53 53 55 57 55 52 56 55 55 -9999 -9999 -9999
66 65 64 64 65 65 66 67 67 67 67 66 66 66 66 66 66 66 65 65 65 62 58 59 58 58 56 56 57 58 56 57 56 57 56 56 56 56 56 56 56 56 57 62 62 62 62 60 59 62 59 56 56 57 58 59 58 58 59 59 59 58 57 56 55 55 56 58 57 59 58 55 54 54 54 54 54 54 53 53 53 53 54 57 55 56 56 56 56 -9999 -9999 -9999
65 65 64 64 65 65 66 67 67 67 67 67 67 67 66 66 66 66 66 66 65 65 62 64 63 61 58 56 59 60 58 57 56 56 57 57 57 59 59 58 59 57 59 63 61 62 62 61 62 62 57 61 58 56 57 57 57 56 58 58 59 59 57 55 55 56 55 55 56 59 58 57 54 54 54 54 54 54 54 53 54 53 54 56 57 57 55 56 56 -9999 -9999 -9999
67 65 64 64 64 64 65 66 67 67 67 67 67 67 66 66 66 66 66 66 66 66 65 65 65 64 60 61 63 63 58 59 58 56 58 62 59 62 60 58 62 62 63 63 62 61 63 63 62 62 59 61 60 57 56 56 56 56 56 56 58 59 58 56 56 55 55 55 57 58 56 57 56 55 54 54 54 54 55 54 55 54 53 54 54 54 56 57 57 -9999 -9999 -9999
66 66 64 64 65 64 65 65 66 67 67 67 67 66 66 66 66 67 66 66 66 66 66 66 65 65 65 65 64 61 59 61 61 58 59 63 62 63 61 61 63 63 63 63 61 61 62 61 61 63 62 62 62 61 58 58 58 59 58 56 57 58 58 58 57 57 56 56 56 56 55 56 55 55 54 55 55 55 55 56 56 55 54 53 54 56 57 57 57 -9999 -9999 -9999
67 66 64 65 65 64 65 66 66 66 67 67 67 66 66 66 66 67 67 67 66 66 66 66 66 65 65 65 65 63 63 64 64 62 61 64 64 63 60 63 63 63 63 62 61 61 61 61 61 62 60 61 63 61 58 61 62 62 62 57 56 56 57 59 58 58 56 55 55 56 55 55 55 55 55 55 56 56 56 56 56 55 54 53 55 56 56 57 55 -9999 -9999 -9999
69 66 67 65 65 65 66 66 66 66 66 66 66 66 65 66 66 66 67 66 66 67 67 66 66 66 65 66 65 65 65 65 65 62 61 63 64 63 61 63 63 63 62 62 61 61 61 61 60 60 61 63 62 61 59 61 62 62 62 61 58 56 57 58 59 58 57 57 56 55 56 55 55 55 56 57 57 56 56 56 56 55 54 54 54 56 54 55 54 -9999 -9999 -9999
67 67 66 69 65 65 66 67 67 66 66 66 66 66 65 66 67 67 67 67 67 67 67 67 67 66 66 66 66 65 65 65 65 65 64 65 64 64 63 64 63 63 63 62 62 62 61 61 61 61 63 63 61 60 61 62 62 62 61 58 57 57 58 59 59 58 57 57 56 56 57 57 57 57 58 57 56 55 56 56 56 56 55 54 54 55 55 54 53 -9999 -9999 -9999
66 66 66 65 65 65 67 67 67 67 66 66 66 65 65 66 67 67 67 67 66 67 67 67 67 67 67 67 66 66 65 65 65 65 65 65 64 64 63 64 63 63 63 62 63 63 62 61 61 61 62 63 62 61 63 63 62 62 61 58 58 57 57 57 57 57 56 56 58 57 58 57 58 58 57 56 56 57 57 57 56 56 55 54 54 54 54 54 53 -9999 -9999 -9999
68 69 68 67 66 65 65 65 65 65 65 65 66 65 66 66 67 67 67 67 67 67 67 67 67 67 67 67 66 66 66 66 65 65 65 65 64 65 64 64 64 63 63 63 63 63 63 62 61 61 62 63 63 60 63 63 61 60 63 63 61 58 57 57 57 57 57 56 57 58 58 58 58 58 58 57 57 57 57 56 56 55 55 55 54 54 54 54 54 -9999 -9999 -9999
70 70 70 69 67 67 68 67 65 65 66 65 65 66 67 67 67 67 67 65 67 67 67 67 67 67 67 67 67 67 67 66 66 65 65 65 65 65 65 64 64 64 63 63 63 64 64 62 62 62 63 64 63 62 63 62 60 60 62 63 63 58 59 59 59 59 57 57 57 57 57 58 58 58 58 58 57 57 57 56 55 55 55 55 55 55 54 54 54 -9999 -9999 -9999
70 70 70 70 69 69 69 67 67 69 68 66 65 66 67 67 66 67 67 65 66 67 66 67 67 67 67 67 67 67 67 67 67 66 66 66 65 65 65 64 64 65 65 65 64 65 63 62 62 62 63 63 63 64 63 62 59 60 62 63 61 58 62 63 62 60 58 58 57 57 58 58 58 58 58 58 57 57 56 56 55 55 55 55 54 55 55 55 56 -9999 -9999 -9999
71 70 70 70 70 70 69 69 70 69 69 68 66 64 66 64 66 67 67 64 66 66 66 66 66 66 66 66 67 67 68 68 68 67 67 66 65 65 65 65 65 65 66 65 65 65 63 62 62 62 63 62 61 63 63 61 60 59 60 62 63 61 63 62 58 57 57 57 57 57 58 59 58 58 58 58 57 57 56 56 55 55 56 56 56 56 57 57 59 -9999 -9999 -9999
71 71 71 70 70 70 70 70 70 70 70 69 68 67 64 66 64 66 66 67 66 66 65 65 65 64 65 65 67 68 68 67 68 68 67 67 67 66 65 66 66 67 66 64 65 64 63 63 62 62 62 61 61 62 62 61 60 59 60 61 62 63 63 62 59 59 58 57 57 58 59 59 59 58 58 57 58 57 56 56 56 56 56 57 58 59 59 60 60 -9999 -9999 -9999
71 70 71 71 70 70 70 70 70 70 70 70 69 68 69 68 66 64 64 63 66 67 64 64 64 64 64 64 65 67 67 67 68 68 68 68 68 68 67 67 67 67 63 66 64 64 64 64 63 62 62 62 62 63 61 60 60 60 60 60 62 61 63 62 60 62 58 58 58 59 59 59 59 58 58 58 58 57 56 56 56 56 57 56 57 58 56 56 57 -9999 -9999 -9999
71 71 71 70 70 71 70 70 70 70 70 70 70 70 70 70 69 65 65 63 63 67 64 65 64 64 64 64 64 65 65 66 67 67 68 68 68 65 67 67 67 66 63 66 65 65 65 64 64 63 62 62 62 63 61 60 60 60 59 61 63 63 62 61 61 63 59 58 59 59 59 59 59 59 58 58 57 57 57 56 56 56 56 56 55 56 55 55 56 -9999 -9999 -9999
72 71 71 71 71 71 71 70 71 71 70 70 70 70 70 70 70 69 68 66 65 63 63 65 65 64 64 64 64 64 64 65 66 66 66 67 66 65 63 63 64 63 65 66 66 65 65 64 64 64 63 62 62 62 61 61 61 60 60 61 63 63 62 62 64 63 59 58 59 59 58 58 59 59 59 58 58 58 58 57 57 57 56 56 56 55 56 55 56 -9999 -9999 -9999
72 72 71 71 71 71 71 71 71 70 71 71 70 70 70 70 70 70 70 69 69 67 64 64 65 65 65 64 64 64 64 65 65 65 64 65 64 64 62 62 62 63 65 65 66 65 64 65 64 64 63 63 62 62 61 61 61 60 60 62 64 64 64 63 63 63 60 59 58 58 58 59 59 59 58 58 58 58 58 58 57 57 57 57 57 56 56 55 56 -9999 -9999 -9999
72 72 72 72 71 71 71 71 70 70 71 71 71 68 70 71 71 70 70 70 69 68 67 64 67 67 65 65 65 64 64 65 65 64 64 64 64 61 62 61 62 64 64 65 65 64 64 65 65 64 64 63 62 62 61 61 61 60 61 63 62 62 63 63 63 64 62 62 59 58 58 58 59 59 59 58 58 58 58 57 57 57 57 57 57 57 56 56 56 -9999 -9999 -9999
72 72 72 72 72 72 71 71 70 69 70 70 69 67 70 71 71 71 70 70 71 69 66 63 65 68 67 66 65 65 64 64 64 64 64 62 62 61 61 62 63 63 64 63 63 63 65 65 64 64 63 63 62 62 62 62 61 61 62 63 61 61 61 61 63 64 64 62 59 59 59 58 59 59 58 58 58 58 58 57 57 57 57 57 56 56 56 56 56 -9999 -9999 -9999
