worldclim/bio16_cr.asc
ncols        411
nrows        382
xllcorner    -85.979072453958
yllcorner    8.036441368777
cellsize     0.008333330000
NODATA_value  -9999
[rows 37 to 73 of 382, columns 82 to 163 of 411]
1063 1058 1068 1077 1066 1042 853 862 823 780 774 768 762 762 761 761 763 768 769 766 768 772 770 769 771 774 779 785 792 801 814 827 842 843 839 838 838 841 842 845 850 855 860 863 870 875 881 887 894 901 909 917 924 931 938 945 954 961 974 984 984 988 987 992 1001 1008 1010 1012 1017 1026 1029 1036 1040 1052 1059 1060 1058 1070 1076 1073 1080 1082
1067 1072 1072 1079 1072 1076 1015 854 884 887 780 767 761 757 757 757 758 761 764 769 783 761 764 761 764 766 769 774 782 789 801 816 829 834 833 832 834 837 839 845 851 854 861 866 874 879 889 892 898 906 914 922 930 939 946 953 962 973 980 985 987 991 995 1007 1010 1015 1033 1040 1025 1029 1034 1044 1049 1054 1064 1059 1075 1075 1080 1088 1085 1092
1081 1097 1085 1086 1083 1078 998 851 931 998 826 792 764 758 754 755 754 751 753 769 783 757 755 756 756 757 759 763 767 775 785 795 805 813 820 823 826 832 838 843 850 854 859 870 875 883 893 900 903 917 918 928 935 945 952 958 969 978 986 984 989 994 1000 1005 1019 1035 1040 1046 1050 1039 1042 1046 1062 1065 1072 1069 1079 1084 1092 1088 1089 1100
1109 1109 1117 1087 1072 1077 1071 862 956 1026 1011 843 805 758 754 751 753 749 747 843 871 749 749 752 750 748 748 750 753 757 765 774 780 790 806 812 818 826 832 840 848 859 865 873 879 887 896 905 908 919 933 934 941 949 960 967 971 981 983 988 995 1002 1009 1016 1018 1041 1048 1050 1055 1046 1051 1056 1063 1071 1077 1077 1079 1089 1096 1099 1096 1105
1165 1145 1160 1172 1118 1076 1079 1048 879 955 1084 1008 862 782 789 756 758 749 765 974 818 745 745 753 743 740 739 738 738 738 744 751 758 770 786 801 809 818 827 837 847 855 866 876 880 891 901 908 915 927 933 941 948 955 965 972 977 984 991 996 1003 1015 1018 1022 1029 1045 1038 1043 1047 1052 1056 1059 1068 1079 1078 1083 1096 1095 1092 1105 1107 1113
1192 1182 1198 1152 1097 1056 1049 1042 1051 933 1042 1116 1015 896 899 858 772 796 793 972 943 761 795 764 746 732 733 728 722 721 722 725 734 756 768 787 800 811 823 835 847 857 866 880 890 898 909 913 921 928 946 955 958 961 973 979 983 990 997 1004 1010 1020 1023 1028 1053 1057 1044 1049 1054 1061 1072 1070 1077 1080 1087 1095 1098 1095 1103 1105 1110 1110
1223 1214 1198 1135 1090 1063 1051 1046 1030 1011 990 1079 1122 1087 1138 995 927 850 863 932 920 843 826 769 737 728 726 721 718 714 705 702 725 749 767 783 793 806 820 834 846 856 870 880 895 910 925 921 929 935 952 959 971 979 978 985 991 997 1003 1012 1018 1027 1031 1036 1042 1048 1052 1057 1061 1063 1070 1076 1085 1085 1095 1099 1104 1104 1106 1113 1112 1117
1226 1230 1208 1136 1093 1080 1064 1042 1042 1034 1030 1043 1132 1132 1139 1103 1090 964 948 1014 988 939 905 828 730 722 722 723 725 725 709 724 722 744 766 795 812 810 825 837 844 858 871 877 893 912 928 927 931 945 955 963 973 980 989 989 996 1003 1011 1018 1022 1028 1037 1044 1049 1056 1058 1064 1067 1083 1076 1083 1086 1096 1101 1103 1118 1115 1123 1121 1121 1131
1225 1225 1194 1138 1106 1090 1071 1058 1030 1031 1033 1031 1049 1108 1137 1175 1188 1174 1149 1030 1043 971 955 936 794 737 730 735 730 718 708 718 749 766 778 811 826 824 835 844 850 858 875 888 905 916 924 934 944 954 964 969 975 985 992 995 1003 1012 1019 1026 1032 1043 1047 1051 1056 1062 1067 1071 1076 1096 1088 1088 1093 1110 1114 1120 1127 1124 1132 1132 1133 1135
1223 1223 1204 1144 1098 1080 1058 1056 1041 1034 1036 1039 1066 1074 1084 1146 1206 1216 1187 1169 1118 1076 1053 998 911 776 767 760 745 727 718 721 748 800 797 810 829 837 845 849 865 869 881 896 910 925 941 944 952 962 970 982 988 1003 995 1007 1016 1019 1026 1033 1039 1046 1053 1058 1065 1069 1074 1077 1084 1091 1095 1095 1096 1107 1115 1115 1128 1133 1142 1139 1140 1150
1208 1225 1224 1151 1106 1081 1058 1052 1041 1037 1042 1045 1067 1080 1093 1129 1140 1211 1180 1204 1218 1214 1161 1113 1032 917 831 791 771 745 728 740 783 811 815 821 840 845 854 863 882 892 891 909 920 930 938 962 967 969 977 985 997 998 1006 1013 1018 1026 1035 1042 1047 1056 1060 1070 1071 1077 1080 1084 1089 1093 1096 1096 1103 1108 1115 1112 1114 1143 1146 1153 1149 1159
1189 1206 1227 1186 1113 1079 1060 1049 1040 1042 1047 1064 1080 1100 1118 1134 1146 1204 1199 1220 1234 1224 1225 1196 1142 1015 869 824 787 769 752 758 797 800 833 826 840 847 863 878 886 890 899 912 934 946 938 962 970 971 984 987 997 1007 1017 1023 1027 1035 1041 1049 1055 1062 1069 1074 1081 1083 1085 1090 1095 1102 1099 1107 1105 1110 1118 1128 1127 1121 1131 1163 1165 1180
1173 1187 1220 1185 1148 1089 1068 1062 1075 1105 1105 1095 1113 1114 1125 1141 1167 1194 1221 1231 1236 1236 1239 1247 1205 1059 975 864 821 776 786 787 956 936 953 839 890 872 886 892 893 905 923 933 947 941 944 960 982 973 982 992 1005 1010 1022 1028 1034 1046 1050 1056 1065 1070 1076 1082 1084 1089 1093 1098 1102 1103 1107 1111 1113 1119 1120 1127 1144 1134 1136 1156 1180 1180
1169 1200 1224 1193 1135 1093 1088 1101 1107 1162 1111 1107 1116 1122 1130 1158 1176 1202 1267 1283 1254 1238 1249 1240 1247 1194 1075 976 975 921 812 899 957 1036 1040 931 912 903 897 903 903 925 938 946 948 957 966 979 986 978 991 1000 1013 1020 1025 1033 1044 1054 1060 1066 1071 1076 1083 1087 1090 1096 1102 1102 1108 1110 1118 1123 1122 1118 1140 1139 1152 1154 1131 1175 1186 1186
1196 1214 1221 1170 1113 1086 1094 1159 1148 1158 1134 1109 1115 1121 1134 1171 1211 1259 1295 1291 1306 1274 1233 1236 1251 1269 1238 1159 1068 1000 931 1039 967 996 1079 1043 938 936 939 916 931 957 947 956 966 965 980 984 984 995 1000 1009 1019 1025 1035 1045 1051 1063 1067 1073 1079 1084 1089 1094 1097 1102 1107 1115 1113 1116 1120 1142 1139 1132 1154 1148 1150 1163 1147 1172 1169 1182
1212 1214 1203 1133 1099 1103 1172 1103 1101 1106 1108 1107 1111 1115 1135 1183 1265 1288 1248 1214 1255 1291 1316 1259 1251 1264 1270 1274 1246 1118 1034 1126 1111 1030 995 1148 1082 1050 1108 1035 1036 962 960 969 984 989 1004 1008 1018 1005 1011 1021 1019 1039 1042 1056 1068 1075 1075 1080 1087 1092 1097 1101 1105 1107 1113 1117 1133 1134 1125 1132 1141 1145 1149 1161 1154 1168 1173 1148 1186 1190
1205 1201 1169 1140 1113 1122 1154 1097 1096 1098 1101 1104 1108 1142 1210 1271 1277 1248 1185 1177 1161 1224 1308 1305 1280 1263 1278 1277 1299 1312 1191 1248 1178 1134 1233 1268 1206 1149 1209 1169 1136 1049 1005 978 1000 1007 1013 1023 1028 1027 1030 1037 1057 1051 1056 1061 1071 1078 1085 1090 1094 1099 1104 1108 1113 1116 1118 1133 1137 1145 1147 1134 1150 1171 1172 1158 1165 1174 1172 1156 1191 1199
1187 1187 1166 1140 1135 1145 1136 1101 1092 1093 1098 1110 1129 1197 1268 1239 1233 1184 1158 1105 1106 1217 1301 1311 1266 1259 1254 1270 1291 1307 1270 1260 1224 1288 1343 1353 1354 1295 1340 1325 1215 1159 1085 1057 1002 1018 1021 1031 1034 1037 1047 1057 1071 1068 1062 1069 1080 1089 1090 1097 1102 1107 1112 1116 1119 1121 1125 1132 1152 1145 1152 1140 1140 1162 1179 1163 1163 1181 1183 1175 1192 1194
1182 1183 1171 1141 1124 1119 1085 1088 1087 1089 1092 1109 1132 1260 1265 1191 1155 1105 1123 1166 1193 1256 1310 1284 1237 1231 1243 1274 1297 1298 1308 1331 1340 1351 1366 1372 1379 1368 1313 1353 1284 1163 1089 1048 1024 1030 1034 1030 1037 1040 1053 1065 1076 1083 1073 1084 1086 1093 1098 1111 1109 1116 1120 1125 1129 1126 1136 1138 1133 1145 1161 1154 1145 1164 1176 1187 1174 1187 1191 1173 1190 1198
1151 1142 1133 1122 1080 1080 1080 1082 1081 1084 1086 1108 1172 1249 1236 1164 1086 1092 1139 1221 1250 1301 1279 1239 1215 1218 1234 1272 1296 1293 1297 1318 1335 1346 1357 1368 1380 1390 1354 1325 1359 1262 1149 1073 1051 1046 1037 1036 1041 1051 1060 1074 1086 1091 1085 1093 1099 1105 1112 1115 1122 1122 1126 1127 1133 1137 1144 1149 1153 1156 1153 1173 1166 1156 1178 1190 1196 1195 1181 1190 1198 1213
1107 1099 1121 1140 1075 1075 1074 1075 1075 1079 1083 1090 1132 1225 1221 1181 1127 1140 1162 1183 1228 1263 1307 1232 1214 1217 1222 1268 1291 1289 1292 1320 1331 1347 1349 1358 1377 1397 1370 1347 1361 1296 1138 1097 1080 1054 1037 1041 1051 1063 1076 1083 1095 1085 1091 1106 1112 1113 1116 1122 1137 1130 1135 1136 1143 1163 1166 1156 1156 1158 1155 1168 1186 1152 1155 1193 1201 1209 1199 1201 1197 1210
1086 1083 1109 1121 1090 1069 1066 1067 1072 1073 1076 1083 1132 1203 1256 1237 1210 1196 1180 1174 1194 1212 1291 1282 1192 1186 1229 1257 1261 1277 1321 1344 1344 1349 1364 1355 1397 1422 1414 1368 1354 1209 1144 1117 1079 1062 1052 1054 1060 1074 1079 1091 1083 1096 1102 1116 1123 1124 1126 1134 1135 1141 1142 1142 1145 1149 1166 1162 1164 1160 1154 1167 1179 1187 1158 1201 1206 1199 1200 1200 1206 1213
1074 1074 1087 1094 1087 1058 1061 1061 1062 1065 1068 1073 1133 1151 1238 1254 1250 1239 1208 1170 1197 1239 1286 1307 1254 1171 1225 1215 1231 1242 1265 1347 1365 1369 1372 1352 1391 1423 1400 1385 1383 1213 1188 1135 1109 1071 1078 1065 1072 1082 1094 1098 1096 1101 1113 1121 1134 1131 1145 1140 1144 1149 1151 1150 1148 1152 1154 1158 1161 1174 1173 1158 1187 1185 1173 1161 1211 1207 1199 1201 1211 1210
1052 1053 1057 1063 1066 1053 1055 1056 1058 1059 1063 1070 1100 1147 1196 1244 1256 1251 1226 1202 1204 1234 1259 1294 1241 1159 1183 1192 1217 1237 1332 1383 1370 1391 1411 1422 1400 1414 1384 1397 1350 1240 1176 1154 1112 1078 1075 1077 1081 1090 1098 1101 1102 1116 1126 1126 1140 1139 1142 1146 1150 1154 1155 1158 1164 1161 1159 1167 1166 1176 1177 1185 1188 1199 1202 1164 1174 1191 1210 1211 1208 1219
1041 1043 1048 1049 1064 1048 1049 1051 1052 1053 1060 1065 1097 1153 1169 1206 1233 1260 1253 1229 1217 1242 1280 1298 1164 1142 1169 1177 1201 1260 1365 1285 1309 1395 1388 1408 1405 1383 1377 1365 1343 1234 1177 1162 1110 1092 1081 1085 1092 1096 1104 1099 1118 1115 1118 1129 1139 1148 1155 1155 1158 1159 1161 1163 1162 1170 1164 1175 1171 1188 1195 1188 1203 1201 1198 1166 1164 1224 1221 1222 1217 1219
1038 1039 1040 1041 1044 1047 1048 1046 1046 1054 1053 1055 1071 1089 1146 1090 1151 1222 1266 1249 1249 1267 1285 1235 1124 1145 1161 1161 1201 1305 1328 1271 1254 1348 1417 1422 1436 1439 1368 1332 1325 1252 1188 1125 1088 1091 1092 1099 1090 1083 1093 1095 1109 1111 1124 1136 1151 1159 1160 1165 1164 1163 1166 1166 1167 1172 1164 1170 1165 1178 1198 1194 1205 1206 1170 1214 1182 1210 1232 1227 1220 1221
1040 1041 1039 1040 1040 1041 1040 1041 1042 1061 1060 1048 1047 1050 1059 1065 1078 1169 1240 1268 1268 1278 1203 1142 1124 1145 1159 1148 1213 1340 1283 1245 1242 1304 1321 1414 1430 1455 1445 1360 1330 1268 1222 1161 1106 1095 1089 1090 1084 1086 1089 1099 1105 1115 1130 1144 1160 1167 1167 1168 1169 1169 1175 1171 1171 1177 1179 1182 1186 1184 1174 1191 1208 1211 1174 1220 1216 1172 1223 1232 1227 1227
1044 1042 1043 1047 1048 1045 1049 1040 1043 1059 1062 1053 1040 1067 1058 1048 1053 1076 1153 1253 1267 1171 1118 1088 1101 1138 1140 1135 1168 1331 1307 1238 1180 1214 1239 1338 1335 1376 1445 1421 1323 1277 1238 1126 1148 1131 1088 1078 1078 1083 1082 1098 1107 1116 1133 1150 1168 1172 1170 1169 1169 1173 1170 1173 1170 1185 1190 1195 1197 1200 1177 1180 1210 1211 1194 1210 1218 1186 1213 1229 1227 1227
1048 1044 1048 1045 1049 1044 1046 1051 1045 1054 1059 1060 1059 1062 1061 1058 1045 1088 1208 1246 1234 1137 1081 1091 1125 1122 1120 1126 1200 1305 1279 1218 1129 1099 1193 1240 1290 1321 1445 1381 1322 1289 1229 1238 1197 1142 1127 1099 1063 1070 1082 1092 1104 1117 1130 1148 1161 1168 1170 1172 1174 1174 1170 1171 1171 1176 1188 1201 1222 1211 1201 1179 1215 1217 1222 1181 1214 1235 1228 1231 1235 1226
1047 1050 1049 1048 1049 1048 1047 1052 1054 1050 1052 1052 1057 1054 1052 1037 1043 1063 1106 1110 1090 1054 1094 1117 1136 1132 1108 1109 1177 1298 1308 1255 1207 1155 1198 1242 1283 1330 1417 1434 1314 1267 1284 1291 1247 1273 1132 1122 1090 1068 1087 1084 1099 1111 1131 1143 1154 1159 1167 1168 1171 1173 1172 1171 1170 1173 1187 1208 1218 1211 1214 1187 1177 1223 1227 1234 1181 1221 1236 1242 1235 1237
1049 1047 1048 1048 1047 1046 1049 1049 1048 1054 1056 1056 1050 1044 1044 1042 1038 1029 1032 1035 1044 1087 1118 1126 1125 1113 1089 1103 1152 1322 1330 1292 1256 1262 1240 1268 1307 1416 1436 1371 1359 1259 1286 1278 1280 1218 1181 1119 1101 1144 1132 1112 1096 1111 1123 1135 1147 1154 1160 1164 1172 1171 1169 1168 1171 1170 1173 1173 1224 1227 1183 1209 1222 1231 1224 1229 1241 1233 1239 1245 1236 1245
1044 1046 1046 1046 1044 1046 1046 1040 1039 1050 1053 1055 1058 1057 1065 1062 1063 1051 1060 1064 1097 1102 1103 1119 1118 1085 1073 1084 1133 1236 1301 1333 1312 1288 1266 1304 1340 1426 1436 1420 1321 1243 1303 1292 1281 1283 1252 1195 1258 1215 1179 1151 1123 1123 1133 1145 1150 1155 1166 1178 1169 1174 1176 1167 1169 1199 1208 1229 1235 1240 1230 1222 1217 1196 1234 1239 1265 1217 1242 1254 1252 1239
1040 1044 1043 1042 1039 1040 1039 1040 1011 1035 1046 1046 1046 1057 1060 1066 1069 1073 1080 1086 1086 1076 1102 1110 1108 1082 1064 1073 1103 1152 1238 1309 1356 1336 1312 1346 1407 1390 1375 1322 1230 1223 1264 1517 1287 1278 1268 1298 1320 1318 1302 1302 1206 1145 1172 1171 1161 1170 1167 1204 1228 1198 1210 1216 1164 1200 1237 1235 1201 1173 1257 1248 1223 1226 1201 1234 1251 1241 1247 1258 1256 1250
1032 1021 1029 1030 1026 1020 1019 1023 996 1010 1021 1038 1025 1050 1050 1041 1055 1058 1063 1069 1074 1085 1095 1101 1099 1094 1048 1056 1067 1092 1117 1206 1286 1365 1316 1327 1386 1356 1333 1375 1432 1299 1257 1518 1345 1270 1280 1297 1313 1320 1333 1301 1315 1245 1231 1211 1231 1205 1231 1226 1246 1226 1224 1218 1235 1199 1217 1236 1239 1253 1259 1260 1256 1252 1235 1243 1245 1236 1258 1252 1256 1259
982 1000 1001 994 998 984 1003 1007 1013 977 1003 1005 997 1009 1040 1014 1041 1030 1045 1036 1060 1079 1090 1095 1099 1059 1052 1048 1050 1056 1107 1154 1248 1358 1310 1314 1315 1383 1394 1424 1413 1235 1344 1491 1543 1407 1273 1280 1304 1316 1291 1284 1273 1307 1332 1321 1252 1359 1350 1386 1303 1343 1304 1226 1215 1228 1177 1205 1199 1267 1202 1268 1261 1263 1257 1248 1259 1257 1239 1246 1265 1261
981 954 952 958 957 949 973 986 993 968 975 1001 991 988 1002 988 994 985 1006 1037 1054 1075 1080 1088 1088 1069 1067 1055 1049 1042 1052 1096 1238 1336 1334 1333 1334 1326 1335 1399 1398 1406 1464 1476 1486 1395 1319 1273 1279 1313 1332 1312 1344 1358 1355 1327 1377 1457 1466 1471 1449 1385 1306 1362 1251 1309 1289 1213 1209 1230 1262 1266 1263 1272 1275 1270 1256 1261 1260 1243 1252 1258
889 950 912 954 923 910 921 957 985 953 953 972 970 975 991 988 973 985 976 1003 1045 1064 1072 1080 1086 1081 1082 1056 1021 1027 1052 1128 1245 1338 1299 1298 1273 1264 1268 1323 1399 1416 1434 1470 1461 1535 1599 1363 1260 1287 1325 1342 1368 1386 1410 1418 1426 1428 1443 1459 1458 1474 1434 1392 1301 1236 1207 1233 1258 1244 1258 1285 1280 1334 1337 1350 1308 1265 1248 1263 1255 1260
