worldclim/bio16_cr.asc
ncols        411
nrows        382
xllcorner    -85.979072453958
yllcorner    8.036441368777
cellsize     0.008333330000
NODATA_value  -9999
[rows 111 to 147 of 382, columns 164 to 245 of 411]
1471 1475 1495 1523 1522 1512 1493 1500 1501 1522 1473 1524 1506 1522 1522 1522 1515 1520 1516 1441 1414 1364 1308 1328 1349 1299 1261 1117 957 840 1193 1298 1270 950 1208 1325 1373 1389 1377 1492 1648 1622 1625 1649 1662 1727 1709 1734 1765 1662 1588 1414 1582 1571 1559 1593 1605 1582 1559 1463 1423 1493 1457 1432 1406 1396 1373 1352 1327 1323 1319 1309 1297 1295 1295 1270 1275 1276 1275 1277 1281 1282
1350 1432 1475 1513 1522 1519 1519 1522 1520 1523 1477 1516 1519 1517 1477 1497 1492 1486 1480 1482 1415 1307 1310 1344 1346 1316 1229 1131 930 732 988 1225 1192 1134 1049 1271 1296 1271 1347 1386 1520 1663 1595 1648 1629 1477 1446 1541 1661 1721 1688 1601 1610 1667 1630 1552 1547 1479 1373 1394 1259 1392 1440 1426 1424 1409 1377 1345 1321 1308 1306 1304 1293 1284 1283 1285 1279 1279 1277 1280 1281 1284
1451 1495 1507 1519 1511 1506 1520 1517 1509 1519 1498 1517 1499 1504 1463 1485 1480 1440 1421 1396 1373 1290 1330 1351 1320 1289 1223 999 845 857 842 1118 1042 895 923 1112 1265 1336 1350 1399 1512 1546 1514 1431 1331 1290 1298 1387 1499 1613 1723 1555 1608 1637 1597 1474 1377 1419 1232 1147 1206 1226 1299 1243 1337 1382 1382 1347 1318 1304 1298 1291 1288 1281 1280 1286 1283 1287 1280 1282 1282 1284
1431 1471 1510 1509 1463 1486 1516 1507 1513 1517 1491 1512 1499 1474 1456 1423 1415 1380 1282 1282 1277 1324 1338 1351 1336 1256 1202 1068 940 721 788 861 772 761 1161 1237 1261 1286 1323 1334 1394 1435 1363 1326 1250 1224 1267 1299 1363 1525 1660 1597 1575 1553 1429 1382 1252 1259 1170 1143 1133 1183 1174 1202 1275 1299 1364 1347 1319 1300 1287 1285 1280 1280 1281 1283 1282 1283 1287 1281 1284 1282
1450 1486 1469 1416 1479 1511 1497 1494 1461 1513 1507 1509 1485 1435 1374 1380 1356 1297 1257 1321 1313 1333 1342 1326 1239 1193 1169 1164 935 874 737 732 753 951 1025 1026 1216 1216 1356 1391 1375 1362 1333 1300 1262 1069 1192 1292 1290 1463 1579 1588 1581 1486 1355 1221 1189 1182 1175 1153 1156 1129 1120 1121 1125 1200 1290 1332 1322 1293 1278 1273 1271 1274 1275 1278 1280 1279 1282 1278 1280 1280
1408 1421 1385 1410 1481 1490 1460 1464 1486 1473 1506 1507 1487 1392 1321 1327 1319 1263 1275 1334 1346 1343 1324 1258 1161 1045 941 662 813 807 876 835 987 1113 1198 1128 1160 1287 1362 1357 1360 1339 1315 1277 1165 1166 1223 1263 1290 1298 1282 1429 1497 1465 1232 1209 1221 1212 1205 1194 1177 1167 1143 1156 1121 1113 1200 1318 1314 1281 1271 1262 1260 1261 1266 1270 1273 1273 1276 1277 1277 1274
1325 1403 1327 1402 1452 1441 1451 1469 1451 1430 1459 1496 1487 1425 1382 1342 1257 1270 1321 1337 1289 1298 1264 1189 1020 1038 885 703 729 822 857 852 751 998 1169 1304 1297 1341 1356 1354 1346 1300 1289 1200 1123 1128 1164 1226 1276 1283 1273 1306 1330 1538 1217 1219 1227 1219 1207 1200 1193 1186 1178 1170 1147 1105 1173 1237 1287 1286 1260 1249 1247 1254 1257 1261 1266 1268 1270 1275 1269 1267
1274 1215 1341 1380 1400 1424 1426 1404 1405 1427 1476 1458 1440 1438 1395 1378 1282 1261 1340 1322 1275 1255 1219 1169 1144 956 855 748 652 776 830 846 867 894 887 1089 1226 1340 1344 1332 1306 1243 1201 1029 989 1007 1076 1153 1214 1265 1277 1261 1247 1354 1228 1236 1224 1212 1196 1190 1182 1172 1173 1170 1160 1126 1118 1231 1283 1244 1237 1234 1233 1230 1237 1246 1240 1258 1265 1267 1270 1266
1212 1309 1305 1335 1280 1300 1329 1364 1377 1448 1392 1455 1394 1336 1369 1359 1320 1244 1300 1348 1319 1269 1231 1147 996 987 667 700 672 653 799 821 853 766 1089 1222 1200 1318 1325 1290 1242 1223 1123 990 975 986 994 1051 1143 1232 1241 1268 1263 1244 1223 1225 1214 1201 1185 1175 1174 1173 1169 1168 1161 1139 1226 1286 1233 1258 1243 1230 1212 1215 1211 1212 1225 1231 1244 1259 1264 1266
1211 1224 1280 1216 1213 1255 1348 1360 1325 1337 1388 1340 1343 1312 1259 1363 1279 1257 1331 1332 1344 1279 1185 1142 1001 881 767 655 648 664 749 787 744 863 1118 1298 1309 1323 1315 1238 1151 1109 959 974 1041 1190 1057 1058 1064 1124 1172 1235 1253 1250 1248 1217 1207 1191 1175 1172 1170 1171 1173 1166 1161 1111 1133 1112 1094 1095 1162 1205 1204 1196 1195 1199 1209 1213 1211 1231 1258 1262
1211 1222 1211 1212 1216 1252 1227 1233 1259 1278 1271 1300 1260 1236 1223 1228 1282 1241 1319 1351 1335 1279 1217 1152 1092 1017 653 687 717 725 683 752 729 1154 1194 1211 1245 1256 1244 1176 1094 1055 957 968 1050 1076 1018 996 1013 1021 1129 1144 1223 1242 1237 1209 1186 1176 1171 1168 1166 1158 1167 1167 1151 1107 1127 1166 1156 1098 1106 1131 1188 1180 1186 1190 1202 1215 1229 1236 1247 1256
1217 1210 1230 1223 1217 1210 1232 1212 1222 1218 1238 1224 1230 1226 1222 1223 1237 1258 1313 1354 1339 1287 1205 1186 1133 1136 847 665 723 735 730 783 735 933 1148 869 1176 1073 988 1046 1020 943 998 972 1018 1059 1134 1018 999 1059 1093 1133 1190 1211 1200 1204 1179 1165 1162 1149 1150 1151 1173 1169 1160 1152 1169 1166 1157 1114 1066 1128 1173 1164 1164 1178 1195 1200 1220 1213 1233 1248
1215 1217 1254 1260 1263 1270 1261 1237 1250 1238 1223 1219 1213 1222 1217 1234 1226 1241 1302 1358 1364 1327 1305 1244 1210 1110 1048 937 816 794 722 740 750 900 868 908 1177 924 876 901 932 947 1035 1133 1161 1167 1168 1062 999 1084 1103 1108 1148 1191 1175 1162 1167 1161 1151 1146 1155 1172 1166 1162 1159 1150 1168 1150 1163 1116 1065 1130 1164 1146 1154 1169 1188 1192 1195 1213 1235 1243
1232 1218 1234 1254 1265 1262 1272 1281 1281 1265 1243 1244 1229 1237 1216 1231 1232 1272 1295 1340 1357 1326 1290 1253 1171 1119 1164 1105 1048 831 917 743 754 816 813 832 870 869 935 913 937 968 1039 1193 1202 1214 1190 1074 998 1123 1109 1104 1132 1146 1153 1159 1157 1152 1144 1168 1166 1150 1171 1170 1156 1149 1168 1146 1130 1117 1069 1053 1104 1138 1128 1158 1145 1167 1212 1216 1222 1180
1230 1216 1250 1260 1259 1258 1268 1279 1284 1258 1248 1231 1221 1212 1232 1240 1241 1303 1320 1349 1364 1353 1315 1298 1242 1188 1160 1121 1099 1077 930 958 764 781 809 1002 1119 1069 1013 939 951 955 982 1101 1144 1121 1184 1013 1010 1147 1101 1102 1127 1136 1139 1137 1136 1138 1170 1091 994 1161 1155 1156 1170 1167 1168 1163 1119 1094 1060 1052 1131 1126 1131 1122 1124 1186 1180 1194 1219 1175
1231 1237 1226 1238 1253 1261 1275 1232 1285 1270 1243 1240 1263 1282 1278 1244 1264 1301 1324 1363 1370 1364 1323 1274 1241 1239 1224 1190 1160 1132 1094 1082 1067 1022 1061 1223 1151 1136 1100 1075 1014 977 981 975 1006 1021 992 1003 1127 1104 1094 1101 1111 1119 1123 1132 1166 1160 1098 999 988 992 1015 1150 1144 1169 1137 1130 1085 1083 1133 1133 1118 1095 1102 1130 1156 1122 1119 1187 1175 1157
1238 1189 1183 1235 1246 1262 1274 1268 1220 1263 1278 1221 1208 1274 1272 1268 1276 1314 1344 1361 1364 1354 1315 1294 1267 1238 1231 1187 1206 1193 1170 1201 1157 1219 1211 1249 1216 1197 1194 1153 1124 1085 1017 999 1018 1010 1004 1109 1070 1080 1095 1102 1108 1138 1174 1186 1037 1014 1013 1016 1006 994 982 1133 1165 1155 1132 1100 1071 1065 1054 1042 1062 1026 1050 1128 1071 1064 1120 1180 1162 1107
1245 1250 1216 1217 1252 1269 1256 1248 1222 1215 1227 1207 1194 1216 1261 1245 1228 1227 1266 1269 1372 1373 1344 1280 1267 1253 1223 1294 1259 1274 1283 1283 1290 1313 1304 1303 1270 1263 1247 1246 1218 1184 1160 1067 1027 1044 1050 1057 1116 1106 1106 1118 1105 1152 1141 1037 999 1019 1073 1080 1038 1064 1050 1010 1139 1158 1149 1122 1107 1159 1135 1087 1077 1045 1079 1084 1051 1057 1130 1170 1045 1049
1235 1214 1253 1242 1243 1220 1274 1270 1267 1204 1195 1190 1196 1186 1209 1239 1209 1219 1279 1274 1313 1381 1376 1313 1349 1305 1348 1339 1333 1354 1349 1329 1341 1369 1342 1328 1327 1321 1305 1309 1289 1284 1231 1170 1152 1136 1121 1120 1146 1125 1135 1107 1104 1159 1094 991 1037 1072 1070 1049 1028 1055 1017 965 1128 1145 1163 1162 1113 1081 1104 1082 1026 1051 1059 1063 1032 1044 1114 1112 1019 1003
1220 1229 1254 1258 1264 1262 1272 1273 1247 1217 1191 1187 1185 1203 1178 1176 1193 1269 1292 1269 1318 1349 1377 1394 1373 1377 1404 1356 1369 1415 1406 1402 1381 1394 1375 1372 1307 1364 1357 1358 1330 1307 1287 1247 1227 1197 1203 1190 1188 1172 1163 1134 1104 1141 1136 1008 1070 1089 1054 1036 1003 1034 1021 963 1075 1128 1124 1114 1140 1111 1155 1080 1057 1032 1035 1052 1026 1004 1059 1068 1077 999
1254 1207 1234 1257 1262 1247 1229 1216 1194 1190 1193 1193 1184 1175 1174 1171 1169 1245 1248 1287 1261 1279 1380 1392 1387 1373 1321 1289 1376 1386 1383 1386 1392 1401 1394 1385 1383 1383 1377 1370 1356 1348 1319 1287 1271 1241 1249 1234 1225 1200 1188 1157 1125 1105 1126 1128 984 1041 1076 1069 1061 1054 1034 979 994 1036 1000 962 1102 1154 1153 1143 1058 1009 1028 1033 1002 1039 1061 984 1035 986
1320 1297 1205 1231 1243 1212 1199 1195 1194 1199 1206 1215 1254 1247 1185 1168 1215 1216 1176 1203 1198 1237 1306 1312 1278 1300 1283 1262 1302 1305 1329 1307 1315 1339 1329 1345 1347 1354 1359 1365 1358 1356 1351 1331 1317 1289 1292 1276 1260 1228 1217 1186 1165 1149 1108 1124 1076 981 1026 997 994 979 974 953 948 945 953 1035 1153 1098 1080 1087 1061 1002 1014 1015 992 1035 990 952 1034 1006
1424 1304 1206 1209 1214 1240 1199 1194 1210 1246 1284 1243 1224 1168 1166 1190 1181 1168 1143 1152 1167 1170 1235 1283 1261 1232 1206 1185 1185 1210 1191 1205 1242 1277 1270 1291 1314 1318 1331 1339 1341 1345 1339 1338 1339 1320 1327 1292 1274 1254 1254 1227 1185 1176 1157 1108 1110 1124 1025 1002 997 975 955 965 967 962 1006 1113 1132 1135 1087 1028 1037 1009 1000 1000 978 991 974 948 1021 941
1401 1324 1208 1260 1218 1212 1230 1211 1189 1273 1316 1205 1178 1167 1161 1199 1165 1141 1157 1149 1126 1123 1134 1216 1295 1179 1162 1147 1161 1169 1192 1191 1201 1213 1225 1235 1263 1280 1298 1316 1319 1321 1321 1326 1320 1320 1324 1315 1295 1275 1250 1246 1215 1193 1168 1149 1131 1110 1120 1123 1057 1028 1011 1019 1033 1000 1102 1127 1117 1090 1066 1063 998 992 986 982 964 983 949 945 935 926
1387 1346 1324 1381 1265 1211 1253 1199 1231 1280 1312 1228 1187 1164 1178 1176 1158 1134 1143 1218 1143 1147 1119 1219 1371 1251 1136 1145 1159 1191 1203 1198 1200 1211 1213 1222 1232 1258 1278 1290 1300 1314 1312 1308 1305 1296 1319 1318 1308 1300 1270 1257 1233 1221 1180 1168 1165 1165 1130 1109 1109 1105 1092 1060 1050 1090 1130 1154 1077 1076 1065 1020 990 988 972 1016 992 959 941 947 936 917
1549 1484 1524 1416 1301 1252 1282 1273 1283 1332 1276 1189 1175 1189 1218 1173 1156 1132 1156 1312 1111 1100 1130 1110 1266 1161 1130 1144 1194 1250 1232 1217 1204 1212 1214 1211 1225 1242 1249 1259 1281 1309 1310 1300 1295 1288 1301 1301 1292 1307 1304 1274 1241 1216 1211 1203 1164 1158 1153 1139 1120 1113 1112 1099 1033 986 1131 1155 1072 1071 1005 998 1044 1025 976 1004 945 941 929 926 962 907
1659 1597 1637 1463 1357 1260 1326 1290 1302 1365 1290 1208 1216 1247 1207 1164 1160 1143 1179 1177 1106 1090 1172 1113 1176 1150 1139 1147 1192 1241 1240 1228 1203 1205 1197 1202 1211 1221 1234 1244 1245 1296 1308 1294 1301 1277 1280 1276 1287 1292 1261 1293 1280 1257 1236 1205 1183 1166 1148 1152 1156 1128 1113 1108 1095 1092 1041 1140 1061 1090 1135 1070 1030 1129 1015 958 935 931 924 959 960 946
1630 1681 1549 1471 1445 1350 1354 1370 1333 1341 1277 1198 1201 1229 1182 1167 1168 1156 1220 1125 1102 1097 1104 1210 1170 1231 1242 1147 1187 1238 1249 1236 1219 1208 1199 1189 1189 1197 1221 1227 1239 1285 1295 1308 1276 1268 1262 1253 1247 1249 1250 1238 1232 1247 1242 1220 1196 1176 1152 1133 1153 1155 1150 1128 1134 1132 1116 1048 1114 1097 1126 1139 1025 995 950 945 928 938 923 925 958 965
1426 1452 1663 1708 1495 1450 1459 1566 1436 1305 1203 1182 1205 1264 1186 1197 1194 1225 1169 1132 1111 1107 1112 1169 1175 1252 1137 1171 1221 1235 1230 1231 1215 1204 1192 1181 1177 1168 1171 1204 1228 1280 1295 1240 1313 1285 1333 1262 1231 1220 1208 1244 1218 1221 1204 1210 1186 1176 1150 1128 1121 1128 1136 1150 1149 1134 1138 1124 1123 1089 1119 1118 1018 1043 1005 952 929 972 961 919 933 964
1444 1464 1356 1526 1728 1613 1709 1647 1415 1308 1205 1212 1230 1263 1234 1263 1287 1306 1231 1152 1123 1117 1118 1168 1157 1158 1188 1227 1225 1215 1204 1212 1208 1197 1186 1169 1163 1148 1137 1130 1145 1146 1137 1152 1190 1226 1272 1285 1283 1257 1218 1186 1175 1163 1150 1139 1141 1162 1142 1129 1113 1099 1101 1111 1120 1088 1101 1142 1123 1113 1020 1028 1013 1020 985 978 957 942 953 946 937 928
1704 1685 1523 1654 1739 1708 1395 1376 1354 1321 1282 1193 1184 1229 1291 1287 1294 1286 1236 1157 1129 1126 1148 1165 1144 1220 1206 1171 1160 1152 1145 1168 1151 1170 1161 1150 1138 1123 1106 1103 1101 1130 1092 1112 1116 1135 1182 1229 1218 1190 1218 1198 1175 1151 1139 1124 1113 1111 1139 1129 1116 1097 1080 1073 1067 1053 1040 1031 1026 1010 1020 996 987 979 978 982 972 953 960 948 959 1061
1488 1575 1703 1718 1690 1567 1409 1344 1318 1235 1225 1209 1192 1204 1286 1274 1229 1288 1229 1206 1149 1140 1149 1178 1158 1202 1160 1201 1121 1113 1104 1094 1102 1097 1107 1118 1106 1099 1088 1069 1060 1076 1079 1078 1067 1091 1098 1129 1162 1156 1174 1178 1162 1145 1126 1112 1099 1089 1090 1094 1098 1098 1085 1063 1051 1046 1054 1045 1038 1032 1024 1017 1012 1001 981 958 948 949 940 1086 1094 1085
1470 1717 1655 1745 1763 1689 1609 1544 1336 1304 1243 1198 1213 1207 1245 1266 1277 1288 1284 1233 1210 1246 1206 1170 1171 1150 1191 1142 1098 1063 1074 1062 1065 1082 1068 1092 1081 1076 1073 1060 1028 1036 1023 1040 1040 1052 1061 1081 1077 1058 1124 1137 1128 1118 1106 1098 1085 1074 1065 1059 1055 1055 1065 1068 1061 1047 1041 1024 1016 1014 1014 1007 999 990 968 946 949 990 930 1092 1066 992
1597 1679 1699 1618 1691 1713 1679 1638 1495 1383 1310 1270 1245 1222 1262 1281 1262 1265 1289 1269 1291 1296 1214 1222 1211 1209 1187 1090 1070 1058 1044 1040 1036 1049 1058 1059 1052 1066 1060 1051 1028 1011 1015 1013 1013 1009 1014 1008 1012 1035 1043 1059 1059 1075 1080 1079 1069 1061 1051 1044 1034 1023 1012 1028 1002 1017 1013 995 989 1003 1005 998 988 964 944 952 985 1050 1115 1077 1046 907
1453 1504 1430 1640 1709 1609 1653 1594 1599 1361 1307 1265 1215 1258 1197 1209 1255 1283 1285 1220 1205 1179 1160 1216 1189 1157 1097 1060 1050 1041 1036 1037 1022 1017 1028 1025 1043 1049 1050 1041 1014 999 995 994 987 981 978 973 968 977 987 1002 1021 1051 1056 1055 1049 1044 1037 1030 1024 1014 1004 995 985 976 977 973 991 988 1000 992 982 962 930 939 969 1061 1097 1040 951 827
1334 1392 1456 1570 1615 1523 1467 1542 1628 1524 1319 1303 1298 1285 1278 1249 1205 1216 1273 1215 1198 1211 1213 1205 1151 1100 1103 1054 1060 1037 1045 1046 1016 1005 1009 1011 1020 1043 1041 1031 1010 995 984 982 972 963 961 965 964 955 965 970 999 1008 1023 1040 1035 1028 1020 1012 1009 1005 996 989 981 972 965 962 969 959 974 983 976 937 915 941 982 1104 1089 938 816 797
1312 1354 1344 1328 1208 1401 1314 1488 1589 1516 1395 1301 1292 1279 1269 1272 1237 1198 1224 1189 1233 1236 1219 1212 1157 1110 1054 1042 1037 1027 1019 1048 1033 997 998 1005 1018 1037 1037 1029 1011 993 981 969 959 954 955 943 936 932 946 955 964 956 989 1023 1018 1011 997 992 993 989 985 981 976 970 963 956 977 976 972 978 966 929 902 978 1042 1098 1062 887 804 865
