worldclim/bio1_cr.asc
ncols        411
nrows        382
xllcorner    -85.979072453958
yllcorner    8.036441368777
cellsize     0.008333330000
NODATA_value  -9999
[rows 76 to 113 of 382, columns 172 to 257 of 411]
257 257 258 259 258 259 259 259 259 260 259 259 259 259 259 259 259 258 258 259 259 258 260 259 259 259 259 259 259 259 260 260 259 259 259 257 256 254 254 252 254 253 250 259 259 259 258 259 259 259 259 259 259 258 259 259 257 252 251 252 256 260 259 259 259 259 259 259 259 259 259 259 259 259 256 259 259 259 259 259 259 259 259 259 259 259
257 258 258 259 258 259 259 260 260 259 259 259 259 259 259 259 259 258 258 259 260 259 260 260 259 260 260 260 260 260 260 260 259 256 258 255 255 254 253 250 254 252 259 259 259 259 259 259 259 259 259 259 259 259 256 257 252 252 248 251 255 259 259 259 259 259 258 258 259 259 259 259 259 259 259 259 259 259 259 259 259 259 259 260 259 260
257 258 258 259 259 260 260 260 260 259 259 259 259 259 259 259 259 260 259 259 260 260 260 260 259 259 259 260 259 260 260 260 258 257 256 259 255 255 254 253 259 259 259 259 259 259 259 260 259 260 259 258 260 259 254 257 254 256 257 257 257 256 259 260 259 259 259 259 259 259 259 259 259 259 259 259 259 258 259 259 259 259 259 259 259 259
257 258 260 259 260 260 260 260 260 259 259 259 259 259 259 259 260 259 259 259 260 260 259 260 260 260 259 260 260 260 260 260 259 256 256 254 256 258 259 251 258 259 259 259 259 259 259 260 260 258 259 259 256 255 253 259 258 260 260 260 259 260 260 259 259 259 259 259 260 260 260 259 260 260 260 259 258 258 259 259 259 259 260 259 259 260
257 258 259 259 260 261 260 260 260 260 259 260 259 259 259 259 260 260 259 260 260 259 260 260 259 260 259 260 260 260 259 259 259 259 259 258 259 259 256 255 259 259 259 259 259 259 259 259 259 259 259 259 254 254 259 259 260 259 259 259 260 260 259 259 259 259 259 260 260 259 260 259 259 260 260 259 260 259 259 259 259 259 259 259 259 260
257 258 259 260 260 261 261 260 260 260 260 260 260 260 260 259 260 260 259 259 259 260 260 260 259 260 259 260 259 259 259 259 259 259 259 259 259 259 259 259 259 259 259 259 259 259 259 259 259 259 259 259 259 255 258 259 259 259 259 260 259 260 260 260 260 259 259 260 260 259 259 259 259 259 259 260 259 259 259 259 259 259 259 259 259 259
257 258 260 260 260 260 261 261 261 260 260 260 260 260 260 261 260 261 260 260 260 259 260 260 260 260 259 259 259 259 259 259 259 259 259 259 259 259 258 258 259 259 259 259 259 259 259 258 258 259 259 260 259 259 259 259 259 260 260 259 259 259 260 260 260 260 260 259 259 259 259 259 260 260 260 260 259 259 259 259 259 260 260 259 259 259
259 260 260 260 260 261 261 261 261 261 260 260 260 260 260 260 261 261 260 260 259 259 260 260 260 260 260 259 259 259 259 259 259 259 259 259 258 258 258 259 259 259 259 259 259 258 259 259 259 258 259 259 259 259 259 260 260 259 259 259 260 260 260 260 260 260 260 260 259 259 259 259 259 260 260 260 259 260 259 260 260 260 259 259 259 259
258 259 261 260 260 261 261 261 261 261 260 260 260 260 260 260 260 261 260 259 259 259 260 260 259 259 259 259 259 259 259 259 259 258 258 258 259 258 258 259 259 259 259 259 258 258 259 259 259 259 258 260 259 259 259 260 259 259 259 260 260 260 260 260 260 260 260 260 259 260 259 259 260 260 260 260 260 260 260 259 260 260 259 259 259 259
260 259 261 260 261 261 261 261 261 261 261 260 260 260 260 260 260 260 260 259 259 260 259 259 259 259 259 259 259 259 258 259 257 258 258 258 258 258 258 258 259 258 258 259 258 258 259 259 259 259 260 259 259 260 260 259 260 259 260 260 260 260 260 260 260 260 260 260 260 260 260 260 260 260 260 260 260 260 259 260 259 258 260 260 259 260
261 260 260 261 260 261 261 261 261 260 261 260 260 260 260 260 260 260 260 260 259 259 259 259 259 259 259 259 259 259 259 258 258 258 258 258 258 258 258 258 258 258 257 258 257 258 258 259 258 258 260 259 259 258 259 258 259 260 261 260 260 260 260 260 260 260 260 260 260 260 260 260 260 260 260 260 260 260 260 260 260 259 260 259 259 260
261 261 261 261 261 261 261 261 261 261 261 261 260 260 260 260 260 260 260 260 260 260 259 259 259 259 259 259 259 259 258 258 258 257 258 258 257 257 258 257 257 257 258 258 257 258 258 258 258 258 258 259 259 259 259 258 257 260 260 260 260 260 261 261 260 260 260 260 260 260 260 260 260 260 260 260 260 260 260 260 260 260 260 260 260 260
261 261 261 261 261 261 261 261 261 261 261 260 261 260 260 260 260 260 260 260 259 260 259 259 259 259 259 259 259 258 258 258 257 257 257 257 257 257 257 257 256 257 257 257 257 258 257 258 258 258 258 259 258 258 259 258 254 260 261 260 261 261 261 261 261 260 260 260 260 260 260 260 260 260 259 260 259 260 260 260 260 260 260 260 260 260
261 261 262 262 262 260 261 261 261 261 261 261 261 260 260 260 260 260 260 259 259 259 259 259 259 259 259 258 258 257 257 257 257 257 257 257 256 257 256 256 256 257 256 256 257 257 257 258 258 257 258 258 258 258 258 259 256 255 260 260 256 256 255 261 261 260 260 260 260 260 260 260 260 260 259 259 259 260 259 260 260 260 260 260 260 260
262 262 262 262 262 261 260 261 261 261 261 261 261 261 260 260 260 260 260 259 259 259 259 259 258 258 258 258 258 257 257 257 257 256 256 256 257 256 256 256 256 256 256 256 256 256 257 258 258 258 258 258 258 258 258 259 258 255 259 259 259 258 255 259 260 261 260 260 260 260 260 260 260 260 259 259 259 259 259 260 260 260 260 260 260 260
261 261 261 261 261 261 261 261 261 261 261 261 261 261 259 260 260 259 259 258 259 259 258 258 257 257 258 258 258 257 257 256 257 255 256 256 256 256 256 256 255 256 255 256 256 256 257 257 257 257 258 258 258 258 258 258 258 260 259 260 261 260 261 261 261 261 261 260 260 260 260 260 260 260 260 259 259 260 259 259 260 259 260 260 260 260
261 261 261 262 261 261 261 261 261 261 261 260 260 259 259 256 257 257 259 258 258 258 258 257 257 258 257 257 257 256 256 255 255 255 255 255 256 255 255 255 255 255 254 255 255 256 257 257 257 257 257 257 258 258 258 259 259 259 260 260 260 260 260 261 261 260 260 261 261 260 260 260 260 260 260 260 260 260 259 259 259 260 260 260 260 260
261 261 261 261 261 261 261 261 262 261 261 259 259 257 257 257 257 257 257 257 258 258 257 257 257 257 257 257 256 256 256 255 255 254 254 255 255 255 255 255 254 255 254 255 255 256 256 256 257 257 257 258 257 258 258 259 257 259 260 260 260 260 260 261 261 260 260 260 261 260 260 260 260 260 260 260 260 260 259 259 259 260 259 260 260 260
261 261 261 261 261 261 261 261 261 261 259 259 258 259 258 257 256 254 254 257 257 257 256 256 255 256 256 257 257 256 255 254 254 254 254 254 254 254 254 254 254 255 255 255 254 254 255 256 256 256 256 256 256 256 257 257 259 259 260 259 260 260 260 260 261 261 260 261 261 261 260 260 260 260 260 260 260 260 259 259 259 259 260 260 260 260
260 260 261 261 261 261 261 261 261 259 259 259 259 259 255 256 248 252 248 246 250 256 255 254 254 255 255 255 256 255 254 254 253 253 253 253 253 253 254 254 254 254 253 254 254 254 255 256 255 256 256 255 256 256 256 257 257 259 259 259 257 257 258 260 260 261 261 261 261 261 260 260 260 260 260 260 260 260 259 259 259 259 260 259 260 260
260 260 260 261 261 261 261 261 261 260 260 260 257 251 247 247 249 251 250 250 246 247 251 253 253 253 253 254 254 254 254 253 252 252 252 251 252 253 253 254 254 253 253 253 254 255 255 255 255 256 255 255 254 254 255 255 256 257 257 257 257 257 257 259 260 261 260 261 261 261 260 260 260 260 260 260 260 260 259 259 259 259 259 259 259 260
259 260 260 260 261 261 261 261 261 261 258 258 253 248 248 247 248 250 250 251 249 247 245 250 251 251 251 253 253 253 254 253 252 252 252 251 251 251 253 253 253 253 253 252 253 254 254 255 255 255 255 254 254 254 255 255 256 256 257 256 255 256 257 257 260 260 260 261 261 261 261 260 260 260 260 260 260 260 259 259 259 259 259 259 260 259
259 260 260 260 261 261 261 261 259 256 254 251 247 247 249 248 250 250 250 249 249 247 246 247 249 249 251 251 249 253 253 252 251 250 251 250 250 250 252 252 252 252 252 252 253 253 254 254 255 255 254 254 254 254 255 255 255 255 255 254 255 256 256 258 259 259 260 261 261 261 260 260 260 260 260 260 260 260 260 259 259 259 260 259 259 259
259 260 260 260 260 260 256 257 257 255 249 246 245 245 247 246 249 249 248 248 246 244 244 245 245 245 247 249 248 250 252 251 251 250 250 249 249 249 251 252 252 252 252 252 252 253 253 253 254 254 253 253 254 254 254 254 254 254 253 253 254 254 257 257 258 259 261 261 261 260 260 260 260 260 260 260 260 259 260 260 260 259 259 259 259 259
259 260 258 258 257 255 255 255 255 251 248 244 240 241 242 242 240 243 243 244 244 243 242 242 243 243 245 246 246 248 250 250 250 249 249 248 248 249 250 251 251 251 251 251 252 253 253 253 252 253 252 253 253 253 253 252 253 252 253 252 253 255 254 255 257 259 260 260 260 261 260 260 260 260 260 260 260 260 260 260 259 259 259 259 259 259
256 258 256 257 256 256 255 254 253 249 245 240 237 238 242 241 240 236 233 239 239 241 240 239 239 241 242 244 247 246 247 248 249 249 247 247 246 248 249 250 251 251 250 250 251 251 252 252 252 251 252 251 252 251 251 251 251 252 251 251 252 254 254 254 257 258 259 259 260 260 260 260 260 259 260 260 260 260 260 260 260 259 259 259 259 259
257 258 258 257 257 256 256 254 253 249 242 239 236 240 241 239 238 235 236 237 234 231 237 235 236 237 241 241 242 245 246 246 247 246 247 246 245 246 249 249 249 249 249 250 250 250 252 252 251 251 251 250 250 250 249 249 249 249 252 249 252 253 254 256 256 257 258 259 261 260 260 260 260 260 260 260 260 260 260 260 260 259 259 259 259 259
257 258 258 257 256 256 256 254 252 246 244 240 238 240 239 237 235 235 235 230 231 231 233 231 234 235 237 238 239 241 244 245 245 246 246 246 244 246 245 248 248 249 249 249 249 250 250 250 249 249 249 248 248 247 246 247 247 249 249 250 251 250 252 254 256 256 257 258 260 260 260 260 260 260 259 259 260 259 259 259 259 259 259 259 259 259
256 257 257 257 256 255 255 253 246 244 243 241 238 237 235 233 232 227 227 227 225 226 223 228 232 230 224 225 235 238 243 243 243 244 244 245 244 244 245 247 247 248 248 248 248 250 249 249 248 247 248 247 247 247 247 245 247 247 247 248 249 249 251 253 254 256 257 257 260 260 260 259 259 259 259 259 259 259 259 259 260 259 259 259 259 259
256 256 256 257 256 254 253 250 244 243 237 236 236 236 234 230 230 226 225 218 218 216 220 224 221 225 224 226 228 231 236 239 240 242 243 244 242 243 244 246 246 247 247 247 247 248 248 248 247 247 246 245 246 245 245 244 245 245 246 247 247 247 249 251 251 254 257 259 261 260 260 259 259 259 259 259 259 259 259 259 259 260 259 259 259 259
256 256 256 256 255 252 250 246 243 237 237 233 234 234 232 228 224 222 214 208 208 210 212 218 211 216 217 218 222 226 230 235 236 239 240 241 241 242 243 244 244 246 246 246 248 247 247 247 246 245 245 242 244 243 243 243 243 243 244 245 245 245 247 248 250 252 256 257 259 260 259 259 259 259 258 259 259 259 259 259 259 259 259 259 259 259
253 254 255 255 254 250 247 244 238 237 235 230 231 231 230 228 222 217 208 199 199 187 200 211 190 201 207 202 213 220 226 232 231 235 236 239 235 234 238 241 243 244 244 245 247 245 246 246 245 243 241 241 240 241 240 239 241 242 242 243 242 243 245 246 248 251 255 257 260 259 259 258 259 258 258 258 259 259 258 258 258 258 258 259 258 258
253 254 254 251 248 242 239 240 239 234 229 226 227 228 228 223 220 212 200 193 185 183 182 196 197 186 185 190 207 216 226 227 228 230 231 234 230 228 229 229 235 238 243 244 245 244 240 242 242 239 235 236 236 235 235 238 239 237 238 238 239 242 244 245 249 250 254 258 259 258 258 259 258 258 258 258 258 258 258 258 258 258 259 259 259 259
251 249 248 243 243 237 236 235 235 232 228 227 223 225 223 222 220 205 198 186 173 172 167 182 193 177 178 199 203 219 213 223 224 229 231 230 229 228 227 229 224 229 230 241 241 242 238 240 238 234 230 228 228 234 233 232 233 231 233 235 238 242 244 246 249 250 254 257 258 257 258 258 258 258 258 258 258 258 258 258 258 258 259 258 258 258
244 243 242 243 241 235 233 233 232 233 227 221 220 221 217 213 207 198 190 184 166 157 181 189 192 175 184 197 204 202 215 217 223 227 230 229 228 225 222 230 222 226 229 235 230 234 229 226 230 228 224 222 222 224 229 228 229 229 231 232 237 241 244 247 250 251 254 256 257 256 257 257 257 257 257 257 257 257 257 258 257 257 258 258 258 258
242 238 244 232 240 231 231 231 229 230 229 221 219 215 210 204 200 189 186 175 168 163 180 188 186 167 180 192 202 205 203 212 219 225 225 224 224 221 218 219 221 223 225 232 225 225 225 223 219 220 219 214 213 218 223 224 225 225 228 231 236 241 244 245 248 249 250 255 255 255 256 256 256 256 256 257 257 257 257 258 258 257 257 257 258 257
239 236 244 231 232 232 226 228 227 226 225 225 220 212 206 200 195 191 183 176 167 159 169 182 179 175 171 186 188 186 196 204 214 220 216 218 217 211 209 213 217 219 222 225 224 220 218 216 216 214 210 212 207 213 216 216 218 221 224 229 234 239 241 244 247 250 251 251 253 254 255 255 256 255 256 257 256 257 257 257 257 257 257 257 257 257
242 237 242 235 230 231 226 228 227 223 221 219 218 210 202 197 191 188 183 170 164 146 164 174 171 164 165 174 185 193 197 206 214 215 213 208 200 190 194 207 212 216 220 226 223 218 218 213 210 212 205 200 205 206 209 207 213 217 220 225 231 235 237 243 245 249 250 250 251 251 253 254 254 255 256 256 256 257 257 257 257 257 257 257 257 257
