worldclim/bio1_cr.asc
ncols        411
nrows        382
xllcorner    -85.979072453958
yllcorner    8.036441368777
cellsize     0.008333330000
NODATA_value  -9999
[rows 152 to 189 of 382, columns 172 to 257 of 411]
260 257 255 257 258 250 246 239 245 242 236 242 243 245 245 243 242 244 244 246 244 245 248 244 244 243 243 242 238 240 236 233 231 231 230 229 230 229 228 228 227 227 226 224 214 218 216 216 214 213 211 210 207 207 206 204 204 201 201 199 197 195 193 192 189 186 181 177 170 168 158 152 143 139 138 135 135 132 127 122 114 109 107 110 119 130
262 261 260 261 258 252 247 243 253 247 245 246 249 251 250 246 247 257 249 247 246 247 246 244 244 244 241 236 242 241 239 234 234 233 232 231 231 230 227 227 227 226 225 225 221 213 216 216 215 212 211 207 206 205 205 204 202 201 201 199 198 196 194 192 189 186 183 178 174 168 164 154 149 145 141 139 138 135 137 129 117 124 119 120 130 137
263 262 262 261 260 252 249 251 249 259 254 252 254 254 251 255 256 249 252 254 251 250 246 244 244 243 242 242 243 241 240 239 240 236 236 232 230 227 225 226 226 225 224 223 217 210 212 214 213 211 211 209 205 205 204 204 203 202 200 200 199 198 195 192 191 190 183 180 176 168 164 162 155 150 147 144 143 140 139 135 132 132 130 132 138 140
262 262 260 260 259 259 258 257 259 259 262 258 261 262 256 257 250 248 250 249 245 247 250 245 245 244 244 244 243 240 232 229 230 235 231 230 230 221 218 213 221 218 215 218 213 195 204 211 208 207 209 209 206 206 205 205 204 203 202 201 200 199 196 192 191 189 187 184 179 171 171 166 159 156 153 149 149 144 140 139 138 138 138 138 142 148
262 261 261 260 260 260 262 264 255 254 254 253 252 247 245 245 250 243 245 244 242 244 245 247 245 245 245 244 243 233 231 223 228 229 230 229 228 218 205 197 199 214 209 212 197 188 197 205 203 202 208 208 208 206 206 205 205 203 203 202 199 199 198 195 189 190 188 188 184 181 178 176 168 163 159 157 155 150 147 144 140 141 146 147 155 155
263 262 262 261 266 263 260 255 252 251 250 250 249 243 236 242 243 243 241 237 235 240 244 244 244 242 242 242 243 243 233 227 221 226 228 228 229 216 201 193 191 204 204 210 201 182 188 195 197 198 199 207 207 207 206 206 204 204 203 202 198 199 198 198 195 194 192 190 187 183 181 178 174 169 166 165 160 157 154 154 154 152 157 157 160 164
264 264 263 264 266 262 251 248 244 252 250 250 245 238 230 233 241 236 236 233 231 233 236 242 243 243 242 236 236 242 241 233 226 218 221 226 226 218 201 190 183 180 201 199 195 177 179 190 192 191 190 200 204 206 206 204 204 204 203 203 202 199 199 197 196 194 191 186 181 179 177 180 180 178 172 169 166 164 162 161 161 163 163 164 166 169
265 264 264 264 267 263 258 253 253 255 253 251 247 242 232 225 223 229 231 228 229 227 231 238 241 242 239 234 232 233 239 238 231 224 214 219 222 223 212 204 193 178 178 186 194 179 168 185 182 183 184 189 197 199 203 204 204 202 203 202 201 198 198 192 185 188 173 172 171 172 175 181 181 182 177 175 174 168 167 165 169 170 169 171 172 174
267 266 265 264 264 262 264 261 262 259 255 254 252 243 235 228 227 222 223 220 222 214 225 235 233 239 235 229 227 225 227 232 232 228 222 212 212 213 202 197 187 186 171 182 182 176 160 166 170 168 177 186 188 190 201 202 203 202 195 191 200 197 193 185 182 179 173 175 171 181 183 185 185 183 181 180 179 177 174 175 172 174 174 173 176 179
267 265 265 264 265 264 263 263 262 259 256 255 254 250 243 237 234 226 224 214 212 211 219 223 230 233 230 224 219 222 226 229 227 227 222 213 206 212 200 194 198 188 176 165 166 171 155 147 162 162 175 181 187 193 198 201 201 200 197 197 197 197 192 185 182 182 185 182 178 184 187 187 186 184 183 183 183 181 182 179 176 177 177 176 179 180
267 267 266 267 268 263 262 262 262 261 260 256 255 249 248 245 240 228 227 217 212 204 208 217 224 227 231 228 221 218 219 220 221 219 221 217 217 218 215 205 199 194 181 166 165 161 148 141 153 163 171 168 180 193 196 194 195 198 198 197 193 191 182 178 178 188 188 189 189 188 187 187 187 186 186 186 187 185 185 184 181 178 183 183 186 189
266 267 266 268 266 264 259 257 260 258 259 257 248 245 246 248 242 233 238 220 215 213 209 211 215 221 221 219 217 217 221 226 227 222 228 224 228 225 223 215 208 193 182 182 175 161 148 139 146 164 159 170 184 191 192 188 194 197 196 195 188 182 181 172 181 182 185 189 189 188 188 188 188 188 189 187 188 190 188 187 189 190 190 188 192 195
264 266 268 267 266 258 247 245 253 250 255 257 255 249 251 249 246 243 241 230 224 222 218 216 219 214 211 211 220 221 226 228 231 228 233 229 229 226 221 215 200 192 194 191 176 171 161 147 139 140 153 171 180 186 192 189 194 191 191 188 186 173 169 171 181 187 186 188 189 189 189 188 189 189 190 191 191 190 189 189 191 191 191 192 193 201
268 268 267 266 263 253 240 231 239 246 250 252 253 254 253 246 243 235 234 235 230 227 225 224 218 214 210 207 218 227 230 234 234 232 233 227 223 219 218 214 208 202 196 182 180 170 160 155 162 149 155 164 165 182 186 182 181 181 186 177 179 164 163 168 176 187 186 188 188 189 189 189 188 190 191 191 192 191 190 190 191 193 193 195 198 211
263 265 265 263 256 246 236 215 223 240 246 248 247 249 250 249 244 237 229 229 218 219 219 218 211 205 211 216 218 223 232 235 236 231 231 224 215 217 221 210 216 208 195 196 185 187 178 165 166 160 166 165 168 172 173 175 171 173 165 160 167 161 171 177 180 179 178 182 180 187 189 189 184 187 191 192 192 193 193 191 192 193 194 197 211 211
256 259 264 257 252 244 232 222 223 238 241 240 243 245 246 246 242 242 239 232 227 220 211 213 215 204 219 219 225 230 229 233 238 239 232 228 226 227 230 225 226 222 216 209 198 196 182 170 175 171 177 167 169 170 170 181 176 177 172 170 163 160 162 172 176 170 164 169 175 185 184 188 183 177 183 188 189 188 197 192 193 195 202 212 212 211
255 260 260 253 244 237 226 205 220 229 231 230 238 235 243 242 241 236 230 233 234 229 227 230 228 226 234 235 228 220 228 235 239 243 239 240 236 235 234 230 226 224 224 222 213 200 190 180 186 187 180 171 170 176 174 178 184 183 178 174 168 168 159 160 167 166 163 158 163 174 177 179 179 183 186 186 184 185 190 200 198 205 210 209 212 212
253 258 257 250 242 226 202 192 207 204 214 222 232 221 233 235 236 235 233 239 235 231 239 236 230 226 231 238 227 221 225 232 245 241 237 236 234 233 227 227 218 209 218 216 216 213 205 199 194 194 185 185 180 182 186 188 188 181 176 181 176 173 165 158 152 157 154 159 158 164 170 175 169 171 175 186 189 192 199 206 203 208 209 202 193 187
252 257 254 246 238 224 213 196 183 192 191 210 214 217 209 213 223 228 232 235 240 241 236 224 223 227 237 240 224 229 221 235 243 240 234 226 225 225 229 217 212 203 200 207 208 206 209 202 198 196 198 197 188 184 192 193 188 186 183 183 174 174 171 158 150 145 147 146 152 167 166 172 172 179 178 187 193 199 196 192 194 198 208 204 195 194
256 255 251 248 241 236 226 202 188 193 189 198 194 195 196 192 203 219 225 227 234 242 237 228 231 238 246 239 235 238 236 237 245 240 230 224 218 224 219 219 222 212 215 223 203 209 216 209 206 204 204 198 191 185 194 195 191 189 187 180 182 177 166 150 164 156 157 164 172 167 172 180 180 188 188 193 191 188 188 186 187 194 197 207 207 192
260 261 255 250 244 234 218 196 205 201 203 211 194 185 200 213 208 216 231 236 236 240 242 232 231 242 251 252 247 250 242 242 240 231 232 227 235 238 234 231 236 234 234 234 233 223 226 224 222 213 211 199 192 188 201 196 194 188 187 184 182 174 167 163 166 159 164 169 172 179 179 183 183 181 175 183 185 176 182 182 178 176 191 202 204 194
257 261 256 250 238 224 211 215 223 213 221 212 198 201 213 228 223 230 235 241 241 239 248 240 240 258 254 256 251 249 248 247 249 246 238 244 241 243 236 239 231 230 229 229 228 224 217 210 212 221 210 200 190 193 200 194 192 190 190 189 184 179 179 174 169 169 163 165 172 176 177 180 176 174 170 174 182 173 179 172 166 175 186 193 201 203
248 259 257 250 238 234 230 235 240 227 228 213 217 227 225 237 235 223 226 231 244 244 245 252 259 255 252 243 249 246 240 233 234 241 245 246 241 235 232 232 230 217 215 208 220 211 208 187 193 205 214 218 214 197 198 196 191 192 190 188 185 184 181 176 177 172 169 160 166 172 172 175 169 167 161 165 173 169 161 161 161 172 178 195 192 195
245 255 254 248 245 241 242 239 244 238 230 233 237 242 245 240 233 215 224 230 240 250 251 254 256 245 241 242 233 232 236 228 222 227 229 235 231 234 222 223 225 218 201 198 205 211 196 192 178 190 197 209 213 194 189 184 184 181 180 178 173 176 175 170 167 167 165 160 166 169 164 168 164 161 155 164 164 155 149 145 158 167 183 184 180 183
241 254 254 251 248 244 247 247 244 239 242 248 252 248 234 238 227 226 228 233 236 243 254 254 259 241 237 232 229 220 226 225 213 213 217 225 221 218 211 211 208 211 188 183 196 202 191 180 173 169 190 186 198 200 198 194 180 185 178 181 179 177 164 172 165 158 160 156 157 156 160 155 157 151 145 153 153 153 144 148 159 168 170 173 176 177
243 255 255 254 250 249 252 258 255 259 258 256 243 238 233 225 229 230 219 221 222 233 239 249 260 247 237 231 224 217 214 213 207 208 211 209 206 212 198 195 195 182 181 175 183 180 181 171 160 157 184 180 192 183 190 196 193 190 189 185 186 179 180 174 175 170 167 162 158 151 145 145 146 139 138 141 140 146 146 153 154 160 160 161 159 161
244 250 253 254 257 258 259 258 259 260 248 241 240 243 239 240 240 232 229 226 213 222 237 252 255 253 243 240 233 229 228 222 217 224 213 217 218 225 215 203 196 193 183 172 175 173 157 153 145 159 177 170 178 182 182 189 186 183 176 177 169 169 174 172 162 161 161 155 152 144 138 134 134 134 139 142 148 147 144 149 149 154 146 148 139 137
247 249 249 250 247 247 255 258 259 253 251 250 248 247 248 243 238 226 238 232 211 217 235 243 257 256 248 243 245 241 230 217 217 226 219 224 227 234 224 226 199 194 187 175 160 164 155 132 137 154 166 159 161 165 169 179 181 171 162 170 167 155 165 162 161 156 153 143 140 137 133 131 131 133 135 138 137 140 144 139 140 144 143 135 129 131
251 252 251 251 249 250 249 251 263 260 255 253 250 249 249 247 239 244 243 230 218 217 233 241 248 261 253 251 250 226 225 223 230 225 229 239 237 230 217 206 184 184 171 165 154 147 150 164 160 156 145 148 147 146 151 163 173 174 161 166 159 155 154 153 152 149 154 143 137 134 131 129 130 131 135 132 131 133 136 137 130 130 135 132 127 129
249 252 252 252 251 253 253 253 263 254 256 258 256 255 253 250 246 248 247 235 233 235 238 243 249 256 262 256 244 240 235 227 231 236 247 239 229 215 220 208 189 179 162 156 147 145 146 172 174 171 171 159 152 150 141 147 156 164 158 156 155 146 150 151 157 159 154 156 151 144 134 128 129 129 132 129 130 130 130 129 125 120 128 127 129 131
251 254 253 253 250 252 254 258 262 256 260 252 255 242 246 246 248 252 250 247 249 245 247 244 249 252 257 261 255 242 245 240 240 241 246 244 233 224 227 210 202 186 172 148 148 157 164 172 191 183 174 159 162 157 155 147 147 161 169 170 165 158 152 161 169 160 160 156 155 147 134 130 127 126 127 127 127 129 127 118 113 112 121 125 128 133
262 252 259 253 253 254 262 263 264 251 251 261 251 246 243 248 249 250 252 253 251 251 251 252 249 247 248 257 262 251 249 249 244 251 250 242 232 234 221 202 193 174 155 167 151 174 183 189 191 179 166 165 165 163 161 162 160 159 173 178 175 166 155 155 170 170 159 150 154 143 135 131 132 128 124 124 124 127 128 120 112 110 117 122 126 128
251 261 259 254 252 256 264 257 257 252 251 251 252 250 248 250 252 255 255 256 255 253 252 253 252 251 249 248 262 258 255 250 254 254 246 247 239 237 216 215 203 183 184 167 149 187 205 202 180 163 162 172 172 174 175 173 174 171 172 181 181 174 172 174 176 166 144 155 167 156 146 130 138 131 123 126 129 126 126 124 118 113 113 123 126 127
252 249 254 250 249 253 260 264 259 255 252 250 250 252 251 253 254 255 257 256 255 257 256 254 253 254 255 252 259 263 255 255 258 255 249 236 242 226 218 213 217 208 199 189 190 207 217 197 185 175 158 169 179 183 178 175 180 179 176 184 178 182 179 179 177 171 161 167 173 161 152 141 144 132 128 132 133 129 123 122 119 116 116 121 121 122
258 257 251 250 252 254 257 263 265 255 252 250 246 249 254 253 248 252 260 256 255 255 260 261 261 260 258 260 261 260 260 260 253 255 241 245 226 216 219 228 229 222 212 205 221 222 227 217 215 191 156 168 176 187 186 178 184 186 184 186 184 185 185 182 180 174 167 169 178 166 167 165 155 134 133 139 139 129 128 127 128 125 114 115 118 118
264 260 258 254 255 256 257 262 261 254 252 251 249 250 252 255 254 255 258 254 252 254 254 262 261 262 263 263 263 263 263 263 259 260 260 246 240 237 229 235 233 212 211 224 233 230 216 200 212 211 168 177 188 185 193 200 188 188 184 188 190 190 188 186 183 181 179 177 179 178 173 164 158 152 153 149 150 133 132 131 131 127 118 114 118 121
259 265 263 258 260 264 261 257 255 253 253 252 251 251 253 254 258 258 254 254 252 251 252 254 255 261 260 258 261 264 262 260 258 257 252 255 253 257 243 244 235 230 233 240 235 205 186 178 201 210 192 198 197 198 199 196 185 177 177 179 188 188 188 182 178 174 173 167 178 171 164 149 159 163 162 159 153 149 142 131 126 124 112 110 114 116
259 261 265 262 263 262 262 256 253 255 256 259 258 258 256 255 255 256 256 254 254 253 252 251 251 252 256 262 263 264 263 256 258 251 244 247 239 243 254 254 243 241 239 234 216 188 165 170 191 210 212 197 191 191 188 189 179 183 176 180 185 187 182 177 175 171 165 167 172 168 150 144 155 159 147 150 142 135 137 126 112 115 108 104 108 112
