worldclim/bio12_cr.asc
ncols        411
nrows        382
xllcorner    -85.979072453958
yllcorner    8.036441368777
cellsize     0.008333330000
NODATA_value  -9999
[rows 216 to 251 of 382, columns 324 to 404 of 411]
3743 3897 3792 3564 3508 3263 3202 3433 3681 3690 3677 3652 3562 3609 3579 3302 3384 3474 3457 3180 3020 2902 2823 2783 2827 2756 2797 2775 2800 2852 2857 2817 2805 2745 2723 2732 2566 2562 2743 2778 2803 -9999 -9999 -9999 -9999 -9999 -9999 -9999 -9999 -9999 -9999 -9999 -9999 -9999 -9999 -9999 -9999 -9999 -9999 -9999 -9999 -9999 -9999 -9999 -9999 -9999 -9999 -9999 -9999 -9999 -9999 -9999 -9999 -9999 -9999 -9999 -9999 -9999 -9999 -9999 -9999
3796 3887 3853 3734 3528 3298 3382 3596 3705 3679 3637 3576 3495 3464 3519 3505 3488 3518 3370 3158 2892 2871 2915 2898 2841 2773 2799 2833 2858 2845 2865 2889 2823 2793 2782 2650 2555 2549 2645 2790 2796 -9999 -9999 -9999 -9999 -9999 -9999 -9999 -9999 -9999 -9999 -9999 -9999 -9999 -9999 -9999 -9999 -9999 -9999 -9999 -9999 -9999 -9999 -9999 -9999 -9999 -9999 -9999 -9999 -9999 -9999 -9999 -9999 -9999 -9999 -9999 -9999 -9999 -9999 -9999 -9999
3634 3745 3844 3767 3660 3492 3507 3506 3677 3687 3617 3447 3182 3129 3332 3548 3471 3320 3154 3042 2960 3007 2978 2914 2810 2796 2814 2850 2906 2914 2930 2885 2848 2836 2759 2596 2713 2701 2578 2588 2651 -9999 -9999 -9999 -9999 -9999 -9999 -9999 -9999 -9999 -9999 -9999 -9999 -9999 -9999 -9999 -9999 -9999 -9999 -9999 -9999 -9999 -9999 -9999 -9999 -9999 -9999 -9999 -9999 -9999 -9999 -9999 -9999 -9999 -9999 -9999 -9999 -9999 -9999 -9999 -9999
3622 3771 3841 3803 3699 3567 3646 3564 3597 3656 3654 3432 3326 3020 3470 3548 3447 3497 3472 3363 3267 3124 2965 2886 2825 2845 2882 2869 2930 2967 2914 2876 2845 2802 2726 2659 2788 2830 2712 2604 2712 -9999 -9999 -9999 -9999 -9999 -9999 -9999 -9999 -9999 -9999 -9999 -9999 -9999 -9999 -9999 -9999 -9999 -9999 -9999 -9999 -9999 -9999 -9999 -9999 -9999 -9999 -9999 -9999 -9999 -9999 -9999 -9999 -9999 -9999 -9999 -9999 -9999 -9999 -9999 -9999
3534 3744 3830 3793 3656 3633 3681 3672 3690 3665 3647 3492 3270 3147 3402 3513 3503 3436 3442 3458 3416 3280 3051 2949 2880 2869 2922 2980 2993 2922 2873 2841 2823 2759 2715 2738 2827 2844 2746 2779 2804 -9999 -9999 -9999 -9999 -9999 -9999 -9999 -9999 -9999 -9999 -9999 -9999 -9999 -9999 -9999 -9999 -9999 -9999 -9999 -9999 -9999 -9999 -9999 -9999 -9999 -9999 -9999 -9999 -9999 -9999 -9999 -9999 -9999 -9999 -9999 -9999 -9999 -9999 -9999 -9999
3717 3812 3809 3785 3723 3722 3725 3701 3580 3596 3604 3482 3179 2948 3146 3252 3293 3396 3469 3357 3358 3332 3030 2933 2884 2903 2968 3087 3099 2961 2876 2860 2842 2845 2810 2794 2836 2846 2793 2801 2833 -9999 -9999 -9999 -9999 -9999 -9999 -9999 -9999 -9999 -9999 -9999 -9999 -9999 -9999 -9999 -9999 -9999 -9999 -9999 -9999 -9999 -9999 -9999 -9999 -9999 -9999 -9999 -9999 -9999 -9999 -9999 -9999 -9999 -9999 -9999 -9999 -9999 -9999 -9999 -9999
3475 3595 3673 3768 3755 3699 3700 3687 3378 3474 3530 3390 3055 2843 3060 3201 3242 3341 3459 3333 3095 3117 2978 2938 2891 2942 2973 3190 3077 2941 2874 2902 2910 2873 2871 2827 2857 2869 2817 2821 2849 -9999 -9999 -9999 -9999 -9999 -9999 -9999 -9999 -9999 -9999 -9999 -9999 -9999 -9999 -9999 -9999 -9999 -9999 -9999 -9999 -9999 -9999 -9999 -9999 -9999 -9999 -9999 -9999 -9999 -9999 -9999 -9999 -9999 -9999 -9999 -9999 -9999 -9999 -9999 -9999
3321 3543 3684 3764 3745 3706 3701 3676 3627 3505 3322 3129 3025 3150 3365 3394 3448 3469 3451 3249 3056 2983 2946 2903 2946 2945 3050 3258 3117 2950 2914 2960 2937 2959 2870 2870 2911 2867 2839 2840 2846 -9999 -9999 -9999 -9999 -9999 -9999 -9999 -9999 -9999 -9999 -9999 -9999 -9999 -9999 -9999 -9999 -9999 -9999 -9999 -9999 -9999 -9999 -9999 -9999 -9999 -9999 -9999 -9999 -9999 -9999 -9999 -9999 -9999 -9999 -9999 -9999 -9999 -9999 -9999 -9999
3160 3337 3651 3686 3714 3671 3691 3665 3631 3496 3139 2845 2948 3372 3435 3504 3473 3401 3357 3270 3116 3059 2981 3038 3199 3092 3123 3266 3190 2994 2986 3018 3040 3017 2936 2900 2905 2867 2843 2852 2866 -9999 -9999 -9999 -9999 -9999 -9999 -9999 -9999 -9999 -9999 -9999 -9999 -9999 -9999 -9999 -9999 -9999 -9999 -9999 -9999 -9999 -9999 -9999 -9999 -9999 -9999 -9999 -9999 -9999 -9999 -9999 -9999 -9999 -9999 -9999 -9999 -9999 -9999 -9999 -9999
3655 3775 3705 3642 3505 3495 3581 3597 3571 3386 3105 2805 2983 3202 3368 3440 3425 3454 3308 3226 3028 2990 3041 3151 3301 3307 3210 3272 3223 3073 3097 3151 3125 3079 3024 2960 2934 2871 2874 2866 2874 -9999 -9999 -9999 -9999 -9999 -9999 -9999 -9999 -9999 -9999 -9999 -9999 -9999 -9999 -9999 -9999 -9999 -9999 -9999 -9999 -9999 -9999 -9999 -9999 -9999 -9999 -9999 -9999 -9999 -9999 -9999 -9999 -9999 -9999 -9999 -9999 -9999 -9999 -9999 -9999
3805 3718 3626 3738 3604 3342 3461 3397 3122 3005 2898 2741 2779 2959 3065 3139 3289 3433 3422 3250 3164 3086 3150 3335 3316 3298 3241 3254 3242 3206 3211 3188 3176 3164 3085 2983 2906 2880 2898 2880 2889 -9999 -9999 -9999 -9999 -9999 -9999 -9999 -9999 -9999 -9999 -9999 -9999 -9999 -9999 -9999 -9999 -9999 -9999 -9999 -9999 -9999 -9999 -9999 -9999 -9999 -9999 -9999 -9999 -9999 -9999 -9999 -9999 -9999 -9999 -9999 -9999 -9999 -9999 -9999 -9999
3621 3271 3534 3726 3666 3376 3122 2941 3060 2992 2831 2763 2735 2822 2980 3160 3317 3440 3372 3251 3312 3119 3188 3327 3266 3293 3274 3241 3240 3219 3185 3182 3111 3126 3129 2999 2901 2917 2954 2931 2898 -9999 -9999 -9999 -9999 -9999 -9999 -9999 -9999 -9999 -9999 -9999 -9999 -9999 -9999 -9999 -9999 -9999 -9999 -9999 -9999 -9999 -9999 -9999 -9999 -9999 -9999 -9999 -9999 -9999 -9999 -9999 -9999 -9999 -9999 -9999 -9999 -9999 -9999 -9999 -9999
3246 3338 3691 3417 3626 3652 3372 3233 3244 3319 2940 2978 2812 2848 3075 3278 3389 3431 3408 3382 3344 3200 3233 3227 3289 3254 3225 3208 3223 3209 3011 3121 2990 3132 3122 3044 2979 2953 3002 2966 2953 -9999 -9999 -9999 -9999 -9999 -9999 -9999 -9999 -9999 -9999 -9999 -9999 -9999 -9999 -9999 -9999 -9999 -9999 -9999 -9999 -9999 -9999 -9999 -9999 -9999 -9999 -9999 -9999 -9999 -9999 -9999 -9999 -9999 -9999 -9999 -9999 -9999 -9999 -9999 -9999
3119 3180 3613 3382 3447 3627 3586 3525 3602 3579 3472 3341 2963 2811 2888 3136 3181 3356 3293 3384 3317 3274 3300 3228 3279 3279 3254 3086 3155 3140 2985 2987 2879 2950 3089 3113 3098 3064 2978 2920 2896 -9999 -9999 -9999 -9999 -9999 -9999 -9999 -9999 -9999 -9999 -9999 -9999 -9999 -9999 -9999 -9999 -9999 -9999 -9999 -9999 -9999 -9999 -9999 -9999 -9999 -9999 -9999 -9999 -9999 -9999 -9999 -9999 -9999 -9999 -9999 -9999 -9999 -9999 -9999 -9999
3072 3209 3263 3147 3141 3346 3554 3584 3513 3462 3461 3523 3223 2972 2908 2885 3045 3035 3177 3378 3359 3332 3314 3304 3288 3271 3233 3070 2935 2968 2874 2820 2751 2855 2973 3100 3093 3030 2943 2915 2914 -9999 -9999 -9999 -9999 -9999 -9999 -9999 -9999 -9999 -9999 -9999 -9999 -9999 -9999 -9999 -9999 -9999 -9999 -9999 -9999 -9999 -9999 -9999 -9999 -9999 -9999 -9999 -9999 -9999 -9999 -9999 -9999 -9999 -9999 -9999 -9999 -9999 -9999 -9999 -9999
3029 3106 2970 3070 3174 3395 3552 3317 3251 3213 3156 3517 3406 3283 3196 2865 2895 2821 3166 3304 3329 3335 3251 3276 3233 3214 3135 3043 2800 2776 2736 2730 2737 2799 2998 3075 3077 3019 3001 2945 3009 -9999 -9999 -9999 -9999 -9999 -9999 -9999 -9999 -9999 -9999 -9999 -9999 -9999 -9999 -9999 -9999 -9999 -9999 -9999 -9999 -9999 -9999 -9999 -9999 -9999 -9999 -9999 -9999 -9999 -9999 -9999 -9999 -9999 -9999 -9999 -9999 -9999 -9999 -9999 -9999
2874 2917 3053 3170 3286 3361 3515 3324 3160 3125 3163 3292 3468 3465 3153 3006 2789 2862 3068 3106 3250 3241 3142 3164 3121 3113 2896 2823 2753 2712 2709 2708 2726 2830 2948 3056 3079 3024 3042 3018 3017 -9999 -9999 -9999 -9999 -9999 -9999 -9999 -9999 -9999 -9999 -9999 -9999 -9999 -9999 -9999 -9999 -9999 -9999 -9999 -9999 -9999 -9999 -9999 -9999 -9999 -9999 -9999 -9999 -9999 -9999 -9999 -9999 -9999 -9999 -9999 -9999 -9999 -9999 -9999 -9999
2869 3019 3118 3168 3385 3473 3375 3291 3081 3099 3357 3471 3478 3323 3044 2939 2835 2893 3040 3059 3168 3099 2999 2948 2824 2937 2759 2717 2711 2713 2709 2727 2736 2763 2940 3078 3072 3043 3036 3028 3004 -9999 -9999 -9999 -9999 -9999 -9999 -9999 -9999 -9999 -9999 -9999 -9999 -9999 -9999 -9999 -9999 -9999 -9999 -9999 -9999 -9999 -9999 -9999 -9999 -9999 -9999 -9999 -9999 -9999 -9999 -9999 -9999 -9999 -9999 -9999 -9999 -9999 -9999 -9999 -9999
2864 2930 3069 3200 3322 3408 3254 3163 3113 3075 3321 3460 3458 3415 3342 3181 3121 3263 3275 3193 2867 2970 2882 2905 2827 2804 2725 2709 2710 2711 2731 2739 2798 2794 2881 3027 3057 3046 3032 3016 2985 -9999 -9999 -9999 -9999 -9999 -9999 -9999 -9999 -9999 -9999 -9999 -9999 -9999 -9999 -9999 -9999 -9999 -9999 -9999 -9999 -9999 -9999 -9999 -9999 -9999 -9999 -9999 -9999 -9999 -9999 -9999 -9999 -9999 -9999 -9999 -9999 -9999 -9999 -9999 -9999
2893 2963 3034 3112 3261 3499 3221 3105 3043 3028 3174 3140 3286 3426 3392 3403 3346 3374 3329 3221 2992 2891 2825 2764 2767 2739 2728 2713 2716 2735 2774 2844 2911 2940 2982 2949 2977 2970 2973 2974 2968 -9999 -9999 -9999 -9999 -9999 -9999 -9999 -9999 -9999 -9999 -9999 -9999 -9999 -9999 -9999 -9999 -9999 -9999 -9999 -9999 -9999 -9999 -9999 -9999 -9999 -9999 -9999 -9999 -9999 -9999 -9999 -9999 -9999 -9999 -9999 -9999 -9999 -9999 -9999 -9999
2960 2986 3088 3140 3307 3382 3141 3063 2985 3006 3071 3102 3128 3430 3381 3372 3358 3340 3302 3172 3058 3079 2958 2778 2754 2779 2749 2742 2749 2784 2803 2909 3035 3057 3000 3015 2968 3035 2978 2993 2995 -9999 -9999 -9999 -9999 -9999 -9999 -9999 -9999 -9999 -9999 -9999 -9999 -9999 -9999 -9999 -9999 -9999 -9999 -9999 -9999 -9999 -9999 -9999 -9999 -9999 -9999 -9999 -9999 -9999 -9999 -9999 -9999 -9999 -9999 -9999 -9999 -9999 -9999 -9999 -9999
2869 2951 3069 3090 3137 3167 3256 3053 2954 3007 3079 3113 3314 3423 3248 3118 3176 3300 3328 3319 3233 3102 2877 2810 2770 2802 2787 2799 2807 2855 2905 2954 3034 3085 3075 3054 3024 3029 3016 3003 2979 -9999 -9999 -9999 -9999 -9999 -9999 -9999 -9999 -9999 -9999 -9999 -9999 -9999 -9999 -9999 -9999 -9999 -9999 -9999 -9999 -9999 -9999 -9999 -9999 -9999 -9999 -9999 -9999 -9999 -9999 -9999 -9999 -9999 -9999 -9999 -9999 -9999 -9999 -9999 -9999
2861 2994 3033 3039 2988 3094 3098 3031 2968 2948 3011 3053 3128 3342 3195 3185 3351 3302 3220 3209 3240 3068 2961 2795 2786 2802 2824 2821 2860 2817 2906 2999 3029 3054 3069 3051 3037 3018 2987 2964 2925 -9999 -9999 -9999 -9999 -9999 -9999 -9999 -9999 -9999 -9999 -9999 -9999 -9999 -9999 -9999 -9999 -9999 -9999 -9999 -9999 -9999 -9999 -9999 -9999 -9999 -9999 -9999 -9999 -9999 -9999 -9999 -9999 -9999 -9999 -9999 -9999 -9999 -9999 -9999 -9999
2876 2919 2900 2930 2922 3023 3049 2969 2959 2924 3005 3038 3070 3079 3080 3231 3356 3319 3319 3265 3135 2965 2805 2754 2756 2780 2802 2845 2795 2798 2964 3040 3078 3055 3060 3029 2998 2972 2955 2918 2911 -9999 -9999 -9999 -9999 -9999 -9999 -9999 -9999 -9999 -9999 -9999 -9999 -9999 -9999 -9999 -9999 -9999 -9999 -9999 -9999 -9999 -9999 -9999 -9999 -9999 -9999 -9999 -9999 -9999 -9999 -9999 -9999 -9999 -9999 -9999 -9999 -9999 -9999 -9999 -9999
2842 2839 2851 2863 2979 3061 2971 2903 2913 2971 3001 2990 3052 3033 3070 3242 3329 3237 3306 3204 2940 2812 2765 2741 2746 2765 2795 2800 2826 2875 3007 3063 3071 3067 3053 3041 3020 2991 2996 2974 2952 -9999 -9999 -9999 -9999 -9999 -9999 -9999 -9999 -9999 -9999 -9999 -9999 -9999 -9999 -9999 -9999 -9999 -9999 -9999 -9999 -9999 -9999 -9999 -9999 -9999 -9999 -9999 -9999 -9999 -9999 -9999 -9999 -9999 -9999 -9999 -9999 -9999 -9999 -9999 -9999
2984 2859 2880 2912 2948 3054 2895 2947 2948 2966 2931 3032 3084 3095 3268 3305 3272 3181 3303 3065 2876 2816 2875 2836 2785 2759 2769 2816 2871 2894 2866 2980 2998 3043 3027 3007 2983 3005 2978 2966 2957 -9999 -9999 -9999 -9999 -9999 -9999 -9999 -9999 -9999 -9999 -9999 -9999 -9999 -9999 -9999 -9999 -9999 -9999 -9999 -9999 -9999 -9999 -9999 -9999 -9999 -9999 -9999 -9999 -9999 -9999 -9999 -9999 -9999 -9999 -9999 -9999 -9999 -9999 -9999 -9999
3096 2994 2870 2866 2903 2953 2906 2926 2945 2920 2964 3030 3237 3240 3273 3238 3107 3203 3287 3114 2979 2957 3018 3029 2803 2771 2759 2802 2840 2847 2828 2845 2894 2914 2924 2890 2884 2966 2915 2890 2958 -9999 -9999 -9999 -9999 -9999 -9999 -9999 -9999 -9999 -9999 -9999 -9999 -9999 -9999 -9999 -9999 -9999 -9999 -9999 -9999 -9999 -9999 -9999 -9999 -9999 -9999 -9999 -9999 -9999 -9999 -9999 -9999 -9999 -9999 -9999 -9999 -9999 -9999 -9999 -9999
3132 2984 2911 2889 2871 2889 2892 3021 2912 2943 2945 3042 3118 3108 3118 3078 3078 3162 3275 3269 3188 3026 3143 2922 2822 2802 2796 2804 2819 2832 2798 2778 2815 2797 2815 2826 2816 2831 2813 2917 2949 -9999 -9999 -9999 -9999 -9999 -9999 -9999 -9999 -9999 -9999 -9999 -9999 -9999 -9999 -9999 -9999 -9999 -9999 -9999 -9999 -9999 -9999 -9999 -9999 -9999 -9999 -9999 -9999 -9999 -9999 -9999 -9999 -9999 -9999 -9999 -9999 -9999 -9999 -9999 -9999
3136 3187 3091 3052 2866 2920 2893 2982 3045 2943 2999 3067 3066 3060 3074 3071 3087 3154 3200 3208 3191 3084 3180 2992 2895 2838 2829 2829 2867 2874 2870 2845 2849 2820 2852 2863 2817 2828 2869 2927 2936 -9999 -9999 -9999 -9999 -9999 -9999 -9999 -9999 -9999 -9999 -9999 -9999 -9999 -9999 -9999 -9999 -9999 -9999 -9999 -9999 -9999 -9999 -9999 -9999 -9999 -9999 -9999 -9999 -9999 -9999 -9999 -9999 -9999 -9999 -9999 -9999 -9999 -9999 -9999 -9999
3251 3260 3272 2991 2864 2877 2889 3149 2989 2966 3026 3070 3012 3031 3036 3047 3069 3083 3119 3189 3226 3221 3204 3035 2939 2857 2871 2881 2926 2872 2907 2892 2911 2893 2909 2923 2882 2886 2910 2916 2934 -9999 -9999 -9999 -9999 -9999 -9999 -9999 -9999 -9999 -9999 -9999 -9999 -9999 -9999 -9999 -9999 -9999 -9999 -9999 -9999 -9999 -9999 -9999 -9999 -9999 -9999 -9999 -9999 -9999 -9999 -9999 -9999 -9999 -9999 -9999 -9999 -9999 -9999 -9999 -9999
3252 3171 3040 2910 2946 2963 2897 3031 3247 2926 2948 3025 2966 3000 3040 3054 3091 3110 3198 3231 3228 3154 3194 3117 3051 2928 2895 2868 2897 2882 2897 2926 2927 2880 2884 2902 2934 2925 2943 2934 2931 -9999 -9999 -9999 -9999 -9999 -9999 -9999 -9999 -9999 -9999 -9999 -9999 -9999 -9999 -9999 -9999 -9999 -9999 -9999 -9999 -9999 -9999 -9999 -9999 -9999 -9999 -9999 -9999 -9999 -9999 -9999 -9999 -9999 -9999 -9999 -9999 -9999 -9999 -9999 -9999
3245 3097 2933 2886 3203 3056 2974 3243 3159 2994 2966 2951 2986 3080 3137 3138 3207 3251 3245 3218 3148 3131 3188 3171 3148 3087 3055 2987 3041 2928 2907 2863 2847 2842 2822 2870 2895 2911 2924 2930 2921 -9999 -9999 -9999 -9999 -9999 -9999 -9999 -9999 -9999 -9999 -9999 -9999 -9999 -9999 -9999 -9999 -9999 -9999 -9999 -9999 -9999 -9999 -9999 -9999 -9999 -9999 -9999 -9999 -9999 -9999 -9999 -9999 -9999 -9999 -9999 -9999 -9999 -9999 -9999 -9999
3233 3156 2940 2912 3172 3229 3172 3297 3272 3150 3043 2959 3033 3100 3099 3098 3131 3137 3237 3170 3106 3131 3138 3161 3124 3106 3114 3084 3081 3042 2942 2941 2895 2868 2858 2842 2847 2844 2870 2909 2909 -9999 -9999 -9999 -9999 -9999 -9999 -9999 -9999 -9999 -9999 -9999 -9999 -9999 -9999 -9999 -9999 -9999 -9999 -9999 -9999 -9999 -9999 -9999 -9999 -9999 -9999 -9999 -9999 -9999 -9999 -9999 -9999 -9999 -9999 -9999 -9999 -9999 -9999 -9999 -9999
3197 3233 3255 3156 3293 2974 3328 3258 3229 3178 3069 2971 3003 3027 3030 3028 3083 3086 3120 3113 3083 3097 3166 3128 3136 3125 3098 3091 3080 3062 3022 2965 2934 2889 2881 2889 2876 2880 2887 2899 2869 -9999 -9999 -9999 -9999 -9999 -9999 -9999 -9999 -9999 -9999 -9999 -9999 -9999 -9999 -9999 -9999 -9999 -9999 -9999 -9999 -9999 -9999 -9999 -9999 -9999 -9999 -9999 -9999 -9999 -9999 -9999 -9999 -9999 -9999 -9999 -9999 -9999 -9999 -9999 -9999
3134 3113 3094 3165 3296 3056 2942 3098 3060 3070 3173 3096 2986 2981 2992 3008 3063 3070 3087 3087 3084 3129 3159 3149 3131 3119 3081 3048 3068 3053 3044 2996 2943 2891 2875 2886 2884 2883 2868 2844 2834 -9999 -9999 -9999 -9999 -9999 -9999 -9999 -9999 -9999 -9999 -9999 -9999 -9999 -9999 -9999 -9999 -9999 -9999 -9999 -9999 -9999 -9999 -9999 -9999 -9999 -9999 -9999 -9999 -9999 -9999 -9999 -9999 -9999 -9999 -9999 -9999 -9999 -9999 -9999 -9999
3110 2963 2996 3132 3250 3317 3138 3031 3184 3096 3027 3232 3146 3141 3023 3005 3016 3060 3086 3088 3109 3127 3139 3096 3111 3091 3056 3037 3032 3040 3038 2990 2960 2889 2868 2873 2856 2865 2836 2805 2794 -9999 -9999 -9999 -9999 -9999 -9999 -9999 -9999 -9999 -9999 -9999 -9999 -9999 -9999 -9999 -9999 -9999 -9999 -9999 -9999 -9999 -9999 -9999 -9999 -9999 -9999 -9999 -9999 -9999 -9999 -9999 -9999 -9999 -9999 -9999 -9999 -9999 -9999 -9999 -9999
