worldclim/bio1_cr.asc
ncols        411
nrows        382
xllcorner    -85.979072453958
yllcorner    8.036441368777
cellsize     0.008333330000
NODATA_value  -9999
[rows 114 to 151 of 382, columns 0 to 85 of 411]
-9999 -9999 -9999 -9999 -9999 -9999 -9999 -9999 -9999 -9999 -9999 -9999 -9999 -9999 -9999 266 265 266 266 265 265 263 259 262 263 264 264 264 261 264 266 265 262 259 259 262 263 264 264 264 264 264 262 263 264 265 265 266 266 265 265 263 262 265 263 265 265 265 265 265 265 265 263 265 265 265 265 265 265 264 264 263 265 265 265 265 265 265 266 266 266 266 265 -9999 -9999 -9999
-9999 -9999 -9999 -9999 -9999 -9999 -9999 -9999 -9999 -9999 -9999 -9999 -9999 -9999 -9999 266 266 266 267 265 265 265 265 263 262 261 257 255 257 261 265 265 264 264 258 258 259 263 263 258 262 261 255 258 260 265 265 265 265 265 265 265 265 265 260 256 261 262 265 263 265 265 263 265 264 264 265 265 265 265 265 265 265 265 265 265 266 265 266 266 266 266 263 267 267 -9999
-9999 -9999 -9999 -9999 -9999 -9999 -9999 -9999 -9999 -9999 -9999 -9999 -9999 -9999 -9999 -9999 266 267 266 265 265 264 264 264 263 259 259 259 261 263 265 265 264 264 263 261 258 259 261 258 260 260 251 254 260 265 264 265 265 265 265 265 265 264 262 258 249 257 263 262 265 265 264 263 261 263 261 264 264 265 265 265 265 265 265 265 266 265 262 259 266 266 266 266 267 265
-9999 -9999 -9999 -9999 -9999 -9999 -9999 -9999 -9999 -9999 -9999 -9999 -9999 -9999 -9999 -9999 266 266 265 264 263 264 261 260 257 258 260 264 265 265 265 257 260 264 264 255 260 256 255 254 253 252 250 260 263 264 264 265 264 264 264 265 264 264 263 252 245 244 260 258 265 265 265 263 258 262 262 256 260 264 265 265 265 265 265 265 265 265 260 263 265 266 266 266 267 265
-9999 -9999 -9999 -9999 -9999 -9999 -9999 -9999 -9999 -9999 -9999 -9999 -9999 -9999 -9999 -9999 -9999 266 265 262 261 261 258 255 257 262 264 265 266 265 265 261 258 260 260 253 252 249 245 247 244 252 256 262 263 264 264 259 259 264 264 264 263 264 258 248 247 249 258 257 263 265 265 265 262 255 257 254 259 263 264 265 264 262 263 260 265 265 259 259 266 265 266 266 266 267
-9999 -9999 -9999 -9999 -9999 -9999 -9999 -9999 -9999 -9999 -9999 -9999 -9999 -9999 -9999 -9999 -9999 266 264 262 260 259 258 255 253 264 266 266 266 263 264 258 246 260 252 245 244 245 248 248 244 251 254 257 263 264 264 259 258 263 264 263 263 261 261 260 261 257 256 248 264 264 264 264 265 264 263 252 259 263 264 264 264 260 249 251 264 265 265 265 262 264 262 261 265 267
-9999 -9999 -9999 -9999 -9999 -9999 -9999 -9999 -9999 -9999 -9999 -9999 -9999 -9999 -9999 -9999 -9999 266 265 263 260 263 263 261 257 264 266 266 264 262 250 246 248 248 247 243 247 244 249 249 249 254 260 262 263 263 261 261 263 263 262 260 251 255 256 262 261 261 251 254 259 263 251 255 263 265 264 263 257 263 263 264 264 263 263 251 260 265 265 265 265 265 262 253 261 266
-9999 -9999 -9999 -9999 -9999 -9999 -9999 -9999 -9999 -9999 -9999 -9999 -9999 -9999 -9999 -9999 -9999 266 265 264 264 264 264 260 260 266 266 266 265 264 250 248 245 245 247 246 247 251 253 253 255 259 263 258 258 261 261 259 262 263 262 257 246 248 251 258 260 261 261 260 254 246 244 253 264 264 265 264 263 259 264 264 263 263 262 256 248 260 265 265 265 265 264 263 264 264
-9999 -9999 -9999 -9999 -9999 -9999 -9999 -9999 -9999 -9999 -9999 -9999 -9999 -9999 -9999 -9999 -9999 -9999 266 266 265 265 262 260 266 266 266 263 264 262 251 248 243 240 249 246 244 248 255 256 260 259 254 249 253 263 260 250 260 259 252 256 259 241 249 256 257 260 260 260 256 251 254 262 263 264 264 264 264 264 263 263 263 258 244 250 255 254 259 265 265 265 264 264 262 260
-9999 -9999 -9999 -9999 -9999 -9999 -9999 -9999 -9999 -9999 -9999 -9999 -9999 -9999 -9999 -9999 -9999 -9999 266 265 265 267 267 266 266 265 265 263 258 257 258 243 245 246 249 249 243 245 248 259 253 250 245 249 256 263 253 242 259 251 239 238 254 237 239 247 250 251 259 260 259 251 254 262 263 264 263 264 264 264 263 263 262 252 243 254 260 262 254 257 263 264 264 264 263 264
-9999 -9999 -9999 -9999 -9999 -9999 -9999 -9999 -9999 -9999 -9999 -9999 -9999 -9999 -9999 -9999 -9999 -9999 -9999 266 266 266 266 265 264 264 258 257 252 250 251 246 247 253 253 251 246 244 246 255 246 241 238 252 254 261 254 245 253 247 228 230 246 234 238 245 243 256 258 260 260 259 252 253 258 264 262 261 264 263 262 263 261 254 249 259 264 264 255 254 258 264 263 263 263 265
-9999 -9999 -9999 -9999 -9999 -9999 -9999 -9999 -9999 -9999 -9999 -9999 -9999 -9999 -9999 -9999 -9999 -9999 -9999 -9999 265 267 266 265 261 261 260 258 254 256 251 242 253 257 260 258 254 249 240 252 252 240 240 245 252 260 255 249 238 241 227 231 230 232 231 241 242 248 256 259 261 261 262 261 261 259 259 259 261 263 263 263 259 248 248 264 264 265 262 262 262 263 263 257 260 264
-9999 -9999 -9999 -9999 -9999 -9999 -9999 -9999 -9999 -9999 -9999 -9999 -9999 -9999 -9999 -9999 -9999 -9999 -9999 -9999 267 267 266 265 264 262 262 261 258 258 256 257 259 261 261 255 247 242 237 249 244 229 233 246 249 258 250 247 228 232 225 223 228 229 230 239 249 248 246 257 260 262 263 261 259 258 253 253 258 263 263 264 259 249 246 265 265 265 265 262 264 263 251 256 263 265
-9999 -9999 -9999 -9999 -9999 -9999 -9999 -9999 -9999 -9999 -9999 -9999 -9999 -9999 -9999 -9999 -9999 -9999 -9999 -9999 266 266 265 265 265 263 263 263 260 258 260 262 263 258 258 249 253 240 236 238 236 226 238 245 247 259 256 236 231 222 224 231 234 237 241 242 253 248 247 254 260 261 262 263 263 259 257 249 250 257 261 263 264 264 264 265 265 265 265 265 265 265 253 258 264 265
-9999 -9999 -9999 -9999 -9999 -9999 -9999 -9999 -9999 -9999 -9999 -9999 -9999 -9999 -9999 -9999 -9999 -9999 -9999 -9999 -9999 266 266 266 266 264 263 260 255 259 263 260 262 256 256 257 247 242 239 231 224 223 240 246 254 255 248 241 229 223 229 235 243 242 244 251 253 240 244 253 256 261 262 263 263 262 259 254 253 253 254 258 262 264 264 265 265 265 265 265 265 265 265 265 266 265
-9999 -9999 -9999 -9999 -9999 -9999 -9999 -9999 -9999 -9999 -9999 -9999 -9999 -9999 -9999 -9999 -9999 -9999 -9999 -9999 -9999 266 266 266 265 265 264 263 265 263 263 262 259 258 251 250 244 241 248 242 229 220 246 249 251 248 234 227 234 234 234 243 249 253 240 252 255 241 243 245 253 260 262 263 263 263 262 259 259 258 253 254 256 258 263 264 265 265 265 265 265 265 265 266 266 266
-9999 -9999 -9999 -9999 -9999 -9999 -9999 -9999 -9999 -9999 -9999 -9999 -9999 -9999 -9999 -9999 -9999 -9999 -9999 -9999 -9999 -9999 265 266 264 262 262 263 265 256 258 259 259 262 258 255 252 248 249 236 224 217 236 238 246 238 224 230 243 245 242 247 254 252 256 256 256 243 249 253 255 259 252 258 263 263 263 263 262 262 255 252 253 257 263 264 264 265 265 265 265 265 266 265 266 266
-9999 -9999 -9999 -9999 -9999 -9999 -9999 -9999 -9999 -9999 -9999 -9999 -9999 -9999 -9999 -9999 -9999 -9999 -9999 -9999 -9999 -9999 266 266 264 262 262 257 265 262 259 255 255 252 255 256 254 249 243 233 228 218 219 224 239 227 232 233 239 254 254 251 255 250 251 257 255 254 252 245 254 258 261 262 262 262 263 263 263 262 261 260 258 259 259 264 264 265 265 265 265 265 265 265 266 266
-9999 -9999 -9999 -9999 -9999 -9999 -9999 -9999 -9999 -9999 -9999 -9999 -9999 -9999 -9999 -9999 -9999 -9999 -9999 -9999 -9999 -9999 267 265 264 263 263 263 266 261 258 256 258 252 243 245 242 238 230 233 229 223 219 223 227 226 231 247 247 247 248 252 257 255 253 258 257 251 248 238 251 260 262 262 258 262 261 262 262 263 262 263 260 263 263 263 264 262 263 264 264 265 265 265 265 265
-9999 -9999 -9999 -9999 -9999 -9999 -9999 -9999 -9999 -9999 -9999 -9999 -9999 -9999 -9999 -9999 -9999 -9999 -9999 -9999 -9999 -9999 266 265 264 263 263 266 264 259 261 260 258 252 246 243 240 237 238 231 238 226 227 233 228 222 223 230 246 251 255 250 255 258 259 258 249 248 256 241 248 260 261 261 255 254 252 256 259 261 262 262 263 262 256 259 256 255 262 261 261 262 264 264 265 265
-9999 -9999 -9999 -9999 -9999 -9999 -9999 -9999 -9999 -9999 -9999 -9999 -9999 -9999 -9999 -9999 -9999 -9999 -9999 -9999 -9999 -9999 -9999 265 265 263 265 266 262 260 259 260 256 254 246 248 245 243 248 242 246 232 230 241 235 226 227 227 238 242 255 255 255 259 256 255 250 245 258 257 259 260 261 251 247 249 252 251 259 260 259 262 262 262 256 247 248 240 235 247 250 258 263 264 264 265
-9999 -9999 -9999 -9999 -9999 -9999 -9999 -9999 -9999 -9999 -9999 -9999 -9999 -9999 -9999 -9999 -9999 -9999 -9999 -9999 -9999 -9999 -9999 -9999 266 266 266 266 261 263 261 258 257 257 247 250 258 249 251 249 244 243 236 246 241 239 233 234 245 245 248 254 258 258 258 252 252 254 259 260 260 260 259 256 245 245 250 252 253 255 256 260 262 263 263 260 258 245 252 242 243 247 258 263 264 265
-9999 -9999 -9999 -9999 -9999 -9999 -9999 -9999 -9999 -9999 -9999 -9999 -9999 -9999 -9999 -9999 -9999 -9999 -9999 -9999 -9999 -9999 -9999 -9999 267 267 263 262 263 262 262 261 262 259 256 257 257 257 244 247 247 251 234 251 247 244 240 231 246 253 255 258 260 257 249 248 253 260 260 260 260 259 255 257 248 239 243 250 251 251 254 261 261 261 262 264 261 261 261 260 258 252 256 264 264 265
-9999 -9999 -9999 -9999 -9999 -9999 -9999 -9999 -9999 -9999 -9999 -9999 -9999 -9999 -9999 -9999 -9999 -9999 -9999 -9999 -9999 -9999 -9999 -9999 -9999 266 264 263 262 266 262 265 263 263 262 262 257 251 245 251 250 248 244 245 251 250 246 232 238 250 257 260 256 250 246 253 259 260 260 260 259 255 248 241 240 246 236 244 246 256 260 261 260 261 261 262 262 264 264 264 264 259 260 263 264 265
-9999 -9999 -9999 -9999 -9999 -9999 -9999 -9999 -9999 -9999 -9999 -9999 -9999 -9999 -9999 -9999 -9999 -9999 -9999 -9999 -9999 -9999 -9999 -9999 -9999 -9999 265 264 265 266 264 264 262 260 259 256 256 258 257 246 249 254 251 250 256 249 238 240 238 248 253 259 253 249 250 256 260 260 260 258 258 258 249 245 246 248 248 248 250 257 255 260 258 258 259 258 255 258 261 259 263 264 264 264 264 265
-9999 -9999 -9999 -9999 -9999 -9999 -9999 -9999 -9999 -9999 -9999 -9999 -9999 -9999 -9999 -9999 -9999 -9999 -9999 -9999 -9999 -9999 -9999 -9999 -9999 -9999 -9999 266 265 262 262 265 260 261 260 259 257 251 246 248 248 255 259 256 253 248 235 248 244 242 255 259 261 261 261 261 260 260 256 253 255 254 248 247 249 249 248 248 249 251 248 251 256 250 248 255 255 254 260 258 257 263 264 264 264 264
-9999 -9999 -9999 -9999 -9999 -9999 -9999 -9999 -9999 -9999 -9999 -9999 -9999 -9999 -9999 -9999 -9999 -9999 -9999 -9999 -9999 -9999 -9999 -9999 -9999 -9999 -9999 266 265 263 264 262 263 262 258 256 251 249 248 251 245 255 248 247 248 246 253 255 249 245 255 261 258 255 257 259 257 259 251 248 253 257 255 249 250 249 248 248 246 246 244 245 253 249 242 251 246 254 260 252 253 259 262 264 264 264
-9999 -9999 -9999 -9999 -9999 -9999 -9999 -9999 -9999 -9999 -9999 -9999 -9999 -9999 -9999 -9999 -9999 -9999 -9999 -9999 -9999 -9999 -9999 -9999 -9999 -9999 -9999 -9999 265 266 264 264 261 258 258 254 251 253 252 253 252 259 252 247 246 250 258 254 247 246 254 261 255 250 255 259 260 260 255 256 259 257 258 255 248 245 245 247 245 237 238 247 246 251 239 247 247 253 257 254 255 261 259 261 263 263
-9999 -9999 -9999 -9999 -9999 -9999 -9999 -9999 -9999 -9999 -9999 -9999 -9999 -9999 -9999 -9999 -9999 -9999 -9999 -9999 -9999 -9999 -9999 -9999 -9999 -9999 -9999 -9999 267 264 265 262 260 260 258 260 254 253 258 254 260 258 255 253 246 255 258 257 253 246 252 260 258 251 252 259 260 257 259 253 249 257 255 247 243 244 242 245 246 240 228 234 236 238 242 244 250 254 252 249 250 251 252 260 261 263
-9999 -9999 -9999 -9999 -9999 -9999 -9999 -9999 -9999 -9999 -9999 -9999 -9999 -9999 -9999 -9999 -9999 -9999 -9999 -9999 -9999 -9999 -9999 -9999 -9999 -9999 -9999 -9999 -9999 -9999 264 263 261 261 258 261 256 254 259 256 260 253 248 245 241 250 261 261 253 243 255 259 258 256 261 256 259 252 243 239 239 250 256 244 241 236 233 237 244 239 229 229 235 236 237 237 251 252 251 247 242 239 243 257 261 262
-9999 -9999 -9999 -9999 -9999 -9999 -9999 -9999 -9999 -9999 -9999 -9999 -9999 -9999 -9999 -9999 -9999 -9999 -9999 -9999 -9999 -9999 -9999 -9999 -9999 -9999 -9999 -9999 -9999 -9999 -9999 265 263 263 264 264 258 260 262 262 259 249 251 250 252 259 260 254 253 252 261 262 263 262 253 244 253 254 245 238 231 248 252 246 244 232 233 229 241 236 226 226 234 238 238 245 251 252 250 243 236 237 246 258 261 259
-9999 -9999 -9999 -9999 -9999 -9999 -9999 -9999 -9999 -9999 -9999 -9999 -9999 -9999 -9999 -9999 -9999 -9999 -9999 -9999 -9999 -9999 -9999 -9999 -9999 -9999 -9999 -9999 -9999 -9999 -9999 -9999 265 266 267 266 261 264 258 256 249 249 252 259 262 259 250 258 264 264 257 254 251 250 246 244 257 253 245 234 229 243 253 249 249 247 240 229 230 228 228 225 231 236 243 247 250 252 251 248 241 255 256 260 254 256
-9999 -9999 -9999 -9999 -9999 -9999 -9999 -9999 -9999 -9999 -9999 -9999 -9999 -9999 -9999 -9999 -9999 -9999 -9999 -9999 -9999 -9999 -9999 -9999 -9999 -9999 -9999 -9999 -9999 -9999 -9999 -9999 -9999 266 267 266 264 262 259 258 254 256 259 261 262 252 260 262 258 252 246 247 248 242 245 247 253 252 241 233 231 240 256 256 252 248 246 239 224 226 230 230 233 236 239 240 239 242 248 245 241 244 245 246 254 259
-9999 -9999 -9999 -9999 -9999 -9999 -9999 -9999 -9999 -9999 -9999 -9999 -9999 -9999 -9999 -9999 -9999 -9999 -9999 -9999 -9999 -9999 -9999 -9999 -9999 -9999 -9999 -9999 -9999 -9999 -9999 -9999 -9999 267 267 267 266 261 260 266 265 266 266 263 261 261 259 251 252 245 238 238 234 241 250 248 250 247 239 234 239 248 253 258 247 250 244 240 239 233 237 231 232 235 237 241 236 238 242 241 250 249 240 238 253 258
-9999 -9999 -9999 -9999 -9999 -9999 -9999 -9999 -9999 -9999 -9999 -9999 -9999 -9999 -9999 -9999 -9999 -9999 -9999 -9999 -9999 -9999 -9999 -9999 -9999 -9999 -9999 -9999 -9999 -9999 -9999 -9999 -9999 -9999 267 267 266 267 267 266 266 266 260 252 244 250 246 241 236 235 241 237 234 244 254 254 254 242 239 233 228 243 250 255 254 255 253 242 240 238 239 237 233 238 243 241 238 245 254 246 253 247 237 240 248 251
-9999 -9999 -9999 -9999 -9999 -9999 -9999 -9999 -9999 -9999 -9999 -9999 -9999 -9999 -9999 -9999 -9999 -9999 -9999 -9999 -9999 -9999 -9999 -9999 -9999 -9999 -9999 -9999 -9999 -9999 -9999 -9999 -9999 -9999 -9999 267 267 267 267 266 258 254 257 258 245 248 247 246 238 239 244 240 240 248 256 257 251 249 249 236 239 241 254 259 255 246 238 238 236 237 250 253 240 246 245 244 253 255 257 256 254 251 241 236 239 243
-9999 -9999 -9999 -9999 -9999 -9999 -9999 -9999 -9999 -9999 -9999 -9999 -9999 -9999 -9999 -9999 -9999 -9999 -9999 -9999 -9999 -9999 -9999 -9999 -9999 -9999 -9999 -9999 -9999 -9999 -9999 -9999 -9999 -9999 -9999 267 267 267 266 262 255 254 248 249 248 254 250 246 243 249 251 245 245 250 258 258 252 254 251 251 245 243 251 260 259 249 236 238 227 225 249 254 245 249 250 257 253 259 259 255 250 250 244 237 234 241
-9999 -9999 -9999 -9999 -9999 -9999 -9999 -9999 -9999 -9999 -9999 -9999 -9999 -9999 -9999 -9999 -9999 -9999 -9999 -9999 -9999 -9999 -9999 -9999 -9999 -9999 -9999 -9999 -9999 -9999 -9999 -9999 -9999 -9999 -9999 -9999 267 264 263 260 260 256 254 252 257 252 245 247 251 257 252 248 248 253 259 259 255 250 246 247 242 240 251 258 257 249 245 252 238 230 252 255 248 244 256 258 259 260 256 245 239 231 229 222 223 242
