worldclim/bio12_cr.asc
ncols        411
nrows        382
xllcorner    -85.979072453958
yllcorner    8.036441368777
cellsize     0.008333330000
NODATA_value  -9999
[rows 144 to 179 of 382, columns 81 to 161 of 411]
2131 2117 1936 1815 1852 1777 1821 1766 1752 1744 1736 1731 1724 1718 1715 1713 1707 -9999 -9999 -9999 -9999 -9999 -9999 -9999 -9999 -9999 -9999 -9999 -9999 -9999 -9999 -9999 -9999 -9999 -9999 -9999 -9999 -9999 -9999 -9999 -9999 -9999 -9999 -9999 -9999 -9999 -9999 -9999 -9999 -9999 1670 1671 1675 1679 1674 1679 1689 1695 1701 1711 1721 1739 1749 1758 1774 1789 1802 1821 1837 1915 2048 2200 2417 2305 2528 2028 2096 2207 2344 2665 2380
2034 2010 1864 2034 1965 1781 1848 2004 1981 1787 1746 1735 1729 1723 1718 1714 1714 1709 -9999 -9999 -9999 -9999 -9999 -9999 -9999 -9999 -9999 -9999 -9999 -9999 -9999 -9999 -9999 -9999 -9999 -9999 -9999 -9999 -9999 -9999 -9999 -9999 -9999 -9999 -9999 -9999 -9999 -9999 -9999 -9999 -9999 -9999 1670 1675 1678 1676 1684 1693 1700 1724 1740 1735 1747 1768 1775 1789 1806 1820 1830 1849 1979 2293 2145 2036 2065 2317 2431 2486 2566 2622 2594
2139 2140 2136 2044 1851 1787 1887 2142 2100 1767 1755 1744 1736 1728 1724 1718 1714 1711 1705 -9999 -9999 -9999 -9999 -9999 -9999 -9999 -9999 -9999 -9999 -9999 -9999 -9999 -9999 -9999 -9999 -9999 -9999 -9999 -9999 -9999 -9999 -9999 -9999 -9999 -9999 -9999 -9999 -9999 -9999 -9999 -9999 -9999 -9999 -9999 -9999 1686 1695 1711 1706 1719 1732 1744 1754 1770 1776 1790 1805 1822 1842 1875 1932 1919 1927 2050 2190 2351 2410 2466 2525 2519 2507
2127 2162 2167 2074 1903 1856 2164 2133 2062 1965 1762 1811 1761 1739 1731 1728 1721 1717 1711 1702 1700 1696 -9999 -9999 -9999 -9999 -9999 1696 1701 1658 -9999 -9999 -9999 -9999 -9999 -9999 -9999 1649 1649 1660 -9999 -9999 -9999 -9999 -9999 -9999 -9999 -9999 -9999 -9999 -9999 -9999 -9999 -9999 -9999 -9999 -9999 -9999 1711 1718 1731 1746 1757 1770 1783 1793 1807 1827 1845 1866 1887 1960 2025 2124 2215 2302 2363 2412 2491 2464 2459
2146 2176 2175 2140 2104 2048 2172 2103 1799 1813 1877 1771 1751 1743 1739 1736 1729 1724 1715 1711 1704 1702 -9999 -9999 -9999 -9999 -9999 1668 1663 -9999 -9999 -9999 -9999 -9999 -9999 -9999 -9999 -9999 -9999 -9999 -9999 -9999 -9999 -9999 -9999 -9999 -9999 -9999 -9999 -9999 -9999 -9999 -9999 -9999 -9999 1682 1686 1686 -9999 -9999 -9999 -9999 -9999 1773 1787 1800 1814 1833 1854 1870 1885 1945 2020 2074 2152 2241 2357 2385 2397 2473 2372
2118 2177 2191 2192 2183 2194 2194 2018 1812 1797 1784 1768 1766 1754 1767 1752 1750 1810 1746 1767 1721 1708 1705 1695 1690 1684 1678 -9999 1672 1667 -9999 -9999 -9999 -9999 -9999 -9999 -9999 -9999 -9999 -9999 -9999 -9999 -9999 -9999 -9999 -9999 -9999 -9999 -9999 -9999 -9999 -9999 -9999 -9999 -9999 -9999 -9999 -9999 -9999 -9999 -9999 -9999 -9999 -9999 -9999 -9999 -9999 1838 1851 1866 1913 1905 2022 2111 2240 2308 2344 2420 2418 2396 2379
2134 2179 2198 2210 2199 2194 2160 2006 1869 1810 1805 1796 1776 1784 1934 1773 1874 1841 1797 1750 1732 1717 1711 1708 1697 1693 1687 1697 1689 1679 1671 1666 -9999 -9999 -9999 -9999 -9999 -9999 -9999 -9999 -9999 -9999 -9999 -9999 -9999 -9999 -9999 -9999 -9999 -9999 -9999 -9999 -9999 -9999 -9999 -9999 -9999 -9999 -9999 -9999 -9999 -9999 -9999 -9999 -9999 -9999 -9999 -9999 1856 1875 2100 2137 2055 2084 2130 2231 2322 2305 2345 2302 2401
2207 2216 2236 2240 2206 2091 1965 1910 1859 1899 2032 1808 1791 1795 2140 2116 2160 1850 1768 1765 1770 1763 1743 1743 1891 1710 1920 2245 2113 1694 1694 1676 1672 -9999 -9999 -9999 -9999 -9999 -9999 -9999 -9999 -9999 -9999 -9999 -9999 -9999 -9999 1698 -9999 -9999 -9999 -9999 -9999 -9999 -9999 -9999 -9999 -9999 -9999 -9999 -9999 -9999 -9999 -9999 -9999 -9999 -9999 1853 1867 1878 1894 1942 2084 2182 2174 2217 2242 2117 2256 2253 2296
2215 2223 2243 2247 2210 2167 2152 2208 2114 2242 2144 1845 1833 1817 2093 2090 2127 1974 1873 1860 2010 1926 1875 1962 2035 2205 2156 2300 2383 2226 1717 1689 1682 1680 -9999 -9999 -9999 -9999 -9999 -9999 -9999 -9999 -9999 -9999 -9999 -9999 -9999 -9999 -9999 -9999 -9999 -9999 -9999 -9999 -9999 -9999 -9999 -9999 -9999 -9999 -9999 -9999 -9999 -9999 -9999 -9999 -9999 -9999 1935 1952 1899 2157 2209 2121 2404 2140 2016 2078 2230 2242 2357
2220 2234 2241 2239 2245 2253 2254 2248 2239 2231 1933 2114 1996 1940 1936 2126 2134 2184 2174 2115 2086 1930 1935 1852 1916 1928 2061 2236 2358 2283 1948 1707 1699 1698 1692 1690 1690 -9999 1695 1694 1699 1700 -9999 -9999 -9999 -9999 1803 1835 1789 -9999 -9999 -9999 -9999 -9999 -9999 -9999 -9999 -9999 -9999 -9999 -9999 -9999 -9999 -9999 -9999 -9999 -9999 -9999 -9999 2027 2111 1926 1947 2183 2222 2215 2094 2006 2162 2306 2309
2229 2234 2233 2243 2255 2254 2230 2221 2265 2265 2226 2112 2006 1922 1983 2234 2252 2265 2263 2215 1998 2030 1974 1830 1846 2244 2257 2289 2208 1949 1931 1724 2140 1947 1712 1704 1707 1713 1759 1777 1754 1779 1761 1745 -9999 -9999 -9999 -9999 -9999 -9999 -9999 -9999 -9999 -9999 -9999 -9999 -9999 -9999 -9999 -9999 -9999 -9999 -9999 -9999 -9999 -9999 -9999 -9999 -9999 -9999 1926 1935 1949 2002 2080 2025 1999 2082 2223 2289 2288
2243 2242 2215 2231 2227 2254 2035 2075 2249 2272 2071 2002 1932 1896 1870 1960 2130 2269 2133 2132 1957 1902 1978 1833 1937 2120 2231 2288 2016 2002 1784 1750 2299 2096 1742 1732 1727 1753 1761 2001 1970 1964 1979 1875 1795 1757 -9999 -9999 -9999 -9999 -9999 -9999 -9999 -9999 -9999 -9999 -9999 -9999 -9999 -9999 -9999 -9999 -9999 -9999 -9999 -9999 -9999 -9999 -9999 -9999 -9999 1950 1959 1978 2104 1996 2055 2155 2213 2236 2202
2263 2249 2236 2256 2162 1997 2099 1988 1949 2205 2034 2021 2156 1982 1887 2011 2197 2176 1971 2121 1934 1857 1878 1846 2253 2298 2398 2407 2264 1886 1787 1781 2032 2115 1943 1837 1776 1833 1976 2191 2157 2070 2042 1880 1829 1759 -9999 -9999 -9999 -9999 -9999 -9999 -9999 -9999 -9999 -9999 -9999 -9999 -9999 -9999 -9999 -9999 -9999 -9999 -9999 -9999 -9999 -9999 -9999 -9999 1977 2239 2254 1984 1995 2005 2019 2131 2043 2207 2233
2268 2268 2270 2275 2255 2097 1964 1989 1920 1946 1962 1966 2240 2071 1888 2110 2238 2050 2009 2051 2065 1856 1940 2154 2266 2387 2448 2362 2160 1920 1889 1833 1876 2014 1876 1848 1898 2048 2278 2165 2128 2015 1912 1856 1988 1854 -9999 -9999 -9999 -9999 -9999 -9999 -9999 -9999 -9999 -9999 -9999 -9999 -9999 -9999 -9999 -9999 -9999 -9999 -9999 -9999 -9999 -9999 -9999 1990 2217 2256 2274 1994 2005 2055 2080 2123 2101 2208 2221
2270 2279 2280 2257 2215 2255 2284 2145 1975 1926 1920 1923 2079 2064 2056 1890 2067 1966 2043 2078 2104 1868 1986 2073 1985 2152 2242 2245 2315 2171 1966 1893 2049 1975 2103 2073 2230 2428 2334 2171 1983 1868 1813 1859 -9999 -9999 -9999 -9999 -9999 -9999 -9999 -9999 -9999 -9999 -9999 -9999 -9999 -9999 -9999 -9999 -9999 -9999 -9999 -9999 -9999 -9999 -9999 -9999 1949 2045 2184 2187 2058 2007 2016 2036 2080 2122 2183 2196 2223
2234 2294 2294 2299 2295 2240 2240 2156 2192 1952 1925 1939 2032 1967 1916 1895 1934 1912 1931 2020 2022 1879 1887 1960 2017 1936 2141 2304 2315 2380 2128 2187 2147 2117 2304 2436 2557 2593 2526 2376 2452 2111 1843 1819 -9999 -9999 -9999 -9999 -9999 -9999 -9999 -9999 -9999 -9999 -9999 -9999 -9999 -9999 -9999 -9999 -9999 -9999 -9999 -9999 -9999 -9999 -9999 -9999 -9999 2162 2149 2102 2009 2019 2032 2043 2064 2127 2161 2175 2267
2279 2300 2306 2311 2298 2220 2047 2026 2226 1992 1939 1935 2006 2092 2017 1912 1913 2022 1904 1897 1901 1916 1912 1907 1910 2015 2052 2021 2302 2395 2316 2268 2247 2308 2437 2519 2413 2532 2529 2516 2321 2231 1952 1859 -9999 -9999 -9999 -9999 -9999 -9999 -9999 -9999 -9999 -9999 -9999 -9999 -9999 -9999 -9999 -9999 -9999 -9999 -9999 -9999 -9999 -9999 -9999 -9999 -9999 -9999 -9999 2032 2042 2049 2073 2066 2079 2122 2169 2214 2332
2241 2307 2318 2316 2260 2165 2010 1981 1958 1962 1959 1945 1998 2026 2058 1983 1923 1923 1916 2049 2136 2182 2154 1951 1950 1949 1985 1981 2381 2399 2391 2349 2467 2513 2402 2410 2268 2196 2029 2024 1962 1969 1881 1971 1930 -9999 -9999 -9999 -9999 -9999 -9999 -9999 -9999 -9999 -9999 -9999 -9999 -9999 -9999 -9999 -9999 -9999 -9999 -9999 -9999 -9999 -9999 -9999 -9999 -9999 -9999 -9999 2051 2078 2089 2105 2082 2107 2114 2192 2177
2229 2294 2313 2283 2162 2082 2054 1981 1972 1966 2063 1976 1954 1948 2012 1940 1940 2071 2072 2255 2276 2093 2380 2332 2143 2285 2285 2173 2302 2404 2500 2531 2570 2565 2561 2351 2305 2271 2170 2050 1989 1953 1921 1912 1912 -9999 -9999 -9999 -9999 -9999 -9999 -9999 -9999 -9999 -9999 -9999 -9999 -9999 -9999 -9999 -9999 -9999 -9999 -9999 -9999 -9999 -9999 -9999 -9999 -9999 -9999 -9999 2063 2078 2108 2137 2161 2162 2135 2176 2195
2221 2182 2326 2288 2168 2057 2010 1991 1988 1978 2040 2160 2026 1970 1966 1954 2154 2288 2210 2330 2434 2387 2445 2392 2324 2422 2404 2402 2482 2413 2474 2556 2580 2582 2579 2547 2546 2445 2467 2266 2243 2054 2009 1923 1920 1954 -9999 -9999 -9999 -9999 -9999 -9999 -9999 -9999 -9999 -9999 -9999 -9999 -9999 -9999 -9999 -9999 -9999 -9999 -9999 -9999 -9999 -9999 -9999 -9999 -9999 -9999 -9999 2089 2103 2132 2165 2228 2256 2259 2268
2078 2154 2282 2293 2118 2036 2011 2002 1987 2013 2192 2196 2038 1987 1996 2131 2353 2200 2317 2362 2431 2472 2495 2474 2488 2461 2500 2482 2424 2452 2513 2582 2592 2581 2541 2404 2388 2393 2418 2414 2273 2197 2057 1938 1943 -9999 -9999 -9999 -9999 -9999 1978 -9999 -9999 -9999 -9999 -9999 -9999 -9999 -9999 -9999 -9999 -9999 -9999 -9999 -9999 -9999 -9999 -9999 -9999 -9999 -9999 -9999 -9999 -9999 2113 2163 2188 2216 2262 2258 2283
2147 2122 2213 2215 2072 2127 2059 2015 2007 2066 2107 2130 2035 1999 2001 2137 2121 2052 2274 2368 2425 2442 2467 2463 2479 2417 2463 2455 2370 2397 2510 2593 2601 2614 2621 2519 2429 2174 2137 2060 2114 2041 1981 1976 -9999 -9999 -9999 -9999 -9999 1976 -9999 -9999 -9999 -9999 -9999 -9999 -9999 -9999 -9999 -9999 -9999 -9999 -9999 -9999 -9999 -9999 -9999 -9999 -9999 -9999 -9999 -9999 -9999 -9999 -9999 2157 2173 2192 2211 2218 2269
2035 2036 2244 2257 2234 2106 2074 2031 2026 2024 2021 2111 2063 2018 2124 2037 2049 2062 2124 2325 2411 2481 2467 2424 2442 2376 2284 2223 2328 2451 2499 2549 2563 2548 2616 2632 2606 2650 2253 2241 2044 2030 2019 1999 1993 -9999 -9999 -9999 2094 2134 2004 2029 -9999 -9999 -9999 -9999 -9999 -9999 -9999 -9999 -9999 -9999 -9999 -9999 -9999 -9999 -9999 -9999 -9999 -9999 -9999 -9999 -9999 -9999 -9999 -9999 2192 2192 2188 2198 2302
2038 2092 2240 2329 2312 2286 2083 2047 2038 2043 2040 2174 2180 2038 2042 2108 2303 2309 2369 2419 2503 2516 2467 2420 2391 2192 2349 2221 2473 2502 2525 2489 2445 2328 2427 2400 2358 2375 2394 2143 2075 2038 2035 2041 2033 2063 2085 2112 2151 2162 2022 -9999 -9999 2032 -9999 -9999 -9999 -9999 -9999 -9999 -9999 -9999 -9999 -9999 -9999 -9999 -9999 -9999 -9999 -9999 -9999 -9999 -9999 -9999 -9999 -9999 -9999 2215 2232 2235 2258
2056 2071 2152 2177 2324 2212 2107 2048 2057 2063 2104 2085 2107 2082 2178 2395 2423 2431 2504 2509 2515 2512 2533 2486 2340 2201 2472 2463 2455 2491 2556 2535 2514 2422 2312 2277 2324 2224 2374 2300 2220 2148 2075 2055 2050 2053 2049 2056 -9999 -9999 -9999 -9999 -9999 -9999 -9999 -9999 -9999 -9999 -9999 -9999 -9999 -9999 -9999 -9999 -9999 -9999 -9999 -9999 -9999 -9999 -9999 -9999 -9999 -9999 -9999 -9999 -9999 -9999 2249 2246 2255
-9999 2075 2064 2186 2129 2121 2068 2063 2068 2079 2096 2271 2079 2207 2452 2447 2348 2458 2519 2471 2444 2531 2536 2434 2218 2346 2507 2530 2514 2508 2531 2617 2607 2503 2500 2347 2210 2160 2105 2128 2090 2086 2082 2083 2071 2074 2075 2080 -9999 -9999 -9999 -9999 -9999 -9999 -9999 -9999 -9999 -9999 -9999 -9999 -9999 -9999 -9999 -9999 -9999 -9999 -9999 -9999 -9999 -9999 -9999 -9999 -9999 -9999 -9999 -9999 -9999 -9999 2272 2274 2283
-9999 -9999 2079 2084 2093 2085 2079 2075 2098 2122 2220 2374 2097 2205 2422 2395 2284 2470 2527 2325 2531 2554 2521 2409 2237 2469 2559 2582 2573 2579 2554 2531 2588 2571 2542 2444 2377 2273 2299 2300 2178 2166 2116 2152 2162 2214 -9999 -9999 -9999 -9999 -9999 -9999 -9999 -9999 -9999 -9999 -9999 -9999 -9999 -9999 -9999 -9999 -9999 -9999 -9999 -9999 -9999 -9999 -9999 -9999 -9999 -9999 -9999 -9999 -9999 -9999 -9999 -9999 -9999 2300 2305
-9999 -9999 -9999 2095 2113 2093 2171 2118 2139 2300 2432 2358 2175 2116 2224 2198 2324 2400 2384 2297 2499 2556 2562 2423 2389 2485 2578 2610 2596 2599 2598 2429 2433 2363 2345 2272 2600 2518 2601 2395 2304 2248 2192 2123 2128 -9999 -9999 -9999 -9999 -9999 -9999 -9999 -9999 -9999 -9999 -9999 -9999 -9999 -9999 -9999 -9999 -9999 -9999 -9999 -9999 -9999 -9999 -9999 -9999 -9999 -9999 -9999 -9999 -9999 -9999 -9999 -9999 -9999 -9999 -9999 2296
-9999 -9999 -9999 -9999 2119 2194 2218 2233 2201 2261 2370 2220 2204 2136 2144 2192 2269 2269 2274 2432 2557 2541 2473 2335 2543 2555 2590 2591 2576 2599 2597 2481 2330 2235 2191 2163 2169 2268 2416 2294 2268 2214 2153 2159 2245 -9999 -9999 -9999 -9999 -9999 -9999 -9999 -9999 -9999 -9999 -9999 -9999 -9999 -9999 -9999 -9999 -9999 -9999 -9999 -9999 -9999 -9999 -9999 -9999 -9999 -9999 -9999 -9999 -9999 -9999 -9999 -9999 -9999 -9999 -9999 2321
-9999 -9999 -9999 -9999 2136 2142 2142 2150 2160 2173 2168 2154 2152 2201 2215 2215 2245 2266 2378 2472 2532 2456 2361 2304 2541 2621 2605 2524 2571 2615 2651 2636 2470 2316 2245 2182 2218 2273 2247 2170 2291 2316 2335 2392 -9999 -9999 -9999 -9999 2158 2183 -9999 -9999 -9999 -9999 -9999 -9999 -9999 -9999 -9999 -9999 -9999 -9999 -9999 -9999 -9999 -9999 -9999 -9999 -9999 -9999 -9999 -9999 -9999 -9999 -9999 -9999 -9999 -9999 -9999 -9999 -9999
-9999 -9999 -9999 2147 2146 2140 2156 2160 2172 2167 2167 2160 2171 2221 2235 2270 2255 2278 2416 2434 2475 2363 2339 2321 2501 2519 2423 2592 2657 2666 2678 2673 2603 2533 2308 2200 2190 2237 2176 2204 2322 2404 2290 2355 -9999 -9999 -9999 -9999 -9999 -9999 -9999 -9999 -9999 -9999 -9999 -9999 -9999 -9999 -9999 -9999 -9999 -9999 -9999 -9999 -9999 -9999 -9999 -9999 -9999 -9999 -9999 -9999 -9999 -9999 -9999 -9999 -9999 -9999 -9999 -9999 -9999
-9999 -9999 -9999 -9999 -9999 2156 2162 2162 2181 2166 2174 2174 2195 2223 2240 2244 2308 2352 2390 2429 2561 2541 2390 2344 2379 2418 2469 2588 2655 2680 2642 2628 2526 2593 2395 2197 2223 2195 2207 2222 2239 2187 -9999 -9999 -9999 -9999 -9999 -9999 -9999 -9999 -9999 -9999 -9999 -9999 -9999 -9999 -9999 -9999 -9999 -9999 -9999 -9999 -9999 -9999 -9999 -9999 -9999 -9999 -9999 -9999 -9999 -9999 -9999 -9999 -9999 -9999 -9999 -9999 -9999 -9999 -9999
-9999 -9999 -9999 -9999 -9999 -9999 -9999 2178 2187 2185 2193 2198 2233 2264 2399 2414 2366 2320 2431 2565 2579 2592 2371 2375 2396 2518 2453 2504 2562 2625 2539 2368 2401 2333 2216 2205 -9999 -9999 2338 2505 2363 -9999 -9999 -9999 -9999 -9999 -9999 -9999 -9999 -9999 -9999 -9999 -9999 -9999 -9999 -9999 -9999 -9999 -9999 -9999 -9999 -9999 -9999 -9999 -9999 -9999 -9999 -9999 -9999 -9999 -9999 -9999 -9999 -9999 -9999 -9999 -9999 -9999 -9999 -9999 2406
-9999 -9999 -9999 -9999 -9999 -9999 -9999 -9999 2207 2206 2210 2218 2260 2399 2361 2300 2306 2344 2426 2563 2576 2487 2405 2448 2585 2575 2419 2441 2479 2594 2522 2370 2292 2250 2228 -9999 -9999 -9999 -9999 2669 2576 2231 -9999 -9999 -9999 -9999 -9999 -9999 -9999 -9999 -9999 -9999 -9999 -9999 -9999 -9999 -9999 -9999 -9999 -9999 -9999 -9999 -9999 -9999 -9999 -9999 -9999 -9999 -9999 -9999 -9999 -9999 -9999 -9999 -9999 -9999 -9999 -9999 -9999 -9999 2454
-9999 -9999 -9999 -9999 -9999 -9999 -9999 -9999 -9999 2232 2228 2234 2281 2315 2265 2326 2335 2378 2535 2528 2517 2410 2523 2602 2602 2429 2475 2470 2600 2497 2466 2365 2308 2267 -9999 -9999 -9999 -9999 -9999 -9999 -9999 -9999 -9999 -9999 -9999 -9999 -9999 -9999 -9999 -9999 -9999 -9999 -9999 -9999 -9999 -9999 -9999 -9999 -9999 -9999 -9999 -9999 -9999 -9999 -9999 -9999 -9999 -9999 -9999 -9999 -9999 -9999 -9999 -9999 -9999 -9999 -9999 -9999 2453 2520 2511
-9999 -9999 -9999 -9999 -9999 -9999 -9999 -9999 -9999 -9999 2243 2279 2283 2295 2327 2340 2367 2443 2513 2447 2485 2538 2589 2623 2595 2453 2588 2599 2438 2396 2323 2305 2329 2307 -9999 -9999 -9999 -9999 -9999 -9999 -9999 -9999 -9999 -9999 -9999 -9999 -9999 -9999 -9999 -9999 -9999 -9999 -9999 -9999 -9999 -9999 -9999 -9999 -9999 -9999 -9999 -9999 -9999 -9999 -9999 -9999 -9999 -9999 -9999 -9999 -9999 -9999 -9999 -9999 -9999 -9999 -9999 2455 2472 2542 2532
