worldclim/bio10_cr.asc
ncols        411
nrows        382
xllcorner    -85.979072453958
yllcorner    8.036441368777
cellsize     0.008333330000
NODATA_value  -9999
[rows 114 to 151 of 382, columns 172 to 257 of 411]
242 246 254 247 239 235 233 230 229 227 220 214 217 210 209 204 201 192 187 178 174 159 167 169 166 163 183 189 190 193 198 201 213 216 210 204 190 188 193 205 213 221 225 231 231 222 218 217 212 212 210 207 207 211 211 212 216 218 225 230 234 238 244 245 253 256 257 258 259 260 261 264 263 265 266 267 267 267 267 267 267 267 268 267 267 267
235 245 250 247 238 232 228 228 227 223 217 209 211 209 202 199 191 187 185 185 174 171 159 160 159 172 176 175 187 186 204 212 210 209 203 196 192 173 184 200 205 218 223 224 224 220 214 210 206 205 204 206 204 206 207 206 209 213 218 224 228 235 240 244 247 252 254 256 257 261 261 262 263 264 266 266 266 266 266 266 267 267 267 267 266 266
239 238 245 247 240 230 225 225 225 221 214 202 205 202 199 193 184 177 174 164 153 154 150 153 175 179 186 180 183 193 205 205 207 202 198 193 182 182 188 193 204 209 209 217 221 220 210 205 199 200 199 199 201 201 203 200 204 208 214 223 228 232 236 240 243 246 252 253 256 260 261 261 262 264 265 266 266 265 266 266 266 266 267 266 266 266
236 234 237 244 242 233 230 227 221 215 209 202 196 197 194 188 177 177 173 159 158 153 151 152 165 175 184 194 194 200 202 203 202 195 194 185 178 178 181 187 195 202 203 211 213 224 207 203 196 195 192 192 193 193 192 195 200 206 213 218 222 227 231 238 242 251 254 254 257 257 260 259 263 264 264 264 265 265 266 266 266 266 266 266 265 265
233 235 241 238 235 235 232 230 224 216 206 201 196 193 190 186 183 174 172 167 162 156 154 152 151 150 170 178 188 198 199 199 195 189 185 171 163 162 173 180 186 193 199 204 205 215 208 198 194 192 188 188 187 185 189 193 197 202 210 217 225 235 238 241 243 241 246 250 248 254 258 261 262 264 264 263 264 264 265 265 266 265 266 265 264 264
232 238 233 239 232 229 231 230 227 218 213 205 200 195 191 185 177 175 165 166 160 163 155 154 152 159 178 187 186 196 197 193 188 187 178 167 149 147 152 167 179 189 191 197 201 204 207 192 190 188 185 185 183 183 186 189 195 199 218 225 236 226 228 228 232 239 238 239 245 247 251 256 261 262 263 262 263 263 264 265 264 265 264 264 264 263
229 230 233 229 230 227 225 231 225 216 209 209 202 195 188 185 176 173 168 164 162 161 158 156 159 170 181 194 195 197 196 189 182 178 165 157 140 129 138 158 168 176 181 190 194 195 197 190 188 186 183 179 177 177 180 184 191 209 212 200 203 210 217 223 227 235 236 240 243 245 244 248 258 259 261 262 262 263 264 265 263 263 263 263 263 263
225 226 226 228 225 223 220 219 226 218 210 207 201 195 190 185 180 177 161 160 158 158 163 158 164 183 186 187 190 191 190 184 177 174 162 151 139 137 142 150 152 152 176 177 188 192 193 188 185 182 179 177 175 172 175 190 199 206 200 180 182 200 212 216 226 235 239 241 245 248 252 253 255 258 258 261 262 263 262 258 259 261 258 259 259 260
222 222 224 222 223 222 221 220 223 216 211 207 201 196 189 188 182 182 171 164 158 158 160 156 164 172 183 167 184 177 172 175 173 158 144 149 142 138 133 142 149 154 169 176 184 187 185 187 182 178 175 169 169 169 189 192 193 194 177 175 173 195 207 216 225 231 236 241 246 247 251 249 254 259 261 253 254 254 256 257 259 259 258 258 258 257
212 214 216 217 219 218 220 217 223 217 212 206 205 199 197 192 190 183 179 173 169 168 164 160 161 171 168 169 184 169 164 159 154 155 140 133 132 125 131 138 147 155 164 171 178 183 182 179 180 176 172 168 163 178 185 185 190 190 179 169 179 193 207 218 227 233 239 243 247 248 248 251 256 259 245 248 250 254 256 254 255 257 258 256 256 256
208 211 214 215 217 215 219 217 218 214 212 210 204 199 197 193 188 184 187 183 178 169 172 161 161 166 165 165 166 165 168 165 155 147 140 130 129 129 130 137 146 157 163 170 174 176 177 178 175 173 169 162 158 165 176 176 186 189 178 168 187 189 203 206 217 227 235 243 239 244 254 254 254 245 248 248 251 258 254 255 255 257 257 255 255 255
208 212 213 216 217 219 217 216 217 212 211 209 208 202 198 196 192 188 186 184 182 180 172 173 163 162 160 174 181 177 173 167 167 156 145 135 132 134 130 142 150 160 165 169 173 174 173 171 169 169 162 153 145 158 172 171 176 179 176 179 194 199 208 208 223 238 239 237 238 251 249 251 256 246 247 247 246 256 250 245 250 252 255 254 252 253
206 211 214 214 213 212 212 216 215 211 211 206 207 204 199 195 192 192 191 188 186 184 181 180 179 176 178 188 183 181 179 176 172 168 160 149 143 141 146 150 160 164 167 168 169 166 169 166 163 163 153 140 142 146 149 159 166 176 189 188 202 212 221 226 225 220 234 242 247 240 239 251 249 245 244 245 245 246 242 241 238 247 250 252 252 251
216 211 211 217 218 213 213 213 214 210 209 207 208 202 198 196 194 192 191 188 189 188 187 188 185 189 188 190 188 187 185 183 180 176 170 164 157 153 152 159 168 169 171 170 169 163 162 156 151 149 138 137 137 139 140 157 174 182 196 201 208 209 205 206 199 208 216 244 229 230 242 252 248 240 239 240 251 239 236 234 232 235 241 244 250 249
216 217 216 218 221 218 214 216 218 218 214 215 207 204 201 195 194 193 191 195 193 194 194 194 195 196 195 195 193 192 191 190 187 184 183 174 168 169 164 167 176 174 173 174 168 163 155 150 147 138 131 127 133 126 123 150 166 173 182 191 197 177 169 190 192 215 233 238 225 233 245 251 232 232 233 235 246 232 232 229 225 228 233 236 241 244
211 219 220 222 220 224 219 216 219 218 213 215 213 205 204 198 200 197 200 199 198 200 200 198 198 201 198 198 197 196 195 195 194 194 188 182 181 179 177 176 179 177 177 172 167 161 154 144 136 131 122 120 117 123 134 143 159 170 175 178 187 157 162 193 208 219 226 236 222 232 244 243 229 227 229 230 244 231 231 220 216 217 221 228 233 243
213 217 221 222 222 219 223 223 220 215 213 215 212 210 208 205 203 203 204 200 201 204 204 203 202 203 202 202 196 202 201 201 198 196 195 191 188 186 186 184 184 182 180 176 171 162 155 149 132 127 120 118 113 119 133 144 155 166 165 162 181 164 176 191 197 201 221 236 225 219 238 239 240 228 217 223 226 233 221 216 212 212 214 218 238 233
221 222 220 225 224 223 224 225 222 216 216 214 216 215 208 208 209 210 214 216 210 209 210 209 208 207 207 203 207 205 205 203 202 200 197 195 193 190 191 190 188 186 184 179 175 169 163 155 143 134 128 126 125 127 131 137 150 153 151 148 162 175 175 178 196 211 223 231 220 237 239 222 236 228 216 216 221 234 219 210 209 207 214 220 223 228
223 225 227 227 231 230 227 222 218 218 221 219 220 218 214 213 216 215 216 217 215 216 214 216 216 213 214 213 212 211 209 206 207 204 202 200 198 196 196 195 193 189 188 184 180 178 170 164 153 146 134 138 137 138 139 143 143 144 147 154 175 185 192 184 190 206 223 228 221 238 227 212 238 234 219 209 209 223 229 208 203 204 206 208 210 218
226 230 233 230 229 224 224 220 220 221 223 222 221 221 218 215 217 219 221 223 223 222 224 224 222 219 220 219 217 217 214 212 211 207 207 205 203 199 201 197 195 193 194 190 185 183 178 170 168 156 150 150 149 147 144 147 148 148 153 166 171 171 184 203 199 222 222 227 219 230 226 207 237 221 220 203 204 230 217 199 198 201 198 203 202 230
223 232 237 228 225 224 223 219 221 224 222 222 224 224 223 219 214 221 223 224 227 226 228 225 226 225 224 224 221 221 220 217 216 215 212 207 207 205 204 201 199 198 194 195 190 187 182 177 174 166 162 160 154 152 152 151 153 151 164 169 182 184 190 193 212 215 220 203 207 229 217 205 219 218 203 200 192 210 210 194 192 193 196 199 210 212
229 233 236 230 227 224 220 220 222 224 222 217 222 227 226 219 205 217 226 226 227 229 230 228 228 228 228 226 226 223 221 221 221 217 213 211 210 210 203 203 201 200 199 198 194 192 186 183 180 179 173 166 163 161 158 156 156 162 171 178 189 193 195 202 208 205 214 195 199 226 220 203 225 219 195 192 190 188 194 207 190 187 190 192 211 196
233 240 233 226 222 220 217 221 221 224 221 211 224 225 228 225 216 222 225 227 230 233 232 231 230 230 230 229 226 225 225 225 223 220 218 214 213 209 206 205 205 202 202 200 198 193 194 194 185 184 176 174 170 168 168 164 155 151 171 176 191 195 206 206 194 197 205 197 219 223 215 209 194 219 211 187 187 186 189 202 186 182 182 189 186 191
235 245 235 228 217 215 218 222 222 223 220 219 224 225 229 226 220 223 224 224 231 234 234 233 231 232 229 228 226 227 226 226 226 222 220 215 217 212 207 207 205 204 205 203 202 201 200 197 193 191 187 182 176 172 168 167 164 164 157 173 188 182 173 184 190 176 196 206 219 212 211 197 190 194 206 210 184 182 181 179 181 178 179 179 183 192
240 242 234 227 219 216 220 221 221 222 217 224 225 225 226 232 221 218 217 224 231 235 237 235 234 233 233 230 231 229 227 227 225 223 218 220 214 212 213 210 208 206 206 206 205 204 203 201 199 197 192 187 181 176 175 171 172 172 168 160 168 167 172 176 187 201 210 209 214 205 208 205 188 186 184 197 197 201 182 178 175 173 170 175 187 199
250 237 227 225 219 212 220 219 220 217 221 223 225 225 226 230 230 216 228 231 235 238 238 237 235 234 234 233 235 232 231 228 226 222 221 226 221 224 221 217 212 211 211 204 206 204 204 203 204 200 194 189 185 183 181 179 178 180 173 170 170 166 179 178 186 183 191 204 209 190 196 205 199 185 183 182 182 194 195 186 170 166 163 171 174 193
248 238 227 218 216 213 216 213 211 205 216 222 224 226 226 230 222 230 232 237 237 239 239 238 237 237 236 234 237 234 234 233 231 229 230 229 226 226 224 223 221 220 217 211 210 210 211 209 206 202 195 193 191 187 185 182 181 184 182 177 179 180 186 184 185 184 187 186 201 201 197 193 192 191 188 177 173 183 181 182 176 165 158 160 160 169
244 241 234 226 223 217 208 203 209 202 216 222 225 226 228 230 229 236 240 241 241 241 241 240 240 238 238 238 237 237 236 234 233 230 232 230 229 229 226 225 224 225 221 219 217 212 213 211 208 207 201 197 196 192 189 187 187 187 189 188 187 189 191 190 189 187 190 191 194 199 184 185 183 177 186 173 166 174 174 185 174 169 154 155 155 150
239 228 228 227 226 219 208 202 196 210 217 219 223 223 223 221 222 234 230 238 243 244 244 244 242 242 242 239 239 239 238 237 235 233 232 231 231 229 228 226 225 225 224 220 219 219 214 214 212 209 206 203 200 197 194 191 190 191 195 194 196 196 194 193 193 193 191 189 188 185 185 176 177 175 175 175 156 156 166 179 169 160 153 149 131 139
243 236 230 223 219 220 215 213 202 208 210 217 219 215 219 230 230 229 233 242 244 247 244 244 245 243 244 240 241 240 239 238 237 234 234 232 232 230 229 228 227 227 224 223 223 221 220 216 212 211 208 206 204 203 200 195 195 198 198 200 199 198 197 196 192 192 190 186 185 181 185 177 170 161 164 167 169 154 166 175 171 153 146 143 140 128
254 249 241 232 215 218 213 208 200 201 208 213 209 207 218 236 238 236 239 245 245 246 247 247 246 244 243 243 243 240 239 238 237 236 235 233 232 233 231 230 230 228 227 226 225 224 222 219 214 212 210 207 205 206 206 202 203 201 200 201 201 200 197 196 193 190 189 184 182 179 174 169 165 155 155 163 163 159 158 166 164 145 139 137 134 142
258 248 237 231 226 232 225 220 214 208 208 218 219 222 226 238 240 241 244 246 246 247 248 250 247 247 246 246 243 242 240 239 237 236 235 235 234 233 233 233 232 229 229 227 225 223 221 219 218 213 211 210 207 206 207 206 204 205 203 202 200 200 197 198 196 193 189 184 182 178 172 164 158 149 159 154 147 149 144 155 152 144 127 119 131 143
262 256 245 240 237 240 235 231 221 219 211 218 229 231 239 239 242 244 243 248 250 249 250 251 249 248 247 247 246 242 241 239 238 237 236 235 235 234 233 232 231 230 229 228 225 224 223 219 216 214 213 212 210 208 208 207 206 205 205 204 203 203 202 199 197 191 188 184 181 174 169 158 147 144 149 144 144 136 131 145 144 141 120 105 119 129
263 256 252 242 242 246 247 234 230 224 218 224 233 238 239 239 242 243 246 247 248 248 247 251 251 250 248 248 246 243 240 239 238 237 237 236 236 235 233 234 233 233 230 228 227 226 223 218 216 215 216 214 211 210 209 207 207 206 205 204 201 201 201 199 196 192 188 181 178 171 166 155 145 133 143 142 131 127 119 134 126 117 104 91 99 110
263 256 253 250 248 252 249 238 235 228 228 226 229 232 237 239 241 242 244 246 247 249 251 254 252 250 249 248 244 243 241 240 239 238 237 236 236 235 235 234 233 233 232 230 227 226 225 224 222 221 220 219 214 210 210 209 208 208 205 204 203 202 200 199 196 193 186 184 178 172 165 154 143 139 135 131 117 119 113 108 106 97 84 80 83 89
265 258 259 250 251 258 254 244 245 237 242 233 230 232 232 233 237 241 243 245 246 251 255 253 252 251 250 247 246 244 242 241 239 239 238 237 236 236 236 235 234 234 233 233 229 228 227 225 223 220 220 219 215 214 213 210 209 208 206 205 203 202 200 199 197 191 186 183 177 172 166 156 147 143 141 133 113 106 101 99 94 75 82 88 91 93
271 266 255 255 257 264 259 257 251 251 250 242 233 227 229 231 232 243 242 242 250 254 254 254 251 251 250 248 246 243 242 241 241 239 238 237 237 236 236 236 236 234 234 228 229 229 227 226 226 222 221 221 216 215 213 211 209 209 207 205 205 201 201 199 195 191 187 183 179 171 164 156 151 146 139 131 117 111 103 107 110 90 94 101 99 104
270 264 259 263 264 268 263 260 255 250 244 241 241 247 244 242 238 249 251 251 252 254 256 254 251 251 251 250 248 248 246 242 240 239 238 237 237 237 236 236 235 235 234 225 226 227 226 226 225 223 219 218 216 215 212 212 210 208 208 208 205 203 201 199 196 192 187 183 176 171 163 158 148 145 141 137 126 124 122 119 115 104 100 108 116 121
