worldclim/bio11_cr.asc
ncols        411
nrows        382
xllcorner    -85.979072453958
yllcorner    8.036441368777
cellsize     0.008333330000
NODATA_value  -9999
[rows 117 to 155 of 382, columns 0 to 85 of 411]
-9999 -9999 -9999 -9999 -9999 -9999 -9999 -9999 -9999 -9999 -9999 -9999 -9999 -9999 -9999 -9999 257 256 256 255 253 255 252 250 248 249 251 255 256 256 255 248 250 255 254 245 251 246 245 244 245 243 241 250 253 254 254 256 254 254 255 255 255 255 254 243 236 236 251 250 256 256 255 254 249 252 253 247 251 255 256 256 256 256 256 256 256 257 251 254 256 257 258 257 258 256
-9999 -9999 -9999 -9999 -9999 -9999 -9999 -9999 -9999 -9999 -9999 -9999 -9999 -9999 -9999 -9999 -9999 256 256 253 252 252 248 246 248 253 255 256 256 256 256 251 248 251 251 243 243 240 237 238 236 243 247 252 253 254 254 249 250 255 255 255 254 255 249 239 239 240 250 249 254 255 256 255 253 246 248 245 250 254 255 256 255 253 254 251 256 256 250 250 257 256 257 257 257 258
-9999 -9999 -9999 -9999 -9999 -9999 -9999 -9999 -9999 -9999 -9999 -9999 -9999 -9999 -9999 -9999 -9999 256 255 253 251 250 249 245 244 254 257 257 256 253 255 249 238 250 244 237 235 237 239 239 236 242 245 248 254 254 254 250 249 254 254 254 254 251 251 251 252 249 247 240 255 255 255 255 255 255 254 244 250 254 255 255 255 251 241 242 255 257 257 256 254 255 253 252 255 257
-9999 -9999 -9999 -9999 -9999 -9999 -9999 -9999 -9999 -9999 -9999 -9999 -9999 -9999 -9999 -9999 -9999 257 255 254 250 253 254 251 247 255 256 257 255 253 241 237 239 240 238 235 238 236 240 241 240 245 250 253 254 254 251 252 253 254 253 250 242 247 247 252 252 251 242 245 250 254 242 246 254 255 255 254 248 253 254 255 255 254 254 243 251 256 256 256 256 256 253 245 253 256
-9999 -9999 -9999 -9999 -9999 -9999 -9999 -9999 -9999 -9999 -9999 -9999 -9999 -9999 -9999 -9999 -9999 257 256 254 255 255 254 251 251 256 257 256 256 254 240 239 236 236 238 237 238 243 244 244 246 250 254 249 248 251 252 250 252 253 252 248 237 239 242 249 251 251 251 251 245 237 236 244 255 255 255 255 254 250 254 255 254 254 253 247 240 251 256 256 256 256 255 254 255 255
-9999 -9999 -9999 -9999 -9999 -9999 -9999 -9999 -9999 -9999 -9999 -9999 -9999 -9999 -9999 -9999 -9999 -9999 257 256 256 256 253 251 257 257 257 254 255 253 242 240 235 231 241 237 236 240 246 247 251 250 245 240 244 253 250 241 250 249 244 246 249 232 240 247 248 251 250 251 248 242 245 253 254 255 255 255 255 255 254 254 254 249 236 241 246 245 250 256 256 257 256 256 253 251
-9999 -9999 -9999 -9999 -9999 -9999 -9999 -9999 -9999 -9999 -9999 -9999 -9999 -9999 -9999 -9999 -9999 -9999 257 256 256 257 257 257 257 256 255 253 249 248 249 234 237 237 241 240 234 236 239 249 244 241 236 240 246 253 245 234 249 241 230 229 245 229 230 238 241 242 250 251 250 241 245 253 253 255 254 255 255 255 254 254 253 243 234 245 251 253 245 248 254 255 255 256 254 255
-9999 -9999 -9999 -9999 -9999 -9999 -9999 -9999 -9999 -9999 -9999 -9999 -9999 -9999 -9999 -9999 -9999 -9999 -9999 256 256 257 257 255 254 254 249 248 242 240 242 237 238 244 244 242 237 235 237 246 236 232 230 244 245 251 246 236 245 237 220 221 237 226 229 236 234 247 248 251 251 250 243 244 250 254 253 252 255 254 253 254 252 245 240 250 255 255 247 245 249 255 254 254 254 256
-9999 -9999 -9999 -9999 -9999 -9999 -9999 -9999 -9999 -9999 -9999 -9999 -9999 -9999 -9999 -9999 -9999 -9999 -9999 -9999 256 257 257 256 252 252 251 249 244 247 241 233 244 248 250 248 245 240 231 243 243 232 232 236 244 250 246 240 230 233 218 222 222 223 223 232 234 239 247 250 251 252 252 251 252 249 250 250 252 254 255 255 250 240 240 255 255 255 253 253 253 254 254 248 251 255
-9999 -9999 -9999 -9999 -9999 -9999 -9999 -9999 -9999 -9999 -9999 -9999 -9999 -9999 -9999 -9999 -9999 -9999 -9999 -9999 257 258 256 255 254 253 253 251 249 249 247 248 249 251 251 245 238 233 229 240 235 220 224 237 240 249 241 238 219 223 216 215 219 221 222 230 240 239 237 248 251 253 253 251 250 249 244 244 249 254 254 254 250 240 238 256 255 256 256 253 255 254 242 247 254 256
-9999 -9999 -9999 -9999 -9999 -9999 -9999 -9999 -9999 -9999 -9999 -9999 -9999 -9999 -9999 -9999 -9999 -9999 -9999 -9999 257 257 256 256 255 253 254 253 251 249 251 252 253 248 249 240 243 231 227 229 228 218 230 236 238 250 247 227 223 213 216 222 226 229 233 233 245 239 238 245 250 252 253 253 253 250 248 240 241 248 252 254 255 255 255 255 256 256 256 256 256 256 245 250 255 256
-9999 -9999 -9999 -9999 -9999 -9999 -9999 -9999 -9999 -9999 -9999 -9999 -9999 -9999 -9999 -9999 -9999 -9999 -9999 -9999 -9999 257 256 256 256 254 254 250 246 249 253 251 252 246 246 247 238 233 230 222 215 214 231 237 244 245 240 232 220 215 220 226 234 234 235 242 244 231 235 244 247 251 253 254 254 253 250 245 245 244 245 249 253 254 255 255 256 256 256 256 256 256 256 256 257 256
-9999 -9999 -9999 -9999 -9999 -9999 -9999 -9999 -9999 -9999 -9999 -9999 -9999 -9999 -9999 -9999 -9999 -9999 -9999 -9999 -9999 257 257 257 256 255 255 253 256 253 254 252 249 248 242 241 235 233 240 233 220 211 237 241 243 239 225 218 225 225 225 234 241 244 231 244 246 232 234 236 244 251 252 253 254 254 253 250 250 249 245 245 248 250 254 255 256 256 256 257 257 257 256 257 257 257
-9999 -9999 -9999 -9999 -9999 -9999 -9999 -9999 -9999 -9999 -9999 -9999 -9999 -9999 -9999 -9999 -9999 -9999 -9999 -9999 -9999 -9999 256 256 254 253 253 254 256 246 248 249 249 252 248 246 243 240 241 227 215 209 228 230 237 230 215 222 234 236 233 238 245 244 247 247 247 235 240 245 246 250 243 249 254 254 254 254 252 252 246 244 244 248 254 255 255 256 255 256 256 257 256 256 257 257
-9999 -9999 -9999 -9999 -9999 -9999 -9999 -9999 -9999 -9999 -9999 -9999 -9999 -9999 -9999 -9999 -9999 -9999 -9999 -9999 -9999 -9999 257 256 255 253 253 247 256 253 249 246 245 242 246 246 245 240 234 224 220 209 211 216 230 218 223 224 230 245 245 243 247 242 242 248 246 245 243 236 245 249 252 253 253 253 253 254 254 253 252 251 249 250 251 255 255 256 256 256 256 257 257 256 256 257
-9999 -9999 -9999 -9999 -9999 -9999 -9999 -9999 -9999 -9999 -9999 -9999 -9999 -9999 -9999 -9999 -9999 -9999 -9999 -9999 -9999 -9999 257 256 255 254 253 254 256 252 249 247 248 243 234 237 234 229 221 224 220 215 211 215 219 217 222 238 238 239 240 244 248 246 244 248 248 243 239 229 242 251 252 253 249 253 252 253 253 254 253 254 251 254 254 255 255 253 254 255 255 255 257 256 256 256
-9999 -9999 -9999 -9999 -9999 -9999 -9999 -9999 -9999 -9999 -9999 -9999 -9999 -9999 -9999 -9999 -9999 -9999 -9999 -9999 -9999 -9999 257 256 255 254 254 257 254 249 252 250 248 242 238 234 231 229 229 222 229 217 218 224 220 214 215 221 238 242 246 241 245 248 249 248 241 240 246 232 239 251 252 252 246 245 243 247 250 252 253 253 253 253 247 250 247 246 253 252 252 253 256 255 257 256
-9999 -9999 -9999 -9999 -9999 -9999 -9999 -9999 -9999 -9999 -9999 -9999 -9999 -9999 -9999 -9999 -9999 -9999 -9999 -9999 -9999 -9999 -9999 256 256 254 255 257 253 251 249 251 246 245 237 239 236 235 240 233 237 223 221 232 226 217 218 218 229 233 245 245 246 250 247 246 240 237 249 248 250 251 251 242 239 240 243 243 249 251 250 253 253 253 247 238 239 231 226 239 241 249 254 256 255 257
-9999 -9999 -9999 -9999 -9999 -9999 -9999 -9999 -9999 -9999 -9999 -9999 -9999 -9999 -9999 -9999 -9999 -9999 -9999 -9999 -9999 -9999 -9999 -9999 257 257 257 257 252 254 251 249 247 247 238 241 249 240 241 240 235 234 228 238 232 230 224 225 236 237 240 245 249 249 248 244 242 244 250 250 251 251 250 247 236 236 241 243 244 245 247 251 253 254 255 251 249 237 243 233 234 238 249 254 255 256
-9999 -9999 -9999 -9999 -9999 -9999 -9999 -9999 -9999 -9999 -9999 -9999 -9999 -9999 -9999 -9999 -9999 -9999 -9999 -9999 -9999 -9999 -9999 -9999 257 257 254 253 253 253 252 251 253 249 246 247 248 247 235 239 238 242 226 242 238 235 231 223 238 243 245 249 251 247 241 239 244 250 251 251 251 249 246 248 240 230 234 241 242 242 245 252 252 252 253 255 252 252 253 251 249 243 247 254 255 257
-9999 -9999 -9999 -9999 -9999 -9999 -9999 -9999 -9999 -9999 -9999 -9999 -9999 -9999 -9999 -9999 -9999 -9999 -9999 -9999 -9999 -9999 -9999 -9999 -9999 257 255 253 253 256 253 256 253 253 253 252 248 242 237 241 241 239 235 236 242 241 237 223 229 241 248 251 246 242 237 244 249 251 251 251 250 246 239 232 231 237 227 235 237 246 251 251 251 252 252 253 253 255 255 254 254 250 251 254 255 256
-9999 -9999 -9999 -9999 -9999 -9999 -9999 -9999 -9999 -9999 -9999 -9999 -9999 -9999 -9999 -9999 -9999 -9999 -9999 -9999 -9999 -9999 -9999 -9999 -9999 -9999 256 255 255 256 255 255 252 251 250 247 246 248 248 237 240 244 242 240 246 240 229 231 230 239 244 249 244 240 242 246 251 251 251 249 249 248 240 237 237 240 239 239 241 248 246 250 249 249 250 249 247 250 252 250 254 255 255 255 255 256
-9999 -9999 -9999 -9999 -9999 -9999 -9999 -9999 -9999 -9999 -9999 -9999 -9999 -9999 -9999 -9999 -9999 -9999 -9999 -9999 -9999 -9999 -9999 -9999 -9999 -9999 -9999 257 256 253 253 256 250 251 250 250 248 241 237 239 239 245 250 247 243 239 226 239 236 233 245 250 252 251 252 252 251 251 247 244 246 245 239 239 240 240 240 240 240 242 239 242 247 242 239 247 246 245 251 249 249 254 255 255 255 255
-9999 -9999 -9999 -9999 -9999 -9999 -9999 -9999 -9999 -9999 -9999 -9999 -9999 -9999 -9999 -9999 -9999 -9999 -9999 -9999 -9999 -9999 -9999 -9999 -9999 -9999 -9999 257 255 254 255 252 253 253 248 247 241 240 239 241 237 245 239 239 239 237 244 245 240 236 246 252 248 246 248 250 247 249 242 240 244 248 246 240 241 240 239 240 237 238 235 236 245 240 233 242 237 245 251 244 244 250 253 255 255 255
-9999 -9999 -9999 -9999 -9999 -9999 -9999 -9999 -9999 -9999 -9999 -9999 -9999 -9999 -9999 -9999 -9999 -9999 -9999 -9999 -9999 -9999 -9999 -9999 -9999 -9999 -9999 -9999 256 256 255 255 252 249 249 245 242 243 242 245 243 250 242 238 238 241 248 244 239 238 245 252 246 241 245 249 251 251 246 247 250 248 249 246 239 237 236 238 237 228 229 238 237 242 230 238 238 245 249 245 247 252 250 252 253 254
-9999 -9999 -9999 -9999 -9999 -9999 -9999 -9999 -9999 -9999 -9999 -9999 -9999 -9999 -9999 -9999 -9999 -9999 -9999 -9999 -9999 -9999 -9999 -9999 -9999 -9999 -9999 -9999 258 255 256 253 251 250 249 250 245 243 249 244 250 249 246 243 237 245 248 248 244 237 243 251 249 242 243 249 251 248 250 244 240 248 246 238 234 236 233 237 237 231 219 226 228 230 233 235 241 246 244 240 241 242 243 251 252 254
-9999 -9999 -9999 -9999 -9999 -9999 -9999 -9999 -9999 -9999 -9999 -9999 -9999 -9999 -9999 -9999 -9999 -9999 -9999 -9999 -9999 -9999 -9999 -9999 -9999 -9999 -9999 -9999 -9999 -9999 255 254 252 251 248 252 247 245 249 247 251 243 240 237 232 241 252 251 243 234 246 250 248 247 252 247 250 243 234 230 230 242 247 235 232 227 224 228 235 230 220 220 226 228 229 228 243 244 242 238 235 231 235 248 252 253
-9999 -9999 -9999 -9999 -9999 -9999 -9999 -9999 -9999 -9999 -9999 -9999 -9999 -9999 -9999 -9999 -9999 -9999 -9999 -9999 -9999 -9999 -9999 -9999 -9999 -9999 -9999 -9999 -9999 -9999 -9999 255 254 254 255 255 249 250 252 253 250 239 242 241 243 249 250 244 243 243 252 252 254 253 244 235 244 245 237 229 222 239 243 237 236 224 225 221 232 227 218 217 225 229 230 236 242 243 241 234 227 229 238 250 252 250
-9999 -9999 -9999 -9999 -9999 -9999 -9999 -9999 -9999 -9999 -9999 -9999 -9999 -9999 -9999 -9999 -9999 -9999 -9999 -9999 -9999 -9999 -9999 -9999 -9999 -9999 -9999 -9999 -9999 -9999 -9999 -9999 255 257 257 257 252 254 249 247 240 240 242 250 253 250 241 249 255 255 247 245 242 241 237 235 248 244 236 225 221 235 244 240 240 238 231 220 223 219 219 216 222 227 234 238 241 244 243 240 233 246 247 251 245 247
-9999 -9999 -9999 -9999 -9999 -9999 -9999 -9999 -9999 -9999 -9999 -9999 -9999 -9999 -9999 -9999 -9999 -9999 -9999 -9999 -9999 -9999 -9999 -9999 -9999 -9999 -9999 -9999 -9999 -9999 -9999 -9999 -9999 257 258 257 255 253 250 249 244 247 250 252 253 243 251 253 249 243 237 239 239 234 236 238 244 243 232 224 222 231 247 247 243 239 237 230 215 217 221 222 225 227 230 231 230 233 239 236 232 236 236 238 245 250
-9999 -9999 -9999 -9999 -9999 -9999 -9999 -9999 -9999 -9999 -9999 -9999 -9999 -9999 -9999 -9999 -9999 -9999 -9999 -9999 -9999 -9999 -9999 -9999 -9999 -9999 -9999 -9999 -9999 -9999 -9999 -9999 -9999 257 258 258 257 252 251 257 256 257 257 254 251 251 249 241 242 236 230 229 225 233 241 239 241 238 230 225 230 239 244 249 238 241 235 231 230 225 228 223 224 227 229 232 228 230 233 232 242 239 232 230 244 249
-9999 -9999 -9999 -9999 -9999 -9999 -9999 -9999 -9999 -9999 -9999 -9999 -9999 -9999 -9999 -9999 -9999 -9999 -9999 -9999 -9999 -9999 -9999 -9999 -9999 -9999 -9999 -9999 -9999 -9999 -9999 -9999 -9999 -9999 257 258 256 257 257 257 257 257 251 243 236 241 237 232 227 226 232 228 225 235 245 244 244 234 230 224 220 234 241 246 245 247 245 233 231 230 230 228 224 230 234 232 230 236 246 237 244 238 229 231 239 242
-9999 -9999 -9999 -9999 -9999 -9999 -9999 -9999 -9999 -9999 -9999 -9999 -9999 -9999 -9999 -9999 -9999 -9999 -9999 -9999 -9999 -9999 -9999 -9999 -9999 -9999 -9999 -9999 -9999 -9999 -9999 -9999 -9999 -9999 -9999 258 257 257 257 256 249 245 247 249 237 239 238 237 229 230 235 231 231 240 247 248 242 240 240 227 231 232 245 250 246 237 229 229 227 228 241 244 231 238 237 235 244 246 248 247 246 243 233 227 231 235
-9999 -9999 -9999 -9999 -9999 -9999 -9999 -9999 -9999 -9999 -9999 -9999 -9999 -9999 -9999 -9999 -9999 -9999 -9999 -9999 -9999 -9999 -9999 -9999 -9999 -9999 -9999 -9999 -9999 -9999 -9999 -9999 -9999 -9999 -9999 258 257 257 256 253 246 245 239 240 239 244 241 238 234 240 242 237 236 241 249 248 243 245 242 242 236 234 243 251 250 241 227 229 218 217 240 245 237 240 242 248 244 250 250 246 242 242 235 229 225 233
-9999 -9999 -9999 -9999 -9999 -9999 -9999 -9999 -9999 -9999 -9999 -9999 -9999 -9999 -9999 -9999 -9999 -9999 -9999 -9999 -9999 -9999 -9999 -9999 -9999 -9999 -9999 -9999 -9999 -9999 -9999 -9999 -9999 -9999 -9999 -9999 257 254 254 251 251 247 245 242 248 242 236 238 242 248 242 240 239 244 250 249 246 241 237 238 233 231 243 248 248 240 236 243 229 221 243 246 239 236 246 249 251 251 247 236 230 223 221 214 214 234
-9999 -9999 -9999 -9999 -9999 -9999 -9999 -9999 -9999 -9999 -9999 -9999 -9999 -9999 -9999 -9999 -9999 -9999 -9999 -9999 -9999 -9999 -9999 -9999 -9999 -9999 -9999 -9999 -9999 -9999 -9999 -9999 -9999 -9999 -9999 -9999 257 254 250 256 255 254 254 245 253 243 244 245 244 250 246 238 243 248 252 251 245 246 244 241 239 231 239 243 249 249 247 247 230 225 238 248 246 246 248 252 252 251 246 244 227 225 223 215 214 235
-9999 -9999 -9999 -9999 -9999 -9999 -9999 -9999 -9999 -9999 -9999 -9999 -9999 -9999 -9999 -9999 -9999 -9999 -9999 -9999 -9999 -9999 -9999 -9999 -9999 -9999 -9999 -9999 -9999 -9999 -9999 -9999 -9999 -9999 -9999 -9999 -9999 256 256 257 256 255 254 254 255 250 246 246 250 253 244 242 241 250 251 249 248 244 240 233 229 235 242 248 252 251 248 246 232 236 241 246 252 242 247 252 251 249 245 235 228 229 223 219 226 223
-9999 -9999 -9999 -9999 -9999 -9999 -9999 -9999 -9999 -9999 -9999 -9999 -9999 -9999 -9999 -9999 -9999 -9999 -9999 -9999 -9999 -9999 -9999 -9999 -9999 -9999 -9999 -9999 -9999 -9999 -9999 -9999 -9999 -9999 -9999 -9999 -9999 258 257 256 255 256 255 256 253 252 251 249 253 255 246 251 251 252 251 251 248 241 236 235 229 238 247 250 251 252 246 237 234 237 243 249 251 245 253 252 248 240 241 227 226 229 229 232 230 224
-9999 -9999 -9999 -9999 -9999 -9999 -9999 -9999 -9999 -9999 -9999 -9999 -9999 -9999 -9999 -9999 -9999 -9999 -9999 -9999 -9999 -9999 -9999 -9999 -9999 -9999 -9999 -9999 -9999 -9999 -9999 -9999 -9999 -9999 -9999 -9999 -9999 -9999 257 253 254 256 256 254 255 254 254 254 255 256 256 254 256 254 254 252 246 245 240 234 232 243 245 252 253 254 253 248 249 244 249 251 251 253 250 248 241 243 237 231 226 227 230 238 236 237
