worldclim/bio10_cr.asc
ncols        411
nrows        382
xllcorner    -85.979072453958
yllcorner    8.036441368777
cellsize     0.008333330000
NODATA_value  -9999
[rows 76 to 113 of 382, columns 86 to 171 of 411]
271 268 270 268 265 265 266 267 265 264 268 266 269 269 269 262 262 262 259 258 258 255 252 249 243 237 236 233 232 229 228 228 232 230 227 224 224 227 225 229 237 238 238 235 233 240 240 238 242 238 241 242 244 246 245 247 247 248 252 258 262 267 262 256 256 258 259 260 262 263 263 263 263 263 263 263 264 264 265 266 266 267 268 267 269 268
270 270 269 268 267 267 267 268 265 267 267 269 269 268 271 267 263 261 261 260 259 258 253 253 246 241 240 237 234 230 231 233 234 238 232 231 227 232 232 229 233 236 234 234 231 233 236 233 237 235 237 238 244 239 240 243 244 247 254 257 261 265 258 253 251 253 256 257 258 263 263 262 263 263 263 263 264 264 263 264 266 267 267 267 267 267
270 270 271 269 268 268 269 269 269 268 269 269 270 271 272 267 265 263 263 262 262 260 259 254 251 246 245 239 237 237 235 237 237 241 241 236 233 236 240 241 236 236 236 233 231 230 230 231 233 234 236 235 238 237 238 238 242 244 248 256 259 263 260 255 249 251 255 254 256 260 261 261 260 261 262 262 262 263 264 264 266 266 267 266 267 268
272 271 271 270 269 269 271 271 271 270 271 271 271 272 271 267 267 266 264 264 263 262 260 256 254 248 247 242 242 242 239 238 239 240 244 243 239 240 242 242 241 243 241 237 235 235 233 230 229 232 233 234 234 234 235 236 240 245 251 257 260 262 257 253 249 249 252 250 251 257 260 256 259 260 261 262 262 263 263 264 265 267 266 266 267 267
272 272 271 271 271 270 271 271 272 271 274 273 272 271 272 269 267 266 266 266 265 264 261 258 255 252 250 250 246 240 233 240 240 244 244 244 244 243 242 243 244 244 242 240 241 237 236 232 231 231 233 234 233 232 233 235 239 247 249 256 256 260 255 251 246 247 248 247 252 254 253 254 255 256 259 260 261 259 261 261 263 265 265 265 266 266
274 273 272 273 271 271 272 272 273 274 274 272 273 273 270 268 269 268 269 268 266 265 261 258 256 252 253 252 246 242 238 239 236 244 244 244 244 243 243 243 243 244 243 243 241 237 237 234 231 231 231 230 230 231 230 235 237 242 252 251 256 254 251 240 240 242 245 248 250 249 249 251 250 250 254 259 257 258 259 262 264 266 266 266 265 267
273 273 273 274 272 273 272 274 275 276 274 274 274 274 270 271 271 270 270 267 266 265 262 261 259 255 253 254 250 244 243 237 234 241 244 244 244 244 243 243 243 243 244 244 244 242 239 235 232 230 229 229 227 228 230 232 237 239 246 248 252 248 242 241 243 245 242 243 246 246 249 252 253 254 254 257 260 262 261 262 262 261 262 266 268 267
274 274 274 275 274 275 275 275 276 276 275 276 275 274 272 271 270 270 270 266 266 265 265 260 256 258 256 254 251 247 245 238 236 235 241 242 243 244 243 243 243 243 244 244 244 244 243 238 234 233 230 229 226 227 229 229 233 236 239 245 246 239 238 236 238 242 245 247 249 256 256 255 256 257 258 260 261 262 262 263 266 267 264 263 267 269
274 275 274 275 275 275 276 276 276 275 276 277 276 273 273 272 270 270 272 265 268 265 264 262 257 258 257 255 254 249 243 240 237 236 236 237 241 244 244 242 243 243 243 244 244 244 243 243 240 238 232 231 228 228 228 231 230 233 234 241 239 236 237 239 240 247 252 250 254 252 255 262 261 261 263 265 264 266 265 267 267 265 267 266 267 268
274 275 275 276 276 276 277 277 277 277 277 277 276 273 275 272 272 274 268 264 266 265 266 262 259 258 255 256 255 249 245 239 239 241 237 236 237 241 242 241 243 243 243 244 244 244 243 243 243 243 237 232 229 227 227 227 227 229 231 234 232 236 239 248 248 253 248 250 253 256 258 260 260 261 263 264 265 265 267 268 268 268 269 269 268 270
275 275 276 276 276 276 277 277 277 277 277 277 277 276 277 274 274 270 272 266 264 269 271 265 259 258 254 253 251 248 244 241 244 244 240 235 235 235 235 239 239 238 242 243 244 244 243 244 243 243 240 232 229 228 227 227 228 229 231 231 234 233 242 247 245 246 247 247 255 256 258 260 260 261 263 264 265 266 267 269 269 271 271 271 271 271
275 276 276 276 276 276 277 277 277 278 277 278 278 278 277 276 274 273 275 273 269 264 262 260 264 260 255 253 251 248 246 244 247 245 243 239 236 233 233 231 232 231 236 239 238 238 239 243 243 243 243 237 233 232 229 230 229 233 233 235 240 244 243 243 244 241 240 239 251 254 256 258 259 262 263 264 265 267 268 269 269 270 271 271 271 271
275 275 277 277 277 276 277 277 277 278 278 277 278 278 278 277 277 277 274 275 273 270 262 260 259 259 255 254 252 249 248 247 247 247 244 243 240 236 233 231 228 227 231 231 228 227 233 239 243 243 243 239 237 236 235 233 234 233 237 241 244 244 243 239 239 237 234 237 247 250 256 258 260 262 263 264 265 265 266 268 269 270 271 271 271 272
276 277 276 277 277 277 278 278 278 278 278 278 278 279 278 278 278 278 277 273 275 273 262 259 259 259 259 252 252 254 253 255 250 247 244 243 242 236 232 228 225 224 231 227 224 224 224 233 240 243 244 243 241 239 239 235 237 238 243 243 244 244 242 238 232 226 223 224 235 248 255 257 259 261 262 264 265 267 267 269 270 271 271 272 272 272
277 277 277 277 278 278 278 278 278 278 278 279 279 279 278 278 278 278 278 276 275 275 271 269 271 268 258 258 255 262 259 257 252 245 245 244 241 239 234 229 227 223 224 222 226 225 224 232 238 244 244 243 244 244 244 243 243 243 243 243 241 243 242 240 232 216 197 209 232 246 251 255 258 260 264 264 265 267 267 269 270 271 271 272 272 273
277 277 278 278 277 277 278 278 278 279 279 279 279 279 279 279 279 278 277 274 274 270 267 263 264 263 269 265 266 265 258 259 256 251 246 243 240 237 232 228 224 222 220 224 225 229 230 232 239 243 241 244 243 243 244 243 243 243 243 243 243 243 243 239 235 225 215 221 230 240 248 253 257 260 262 263 266 268 269 270 270 271 271 272 272 272
276 277 278 278 278 279 279 279 279 279 279 279 279 279 279 279 279 278 278 278 276 270 268 269 265 268 265 264 264 258 254 257 254 246 244 241 238 236 232 227 222 220 221 226 230 230 235 233 244 239 234 237 238 242 243 243 243 243 243 243 243 243 243 240 238 235 232 227 220 233 244 252 253 256 259 263 267 269 269 270 270 271 271 271 272 273
277 277 278 278 278 279 279 279 279 279 279 280 280 279 280 279 279 278 278 277 277 275 274 274 274 273 267 270 269 267 260 253 253 249 244 241 239 236 233 227 221 220 220 224 229 233 239 239 239 234 235 235 233 232 237 238 241 243 244 244 244 244 243 243 240 236 233 233 217 229 243 248 248 251 256 260 262 266 269 270 271 271 271 271 272 273
278 278 278 279 279 279 279 279 279 279 280 280 280 280 279 279 279 278 278 277 277 276 271 269 263 259 262 257 257 261 266 262 257 250 247 237 236 235 233 228 225 222 221 223 229 238 237 236 237 232 227 230 227 235 236 232 233 244 244 244 243 242 240 237 234 232 233 233 230 236 237 238 240 243 249 253 258 264 266 268 267 269 270 272 272 272
278 278 278 279 279 279 279 279 279 279 280 280 280 280 280 279 279 279 278 278 277 277 272 268 261 258 254 257 250 253 259 264 261 261 255 248 247 241 234 229 224 223 219 222 220 227 233 230 233 230 223 215 221 224 227 226 232 237 242 235 239 238 235 229 223 221 223 223 228 229 225 231 234 237 245 251 257 261 262 265 267 269 270 272 272 272
278 278 279 279 279 279 279 280 279 280 279 280 280 280 279 280 279 279 279 278 277 275 272 272 265 260 257 251 243 249 255 257 259 255 259 254 252 245 242 228 225 221 220 221 215 221 233 230 221 223 217 212 213 219 221 222 224 228 236 235 234 231 233 224 218 215 217 215 224 224 217 217 220 231 239 246 253 257 261 264 267 268 269 271 271 271
278 278 279 279 279 279 279 280 280 280 280 279 280 280 280 280 279 279 278 278 277 274 275 272 265 268 264 260 251 251 248 245 255 254 247 242 246 251 241 232 227 223 222 221 214 217 223 224 216 213 214 210 210 217 227 228 232 235 236 231 225 227 220 223 223 219 214 219 218 213 210 208 214 228 238 246 250 257 260 263 265 267 269 269 270 270
275 278 279 278 279 279 279 279 280 280 280 280 280 280 280 280 280 279 280 278 278 277 275 268 270 267 263 262 255 260 253 248 249 250 248 242 240 239 246 238 234 222 224 219 215 211 221 229 216 215 213 212 204 210 216 222 222 234 232 221 218 214 221 215 211 217 210 213 213 210 211 220 217 226 242 244 248 255 259 262 266 268 270 269 269 270
274 277 279 277 278 279 280 280 280 280 280 280 280 280 280 280 280 279 279 279 278 279 275 266 270 269 268 267 265 261 253 249 244 242 238 241 237 236 246 239 237 233 226 220 214 211 215 221 222 215 215 213 209 205 209 214 223 231 232 218 213 208 207 211 212 211 203 205 209 210 216 221 226 232 232 238 251 255 257 259 264 266 267 268 268 269
278 278 279 280 280 279 280 279 279 280 280 280 280 281 280 280 280 280 279 279 278 279 278 277 267 271 271 265 258 250 249 241 241 239 239 240 230 234 241 231 226 231 227 222 216 210 207 213 216 206 206 215 208 202 208 218 226 230 221 216 211 203 199 195 201 200 206 215 214 219 227 226 220 224 231 239 250 251 253 258 261 265 266 267 268 269
279 279 279 279 280 280 280 279 280 280 280 280 280 280 281 281 280 280 280 279 279 277 275 273 272 273 266 256 249 244 250 242 241 241 238 236 229 227 236 230 217 223 231 224 219 214 209 206 208 204 200 204 202 200 202 215 215 222 225 208 205 199 193 187 195 196 205 216 222 227 233 236 232 232 238 241 248 248 252 257 262 264 266 266 268 266
279 279 279 279 280 280 280 280 280 280 280 280 280 280 281 281 280 280 280 279 279 277 277 275 276 275 265 264 257 251 254 243 243 249 248 238 232 223 230 225 220 223 227 226 219 216 209 208 207 202 194 201 199 198 198 205 208 212 219 215 204 192 187 182 194 194 203 210 208 218 229 242 241 245 251 258 250 243 253 257 259 263 265 265 265 266
279 278 279 279 280 280 280 280 280 280 280 280 280 280 281 281 280 280 279 279 278 277 277 276 277 269 272 272 268 265 254 246 257 255 252 247 236 235 239 231 218 216 223 221 221 220 217 213 209 204 196 197 198 195 194 191 188 211 216 215 204 198 194 190 202 199 208 208 212 219 226 234 244 251 238 234 236 241 249 255 260 262 263 265 266 267
278 279 278 279 279 280 280 280 280 280 280 280 280 280 280 281 280 280 280 279 279 278 278 276 276 274 273 273 262 258 258 260 259 250 246 242 241 243 245 232 226 218 219 221 215 214 218 220 211 203 197 196 196 192 192 188 189 199 203 201 202 196 192 194 204 207 215 213 219 223 231 244 247 242 227 224 232 239 247 255 259 263 264 266 266 267
274 277 273 279 278 279 280 280 280 280 280 280 280 280 280 281 281 280 280 278 279 279 277 276 273 273 271 270 267 269 266 260 257 249 246 246 246 249 241 231 227 228 219 217 216 216 214 216 212 205 200 195 197 191 186 186 187 191 192 193 193 190 193 205 208 217 222 219 224 235 242 236 240 234 230 222 225 235 241 250 257 262 264 265 266 267
278 278 278 275 274 276 279 280 280 280 280 280 280 280 280 281 281 281 280 280 279 274 274 273 273 273 276 275 271 267 264 259 256 252 249 249 253 245 241 235 230 229 229 227 225 218 216 213 211 205 200 202 198 194 181 184 182 188 187 188 189 198 201 197 217 223 226 224 230 240 232 224 224 227 221 223 227 234 242 252 254 260 262 264 267 267
278 278 278 279 279 279 279 280 280 280 280 280 280 280 280 280 280 281 279 280 279 279 278 276 277 276 274 272 267 262 263 261 258 255 254 254 251 248 244 234 244 240 239 238 229 224 220 213 205 207 207 204 200 193 186 179 183 179 185 188 192 201 208 214 221 229 235 233 231 228 224 213 207 213 224 222 226 233 242 246 250 255 261 260 265 267
278 278 278 279 279 279 280 279 280 280 280 280 280 280 280 280 280 280 280 280 279 279 279 278 278 277 275 273 270 261 265 262 262 259 259 255 247 248 246 241 250 244 245 235 230 222 221 218 210 212 209 206 203 199 193 185 186 187 194 199 199 204 213 223 227 230 229 227 221 220 209 215 225 225 225 235 239 241 240 248 247 252 258 260 262 263
278 278 278 279 279 279 279 279 279 279 280 280 280 280 280 280 280 280 280 280 280 278 279 278 278 275 275 273 274 270 267 264 268 265 258 259 257 255 248 244 243 253 250 234 237 226 226 221 214 220 210 212 205 201 196 193 186 189 203 207 211 217 225 226 227 220 222 221 216 215 211 218 221 223 217 221 233 238 242 241 242 245 252 259 261 261
278 278 278 279 279 279 279 279 279 280 280 280 280 280 280 280 280 280 280 280 279 279 278 279 278 276 276 274 274 272 264 270 269 271 264 262 262 253 251 247 246 251 245 244 244 236 229 230 220 226 217 219 203 203 197 194 194 195 210 213 217 216 214 215 217 215 217 216 205 203 201 211 212 208 213 224 226 230 236 234 240 245 247 253 259 255
278 278 278 279 279 279 279 279 279 280 279 279 280 280 280 280 280 280 280 279 280 279 279 278 277 275 275 274 272 269 271 267 263 272 272 272 268 262 259 262 259 258 256 248 243 237 236 238 234 229 220 222 221 208 214 210 201 195 207 212 210 206 209 210 210 204 213 205 194 191 201 205 201 209 215 220 227 222 235 235 237 243 246 249 253 252
278 278 278 278 279 278 279 279 279 279 279 279 280 279 279 279 280 280 280 279 279 278 278 278 279 278 275 275 275 273 274 273 269 272 273 271 272 271 268 263 253 248 247 240 235 244 241 243 231 220 218 226 230 224 217 216 207 197 195 202 199 195 205 199 193 194 205 199 191 187 195 198 206 211 212 219 216 223 227 233 236 241 246 249 248 247
278 278 278 278 277 278 279 279 279 279 279 279 279 279 280 279 279 280 279 279 280 279 278 279 274 278 278 275 276 274 276 275 275 274 273 273 272 268 264 258 249 240 245 248 242 242 248 242 227 225 217 233 233 227 222 213 205 195 191 193 198 185 185 187 178 184 193 192 196 191 194 201 209 219 222 227 228 232 235 240 242 245 251 240 244 249
