worldclim/bio10_cr.asc
ncols        411
nrows        382
xllcorner    -85.979072453958
yllcorner    8.036441368777
cellsize     0.008333330000
NODATA_value  -9999
[rows 152 to 189 of 382, columns 172 to 257 of 411]
273 269 267 269 271 260 255 248 255 252 245 252 253 256 256 254 251 254 254 256 254 255 259 254 254 253 253 252 246 249 245 241 239 239 238 238 238 238 237 236 236 236 235 233 222 226 225 224 222 220 219 217 214 214 214 211 211 209 208 207 204 202 201 200 197 193 187 183 176 173 163 157 147 144 143 140 140 137 132 127 120 114 112 116 124 135
276 274 272 274 270 263 257 253 264 257 255 257 260 262 262 256 258 268 260 257 256 257 256 254 253 254 250 244 252 250 248 243 243 242 240 239 239 238 236 236 236 236 234 234 230 221 224 224 222 220 218 215 213 213 213 211 210 209 208 207 205 204 201 199 197 194 189 184 179 173 169 160 154 150 146 144 142 141 142 135 123 129 124 124 135 142
277 276 275 273 273 264 259 262 260 271 265 263 265 265 263 267 268 260 264 265 262 261 256 254 254 253 251 251 252 250 249 248 249 245 245 241 238 236 234 236 235 234 232 232 224 218 220 222 221 219 218 217 213 212 212 211 210 210 207 208 206 205 203 199 199 198 190 186 182 174 169 167 160 155 152 149 147 145 144 140 137 137 135 137 143 144
276 275 273 273 272 271 270 268 271 272 274 270 273 274 269 269 262 258 261 260 255 256 261 256 256 255 254 254 253 250 240 237 238 244 239 239 238 230 226 222 230 227 223 227 221 203 212 219 216 215 217 217 213 213 212 213 211 211 209 208 208 207 204 200 198 197 194 190 184 177 176 171 164 161 158 154 154 149 145 144 143 142 143 143 146 153
276 274 274 274 273 273 275 277 267 266 266 264 263 257 255 255 261 254 255 254 251 254 256 258 256 255 255 254 254 241 239 231 236 238 239 237 237 227 213 204 207 222 217 220 204 194 204 212 211 210 216 216 215 213 214 213 213 210 210 209 207 207 205 203 196 197 195 196 191 186 183 181 174 169 164 163 160 155 152 150 145 146 152 153 160 161
277 275 275 274 279 276 273 266 263 262 261 262 260 253 245 252 253 253 250 247 244 249 254 253 254 252 251 252 252 252 242 236 230 235 237 236 238 225 208 200 198 211 212 218 209 188 194 203 205 206 207 215 215 214 213 213 212 212 210 209 206 207 205 206 203 202 200 198 194 189 187 183 180 174 171 170 165 163 160 160 159 157 162 162 166 170
278 277 277 277 280 276 263 259 253 263 261 261 256 247 238 241 251 246 245 241 240 242 245 252 253 253 251 245 245 251 251 242 234 226 230 235 235 227 208 196 190 186 209 207 203 183 185 196 199 198 198 208 211 213 213 213 212 212 211 211 209 206 206 205 204 201 198 193 187 185 183 186 185 184 177 174 172 169 167 167 167 168 168 170 172 175
278 278 278 277 280 275 271 264 265 267 264 262 258 251 241 233 232 237 240 236 237 235 240 247 250 252 248 243 241 242 249 248 240 232 223 228 231 232 220 212 200 184 184 192 201 185 175 192 188 190 190 195 205 207 211 212 212 210 211 209 208 205 206 200 191 195 178 177 176 177 180 187 187 188 183 180 180 174 172 171 174 175 174 177 177 180
280 279 278 277 277 276 278 275 276 272 267 266 263 253 244 237 236 230 232 228 230 222 234 245 241 248 244 238 236 233 236 240 242 237 231 220 221 221 210 204 194 192 177 188 188 182 165 171 176 174 183 193 195 198 209 209 211 209 202 199 207 205 201 192 188 185 178 180 177 187 190 191 191 188 187 186 185 183 179 180 178 179 180 179 181 186
280 279 278 277 279 277 275 276 275 272 269 267 265 262 253 247 243 235 233 223 220 219 227 231 239 242 239 233 228 230 234 238 236 236 231 222 214 221 208 201 206 196 182 171 171 177 160 151 167 168 181 187 194 200 206 209 209 208 205 205 205 205 199 192 188 188 191 188 184 190 194 193 192 191 190 190 190 187 189 185 182 182 183 182 185 186
280 280 279 279 280 276 275 275 275 274 273 269 267 259 258 255 250 236 235 225 220 213 217 226 232 236 240 236 230 227 228 229 230 228 229 226 227 227 224 213 206 202 187 172 170 166 153 146 158 168 176 174 186 200 204 201 202 206 205 205 200 198 188 183 184 195 195 196 196 195 194 194 194 193 192 193 194 191 191 191 187 183 189 189 193 197
279 280 279 281 279 278 271 269 273 270 272 269 258 256 257 258 252 242 247 228 223 222 218 219 224 229 229 227 226 226 230 234 236 231 237 233 237 234 232 224 216 200 188 188 181 167 153 145 151 169 165 176 190 199 199 195 202 205 204 202 194 187 187 178 187 188 191 196 196 195 194 195 195 195 196 194 195 197 195 195 197 197 198 196 199 201
277 279 281 280 278 270 258 256 265 262 266 269 266 259 263 259 256 253 251 239 233 230 227 225 228 222 220 219 228 230 235 236 240 237 242 238 238 235 231 224 208 199 201 198 182 176 166 152 143 145 158 177 186 192 199 196 202 198 198 195 192 178 174 177 187 193 193 195 196 196 196 196 196 196 197 199 198 198 197 197 199 199 199 199 200 208
280 281 280 278 276 265 250 239 249 257 261 264 265 265 264 257 253 245 243 244 239 235 234 233 227 222 218 216 227 236 239 243 244 241 243 235 232 229 227 223 217 210 204 188 186 176 165 160 167 154 161 169 171 188 192 187 186 186 192 183 185 170 169 173 181 193 193 195 195 195 195 195 195 196 198 198 199 198 198 198 198 199 200 201 204 219
277 278 278 276 269 257 246 224 232 250 257 259 258 260 261 260 255 246 238 238 226 227 227 226 220 213 220 225 227 232 241 245 245 240 240 232 225 226 231 219 226 217 203 204 191 194 184 170 172 166 172 171 173 178 179 180 177 179 171 165 172 166 177 183 186 184 184 188 185 194 195 195 190 194 198 199 200 200 200 198 198 200 200 204 218 218
269 272 276 270 264 254 241 231 232 248 251 249 253 256 257 257 251 252 249 241 236 228 220 221 224 212 227 228 234 239 238 242 248 249 241 237 236 236 239 234 235 232 225 217 205 203 188 175 180 177 183 173 174 175 176 187 182 183 178 175 169 165 168 178 181 175 170 175 181 191 190 195 190 183 188 195 196 195 204 199 200 202 209 220 220 218
267 273 272 265 254 246 235 213 229 238 240 239 247 245 253 252 251 246 240 243 243 238 236 239 238 235 243 244 237 229 237 244 249 253 249 250 246 245 244 240 235 234 234 232 222 209 197 187 193 193 186 176 176 182 180 184 190 189 183 179 173 173 165 165 173 172 168 164 169 179 183 184 185 188 192 193 191 192 197 207 204 212 219 218 220 220
265 271 269 261 252 235 211 200 216 212 223 231 241 230 243 245 246 244 243 249 244 240 249 246 240 235 241 248 236 230 234 241 255 250 246 246 244 243 237 237 227 218 227 225 225 222 214 207 201 202 192 192 186 188 193 194 195 187 182 187 182 179 171 163 157 162 160 164 163 169 175 180 174 176 180 192 196 199 205 213 210 217 217 209 199 194
263 269 265 257 248 232 222 204 190 200 198 217 223 225 218 222 232 237 241 244 250 251 246 233 232 236 247 250 232 239 231 244 253 250 244 235 234 234 239 226 221 211 209 216 217 215 218 211 206 204 206 205 195 191 200 201 195 193 189 189 180 179 177 163 155 149 152 151 157 173 172 177 177 184 184 194 200 206 203 199 201 204 217 212 202 201
268 267 263 259 251 246 236 210 196 201 197 206 203 204 204 200 212 228 234 236 244 253 247 237 240 248 256 249 244 248 245 247 255 250 239 233 227 233 229 228 232 222 224 233 211 218 225 218 216 213 212 207 199 191 201 203 198 195 194 186 188 183 171 155 170 162 163 170 177 173 177 186 186 194 195 200 198 195 195 193 193 201 204 214 215 199
272 274 266 262 255 243 227 204 213 210 212 219 202 192 208 221 216 225 240 245 245 251 252 241 240 252 262 263 257 261 252 252 250 241 242 237 244 248 243 241 246 244 244 244 243 232 235 234 232 222 220 208 199 195 209 204 202 195 193 190 189 180 173 169 171 164 171 175 177 184 185 189 189 187 180 190 192 181 188 188 184 182 199 209 212 200
269 274 268 262 248 233 220 224 232 221 230 221 206 209 222 237 232 239 245 251 251 248 259 250 251 270 265 268 262 261 259 258 259 256 247 254 252 253 245 248 241 240 238 238 238 233 226 219 221 231 220 208 198 200 208 202 200 197 197 197 190 185 185 180 175 174 169 171 177 181 182 186 182 180 175 180 188 179 185 178 172 181 193 200 208 210
260 271 269 262 248 243 239 245 250 236 237 222 226 236 234 246 244 233 235 241 254 254 256 263 271 266 263 253 260 255 250 242 244 251 255 257 251 245 241 242 240 227 224 217 230 220 218 194 201 213 224 228 223 205 206 204 199 200 197 195 192 190 187 182 183 177 175 166 172 177 177 180 175 173 167 170 179 174 167 166 167 179 184 201 199 201
256 267 266 259 256 251 253 249 256 248 240 243 247 253 256 250 242 224 233 239 250 261 262 266 267 256 251 253 242 241 246 238 231 237 238 244 241 243 232 232 234 228 208 206 215 220 204 199 184 197 205 219 222 201 196 189 191 187 186 184 179 183 181 176 173 172 170 166 171 175 170 174 170 166 161 170 170 161 154 150 164 172 190 191 186 190
252 267 266 263 259 255 258 258 255 249 253 259 263 258 244 247 236 235 237 242 245 253 266 265 271 252 246 241 239 229 235 234 222 222 226 235 230 227 220 220 217 220 195 190 203 210 198 187 179 175 197 193 206 208 206 202 186 191 184 187 185 183 169 177 171 165 166 161 162 162 166 160 162 156 150 159 158 159 148 153 165 173 176 179 182 183
254 267 267 266 261 260 263 270 267 271 270 268 254 248 242 234 239 240 227 230 231 243 248 260 272 258 247 240 233 226 222 222 216 217 220 218 215 222 206 203 203 190 187 180 189 187 187 177 166 162 191 186 199 189 197 204 200 197 196 192 193 185 186 180 181 175 172 168 164 156 150 150 151 144 143 145 145 151 151 158 159 165 165 167 164 167
255 261 266 265 269 270 271 270 271 273 259 252 250 253 249 250 250 241 238 235 222 231 247 263 267 264 254 250 242 238 237 232 226 233 222 226 227 235 225 212 204 201 190 178 181 179 162 159 150 165 183 175 184 188 188 195 192 189 182 183 175 175 181 177 168 167 167 160 157 149 143 139 139 138 143 146 153 153 149 154 154 159 151 153 144 142
259 261 261 261 258 258 267 270 271 265 262 261 259 258 259 253 248 236 248 242 220 226 245 254 268 268 259 254 255 251 240 226 226 236 228 234 237 244 233 235 207 201 194 182 166 170 160 137 141 159 172 165 166 171 174 186 187 177 168 176 172 161 170 168 166 162 158 148 146 141 138 135 135 137 140 143 142 145 149 144 144 149 148 139 133 137
262 264 262 263 261 261 260 263 275 273 267 265 261 260 260 259 250 255 253 240 227 226 242 252 259 273 263 262 261 236 235 233 240 235 238 249 248 240 227 214 190 191 178 171 160 153 155 170 165 161 150 154 153 152 156 168 179 180 167 171 164 160 159 158 158 155 159 148 142 139 136 134 134 136 140 137 136 138 142 142 135 135 139 137 132 134
260 264 263 264 262 265 264 265 275 266 269 270 268 267 264 262 257 259 257 246 243 245 248 254 259 267 274 268 254 250 245 237 241 245 257 249 238 225 230 217 196 185 168 161 153 150 151 178 179 177 177 165 158 156 146 152 161 169 164 161 160 151 156 157 162 164 160 162 156 149 139 133 133 134 136 134 134 134 135 134 130 125 133 132 133 135
263 266 264 264 262 263 265 270 274 268 271 263 267 252 257 257 259 263 261 257 260 255 257 255 261 263 268 273 267 253 256 251 251 251 256 255 243 234 237 220 210 194 179 154 154 162 169 178 198 190 180 165 167 162 160 153 152 166 174 176 170 163 157 166 175 165 166 162 161 153 139 135 132 131 131 132 132 134 132 123 118 117 126 130 133 137
274 263 271 265 264 267 273 276 276 262 262 272 263 257 253 259 260 261 263 265 262 263 263 263 261 257 258 269 274 263 260 260 255 261 260 252 242 244 231 210 201 181 161 173 157 180 190 196 198 186 172 171 171 170 167 169 166 165 179 185 180 172 161 161 176 175 164 156 159 148 139 136 137 132 129 129 129 132 132 125 118 115 122 127 131 134
263 273 271 266 264 268 276 269 269 263 262 262 263 261 259 261 264 266 266 267 266 265 263 265 263 262 260 258 274 270 265 261 265 265 256 258 248 247 225 224 211 189 191 173 155 194 214 211 186 168 168 178 178 180 181 179 180 177 178 187 188 180 178 180 182 171 149 161 173 161 150 135 143 136 128 131 133 131 131 129 123 118 118 127 131 132
263 261 265 261 260 264 272 276 271 266 264 261 261 263 263 265 266 266 268 267 266 268 267 266 265 266 266 264 270 275 265 267 269 267 260 246 252 235 227 223 227 217 207 196 197 216 226 205 192 181 164 175 185 189 184 182 186 185 183 190 185 189 185 185 183 177 167 172 179 167 158 145 149 137 133 137 138 134 128 127 124 121 121 126 127 127
269 269 263 262 263 265 269 275 277 267 263 262 257 260 265 264 259 263 271 268 267 267 272 273 272 271 270 272 273 272 272 272 265 266 252 255 236 226 229 237 238 232 221 214 231 231 237 226 224 198 161 174 183 194 193 184 191 193 190 192 190 191 191 189 186 180 173 174 184 172 173 171 161 139 137 144 144 134 132 132 132 129 120 121 124 123
276 272 270 267 267 268 269 273 273 266 263 262 260 261 263 266 266 266 269 266 263 265 265 274 273 274 275 275 275 275 274 274 271 271 271 256 250 247 238 245 243 221 220 233 243 240 225 209 221 221 174 183 195 192 200 209 196 195 191 196 197 198 195 192 189 188 185 183 186 185 179 170 164 158 158 155 157 138 137 136 136 132 123 119 123 125
272 277 275 270 272 276 272 269 267 265 264 263 263 262 264 265 269 270 265 265 263 262 263 265 266 271 272 269 273 276 274 271 270 268 264 266 264 268 254 255 245 240 243 250 245 213 193 184 209 219 199 206 205 207 207 204 191 183 183 186 195 196 195 189 184 180 179 172 184 177 170 155 165 169 168 165 158 154 148 136 131 128 118 115 119 121
271 273 277 274 275 273 274 267 265 266 268 271 270 270 267 266 266 268 267 265 265 263 263 262 262 263 267 273 275 276 275 268 269 263 255 258 249 253 265 265 253 251 249 244 225 194 171 176 199 219 222 205 198 198 195 196 185 189 183 186 192 194 189 183 181 176 171 173 178 174 156 149 160 165 153 156 147 141 142 131 117 120 113 109 113 116
