worldclim/bio14_cr.asc
ncols        411
nrows        382
xllcorner    -85.979072453958
yllcorner    8.036441368777
cellsize     0.008333330000
NODATA_value  -9999
[rows 200 to 239 of 382, columns 180 to 269 of 411]
19 19 19 19 19 19 19 19 19 19 19 19 19 19 18 19 19 19 19 20 20 20 21 21 21 21 21 21 22 22 23 24 25 26 26 26 25 26 25 28 28 28 27 27 29 33 30 29 29 29 30 30 35 42 33 34 56 44 47 53 48 48 69 73 90 71 46 74 91 45 38 43 86 120 135 130 127 54 58 70 57 52 40 31 36 31 31 34 31 31
19 19 19 19 19 19 19 19 19 19 19 19 19 19 19 19 19 19 19 20 20 21 21 21 21 21 20 21 21 22 23 24 25 25 26 26 26 26 27 28 27 26 27 27 27 27 28 29 30 31 30 30 33 32 31 34 52 53 48 50 57 51 52 58 73 80 75 104 91 96 45 51 113 133 113 132 145 112 101 59 55 56 62 56 32 33 32 33 60 32
-9999 19 19 19 19 19 19 19 19 19 19 19 19 19 19 19 19 19 19 20 21 21 21 21 20 20 20 20 21 22 22 23 24 24 25 26 26 27 27 28 28 26 26 27 28 28 28 30 31 30 29 29 30 30 31 40 39 48 49 47 56 48 62 65 80 74 91 69 69 111 105 122 101 98 107 138 143 142 58 60 114 58 129 90 57 35 57 56 59 37
-9999 -9999 -9999 -9999 19 19 19 19 19 19 19 19 19 19 19 19 19 19 20 20 20 21 21 20 20 20 20 20 21 22 23 23 24 25 26 26 26 27 27 27 27 27 27 27 29 29 30 30 30 28 30 29 29 30 30 36 37 47 41 44 51 53 51 56 57 58 60 63 62 82 114 75 77 101 132 131 96 71 67 89 158 153 101 156 57 73 123 161 78 59
-9999 -9999 -9999 -9999 -9999 -9999 -9999 -9999 19 19 19 19 19 19 19 19 19 20 20 20 20 20 21 20 20 21 21 20 21 22 23 23 24 25 25 26 26 27 27 27 28 29 28 29 30 30 31 31 30 28 30 29 30 30 30 30 34 42 38 52 55 52 54 43 50 58 58 58 54 65 66 62 81 116 125 110 66 127 136 128 140 151 160 159 162 168 171 175 140 52
-9999 -9999 -9999 -9999 -9999 -9999 -9999 -9999 -9999 -9999 -9999 -9999 19 19 19 19 20 20 20 20 20 21 21 21 21 21 21 21 22 22 23 24 25 25 26 26 26 27 27 28 28 29 29 30 30 30 31 29 29 29 28 30 30 29 35 32 30 35 44 50 44 49 36 35 39 49 43 46 57 58 59 82 90 101 123 130 59 136 143 148 124 153 155 144 158 166 150 170 169 163
-9999 -9999 -9999 -9999 -9999 -9999 -9999 -9999 -9999 -9999 -9999 -9999 -9999 -9999 -9999 -9999 -9999 20 20 20 21 21 21 21 21 21 21 22 22 23 24 24 25 26 26 26 27 27 28 28 28 29 29 30 29 29 29 30 30 28 29 30 29 29 35 48 31 36 44 38 40 44 39 32 32 38 36 41 42 53 59 64 97 99 126 117 102 137 123 124 93 124 131 133 139 108 129 146 160 97
-9999 -9999 -9999 -9999 -9999 -9999 -9999 -9999 -9999 -9999 -9999 -9999 -9999 -9999 -9999 -9999 -9999 -9999 -9999 -9999 -9999 21 21 21 21 22 22 22 23 23 24 25 26 26 27 27 27 28 28 28 29 29 30 30 30 30 30 30 30 30 28 30 29 28 29 34 38 34 30 30 31 44 35 31 31 31 32 49 57 58 70 82 98 109 92 101 127 134 114 77 59 57 60 98 102 75 105 162 123 133
-9999 -9999 -9999 -9999 -9999 -9999 -9999 -9999 -9999 -9999 -9999 -9999 -9999 -9999 -9999 -9999 -9999 -9999 -9999 -9999 -9999 -9999 -9999 -9999 -9999 -9999 22 23 23 24 25 26 26 27 27 28 28 28 29 29 29 29 29 30 30 30 30 30 30 30 30 30 29 28 29 33 29 29 29 30 34 47 34 30 35 31 32 38 53 64 55 56 68 75 61 59 100 115 114 89 55 56 55 55 54 82 126 155 160 158
-9999 -9999 -9999 -9999 -9999 -9999 -9999 -9999 -9999 -9999 -9999 -9999 -9999 -9999 -9999 -9999 -9999 -9999 -9999 -9999 -9999 -9999 -9999 -9999 -9999 -9999 -9999 -9999 24 25 -9999 26 27 27 28 28 29 28 28 30 29 30 29 30 30 30 30 30 30 30 30 29 27 27 28 28 29 31 32 31 29 41 43 30 32 43 46 45 49 48 41 52 69 55 50 53 76 100 62 54 54 50 65 79 85 119 138 150 138 142
-9999 -9999 -9999 -9999 -9999 -9999 -9999 -9999 -9999 -9999 -9999 -9999 -9999 -9999 -9999 -9999 -9999 -9999 -9999 -9999 -9999 -9999 -9999 -9999 -9999 -9999 -9999 -9999 -9999 -9999 26 27 27 28 28 29 29 30 30 30 30 30 30 30 30 30 31 31 30 30 30 30 28 27 27 29 29 32 32 33 31 29 29 30 29 42 50 46 40 32 38 52 52 62 48 51 53 52 52 49 50 52 115 134 131 138 139 121 104 85
-9999 -9999 -9999 -9999 -9999 -9999 -9999 -9999 -9999 -9999 -9999 -9999 -9999 -9999 -9999 -9999 -9999 -9999 -9999 -9999 -9999 -9999 -9999 -9999 -9999 -9999 -9999 -9999 -9999 -9999 -9999 -9999 -9999 -9999 29 30 30 30 31 31 31 31 31 31 31 31 30 30 30 30 30 30 29 29 30 30 31 33 29 29 32 31 28 32 35 35 45 39 29 29 31 46 49 50 48 37 44 33 39 51 51 93 131 130 130 129 133 123 62 46
-9999 -9999 -9999 -9999 -9999 -9999 -9999 -9999 -9999 -9999 -9999 -9999 -9999 -9999 -9999 -9999 -9999 -9999 -9999 -9999 -9999 -9999 -9999 -9999 -9999 -9999 -9999 -9999 -9999 -9999 -9999 -9999 -9999 -9999 -9999 30 31 31 32 31 31 32 31 31 31 31 31 31 30 30 31 30 29 31 32 32 32 33 32 29 33 30 29 31 28 28 30 28 29 29 29 32 40 48 40 29 30 42 48 49 76 109 104 90 113 71 104 116 49 46
-9999 -9999 -9999 -9999 -9999 -9999 -9999 -9999 -9999 -9999 -9999 -9999 -9999 -9999 -9999 -9999 -9999 -9999 -9999 -9999 -9999 -9999 -9999 -9999 -9999 -9999 -9999 -9999 -9999 -9999 -9999 -9999 -9999 -9999 -9999 -9999 -9999 32 32 31 32 32 32 32 31 32 32 31 31 31 31 32 32 32 32 32 29 28 27 28 29 31 30 31 27 28 29 28 29 29 28 29 29 35 37 28 28 42 47 49 48 51 46 67 97 49 52 85 44 47
-9999 -9999 -9999 -9999 -9999 -9999 -9999 -9999 -9999 -9999 -9999 -9999 -9999 -9999 -9999 -9999 -9999 -9999 -9999 -9999 -9999 -9999 -9999 -9999 -9999 -9999 -9999 -9999 -9999 -9999 -9999 -9999 -9999 -9999 -9999 -9999 -9999 32 30 32 33 33 32 32 32 32 32 32 32 32 32 32 32 32 28 29 29 26 27 27 29 32 31 31 32 32 30 29 30 30 30 31 29 28 29 28 28 30 46 45 46 46 46 46 53 44 43 44 45 50
-9999 -9999 -9999 -9999 -9999 -9999 -9999 -9999 -9999 -9999 -9999 -9999 -9999 -9999 -9999 -9999 -9999 -9999 -9999 -9999 -9999 -9999 -9999 -9999 -9999 -9999 -9999 -9999 -9999 -9999 -9999 -9999 -9999 -9999 -9999 -9999 -9999 29 28 31 32 33 33 32 32 32 32 33 33 33 32 33 33 32 29 28 29 30 27 26 26 26 27 29 30 27 28 27 29 26 26 27 27 27 27 29 39 42 41 44 45 46 43 46 43 45 43 44 48 49
-9999 -9999 -9999 -9999 -9999 -9999 -9999 -9999 -9999 -9999 -9999 -9999 -9999 -9999 -9999 -9999 -9999 -9999 -9999 -9999 -9999 -9999 -9999 -9999 -9999 -9999 -9999 -9999 -9999 -9999 -9999 -9999 -9999 -9999 -9999 -9999 -9999 30 27 29 31 33 33 33 33 33 33 33 33 33 32 33 33 33 32 32 32 31 29 26 25 26 27 28 26 26 26 31 31 27 29 28 29 35 42 43 43 43 43 42 43 44 32 35 45 45 41 47 42 48
-9999 -9999 -9999 -9999 -9999 -9999 -9999 -9999 -9999 -9999 -9999 -9999 -9999 -9999 -9999 -9999 -9999 -9999 -9999 -9999 -9999 -9999 -9999 -9999 -9999 -9999 -9999 -9999 -9999 -9999 -9999 -9999 -9999 -9999 -9999 -9999 -9999 30 28 27 31 33 33 33 33 33 33 33 34 34 32 33 33 32 31 30 30 28 28 25 25 26 25 25 25 28 28 41 40 33 32 25 25 29 31 41 41 41 43 45 41 41 37 33 32 37 39 37 35 33
-9999 -9999 -9999 -9999 -9999 -9999 -9999 -9999 -9999 -9999 -9999 -9999 -9999 -9999 -9999 -9999 -9999 -9999 -9999 -9999 -9999 -9999 -9999 -9999 -9999 -9999 -9999 -9999 -9999 -9999 -9999 -9999 -9999 -9999 -9999 -9999 -9999 -9999 31 29 31 33 33 33 33 33 34 34 34 34 34 33 33 33 29 29 27 26 24 25 24 25 26 26 25 25 24 27 28 39 35 34 29 25 25 28 37 37 34 45 40 40 41 42 33 25 26 25 30 29
-9999 -9999 -9999 -9999 -9999 -9999 -9999 -9999 -9999 -9999 -9999 -9999 -9999 -9999 -9999 -9999 -9999 -9999 -9999 -9999 -9999 -9999 -9999 -9999 -9999 -9999 -9999 -9999 -9999 -9999 -9999 -9999 -9999 -9999 -9999 -9999 -9999 -9999 -9999 33 30 33 33 33 34 34 34 34 34 35 35 35 34 33 31 30 29 27 25 24 27 25 25 24 24 24 27 26 26 38 38 30 28 24 26 25 24 25 31 40 48 43 38 39 40 26 22 23 28 25
-9999 -9999 -9999 -9999 -9999 -9999 -9999 -9999 -9999 -9999 -9999 -9999 -9999 -9999 -9999 -9999 -9999 -9999 -9999 -9999 -9999 -9999 -9999 -9999 -9999 -9999 -9999 -9999 -9999 -9999 -9999 -9999 -9999 -9999 -9999 -9999 -9999 -9999 -9999 -9999 -9999 -9999 32 33 34 34 34 34 35 35 35 35 34 33 33 32 30 26 24 26 30 30 26 25 24 24 28 30 23 24 29 23 24 23 25 26 25 26 26 50 38 38 39 39 37 24 21 23 24 22
-9999 -9999 -9999 -9999 -9999 -9999 -9999 -9999 -9999 -9999 -9999 -9999 -9999 -9999 -9999 -9999 -9999 -9999 -9999 -9999 -9999 -9999 -9999 -9999 -9999 -9999 -9999 -9999 -9999 -9999 -9999 -9999 -9999 -9999 -9999 -9999 -9999 -9999 -9999 -9999 -9999 -9999 -9999 -9999 -9999 -9999 -9999 34 35 35 35 34 34 33 33 32 32 29 28 28 31 27 23 26 28 27 30 31 27 23 23 23 23 22 23 28 30 25 23 37 38 36 35 34 33 30 27 20 23 21
-9999 -9999 -9999 -9999 -9999 -9999 -9999 -9999 -9999 -9999 -9999 -9999 -9999 -9999 -9999 -9999 -9999 -9999 -9999 -9999 -9999 -9999 -9999 -9999 -9999 -9999 -9999 -9999 -9999 -9999 -9999 -9999 -9999 -9999 -9999 -9999 -9999 -9999 -9999 -9999 -9999 -9999 -9999 -9999 -9999 -9999 -9999 -9999 -9999 35 35 34 34 34 33 33 32 32 32 32 32 27 23 25 29 30 30 33 27 23 26 27 25 27 25 30 31 27 23 21 28 29 36 36 37 37 26 20 20 19
-9999 -9999 -9999 -9999 -9999 -9999 -9999 -9999 -9999 -9999 -9999 -9999 -9999 -9999 -9999 -9999 -9999 -9999 -9999 -9999 -9999 -9999 -9999 -9999 -9999 -9999 -9999 -9999 -9999 -9999 -9999 -9999 -9999 -9999 -9999 -9999 -9999 -9999 -9999 -9999 -9999 -9999 -9999 -9999 -9999 -9999 -9999 -9999 -9999 -9999 -9999 34 34 34 33 33 33 33 33 33 32 28 22 23 27 30 32 33 31 22 26 28 32 28 26 30 33 33 27 24 25 21 25 38 34 35 29 24 20 20
-9999 -9999 -9999 -9999 -9999 -9999 -9999 -9999 -9999 -9999 -9999 -9999 -9999 -9999 -9999 -9999 -9999 -9999 -9999 -9999 -9999 -9999 -9999 -9999 -9999 -9999 -9999 -9999 -9999 -9999 -9999 -9999 -9999 -9999 -9999 -9999 -9999 -9999 -9999 -9999 -9999 -9999 -9999 -9999 -9999 -9999 -9999 -9999 -9999 -9999 -9999 -9999 -9999 -9999 33 33 33 33 33 33 33 31 29 25 27 27 30 34 33 28 23 30 31 34 29 33 34 34 31 28 23 21 22 32 35 34 25 21 18 20
-9999 -9999 -9999 -9999 -9999 -9999 -9999 -9999 -9999 -9999 -9999 -9999 -9999 -9999 -9999 -9999 -9999 -9999 -9999 -9999 -9999 -9999 -9999 -9999 -9999 -9999 -9999 -9999 -9999 -9999 -9999 -9999 -9999 -9999 -9999 -9999 -9999 -9999 -9999 -9999 -9999 -9999 -9999 -9999 -9999 -9999 -9999 -9999 -9999 -9999 -9999 -9999 -9999 -9999 -9999 -9999 -9999 33 33 33 34 34 32 31 30 25 26 33 31 28 21 23 28 32 33 34 36 35 33 28 28 27 19 26 33 33 33 27 22 20
-9999 -9999 -9999 -9999 -9999 -9999 -9999 -9999 -9999 -9999 -9999 -9999 -9999 -9999 -9999 -9999 -9999 -9999 -9999 -9999 -9999 -9999 -9999 -9999 -9999 -9999 -9999 -9999 -9999 -9999 -9999 -9999 -9999 -9999 -9999 -9999 -9999 -9999 -9999 -9999 -9999 -9999 -9999 -9999 -9999 -9999 -9999 -9999 -9999 -9999 -9999 -9999 -9999 -9999 -9999 -9999 -9999 -9999 -9999 33 33 34 33 32 31 30 30 28 34 25 23 20 30 32 36 37 34 36 35 32 28 25 21 18 22 31 32 33 23 17
-9999 -9999 -9999 -9999 -9999 -9999 -9999 -9999 -9999 -9999 -9999 -9999 -9999 -9999 -9999 -9999 -9999 -9999 -9999 -9999 -9999 -9999 -9999 -9999 -9999 -9999 -9999 -9999 -9999 -9999 -9999 -9999 -9999 -9999 -9999 -9999 -9999 -9999 -9999 -9999 -9999 -9999 -9999 -9999 -9999 -9999 -9999 -9999 -9999 -9999 -9999 -9999 -9999 -9999 -9999 -9999 -9999 -9999 -9999 -9999 -9999 -9999 34 35 35 35 32 31 35 27 24 21 23 30 36 32 35 37 35 34 31 28 22 18 28 31 28 25 24 19
-9999 -9999 -9999 -9999 -9999 -9999 -9999 -9999 -9999 -9999 -9999 -9999 -9999 -9999 -9999 -9999 -9999 -9999 -9999 -9999 -9999 -9999 -9999 -9999 -9999 -9999 -9999 -9999 -9999 -9999 -9999 -9999 -9999 -9999 -9999 -9999 -9999 -9999 -9999 -9999 -9999 -9999 -9999 -9999 -9999 -9999 -9999 -9999 -9999 -9999 -9999 -9999 -9999 -9999 -9999 -9999 -9999 -9999 -9999 -9999 -9999 -9999 -9999 -9999 35 35 35 36 33 27 28 29 23 30 34 30 31 36 33 31 28 24 18 19 28 26 22 20 19 18
-9999 -9999 -9999 -9999 -9999 -9999 -9999 -9999 -9999 -9999 -9999 -9999 -9999 -9999 -9999 -9999 -9999 -9999 -9999 -9999 -9999 -9999 -9999 -9999 -9999 -9999 -9999 -9999 -9999 -9999 -9999 -9999 -9999 -9999 -9999 -9999 -9999 -9999 -9999 -9999 -9999 -9999 -9999 -9999 -9999 -9999 -9999 -9999 -9999 -9999 -9999 -9999 -9999 -9999 -9999 -9999 -9999 -9999 -9999 -9999 -9999 -9999 -9999 -9999 -9999 35 36 36 36 31 31 31 28 36 32 29 31 30 29 31 25 21 18 17 21 29 24 18 16 16
-9999 -9999 -9999 -9999 -9999 -9999 -9999 -9999 -9999 -9999 -9999 -9999 -9999 -9999 -9999 -9999 -9999 -9999 -9999 -9999 -9999 -9999 -9999 -9999 -9999 -9999 -9999 -9999 -9999 -9999 -9999 -9999 -9999 -9999 -9999 -9999 -9999 -9999 -9999 -9999 -9999 -9999 -9999 -9999 -9999 -9999 -9999 -9999 -9999 -9999 -9999 -9999 -9999 -9999 -9999 -9999 -9999 -9999 -9999 -9999 -9999 -9999 -9999 -9999 -9999 -9999 -9999 36 36 34 34 28 28 31 37 27 27 28 24 26 24 19 16 16 16 27 27 21 23 16
-9999 -9999 -9999 -9999 -9999 -9999 -9999 -9999 -9999 -9999 -9999 -9999 -9999 -9999 -9999 -9999 -9999 -9999 -9999 -9999 -9999 -9999 -9999 -9999 -9999 -9999 -9999 -9999 -9999 -9999 -9999 -9999 -9999 -9999 -9999 -9999 -9999 -9999 -9999 -9999 -9999 -9999 -9999 -9999 -9999 -9999 -9999 -9999 -9999 -9999 -9999 -9999 -9999 -9999 -9999 -9999 -9999 -9999 -9999 -9999 -9999 -9999 -9999 -9999 -9999 -9999 -9999 -9999 36 36 33 30 28 34 35 33 33 30 27 23 23 20 18 18 17 27 27 26 23 23
-9999 -9999 -9999 -9999 -9999 -9999 -9999 -9999 -9999 -9999 -9999 -9999 -9999 -9999 -9999 -9999 -9999 -9999 -9999 -9999 -9999 -9999 -9999 -9999 -9999 -9999 -9999 -9999 -9999 -9999 -9999 -9999 -9999 -9999 -9999 -9999 -9999 -9999 -9999 -9999 -9999 -9999 -9999 -9999 -9999 -9999 -9999 -9999 -9999 -9999 -9999 -9999 -9999 -9999 -9999 -9999 -9999 -9999 -9999 -9999 -9999 -9999 -9999 -9999 -9999 -9999 -9999 -9999 -9999 36 35 30 28 38 38 37 37 33 30 28 24 25 24 20 15 25 26 27 26 26
-9999 -9999 -9999 -9999 -9999 -9999 -9999 -9999 -9999 -9999 -9999 -9999 -9999 -9999 -9999 -9999 -9999 -9999 -9999 -9999 -9999 -9999 -9999 -9999 -9999 -9999 -9999 -9999 -9999 -9999 -9999 -9999 -9999 -9999 -9999 -9999 -9999 -9999 -9999 -9999 -9999 -9999 -9999 -9999 -9999 -9999 -9999 -9999 -9999 -9999 -9999 -9999 -9999 -9999 -9999 -9999 -9999 -9999 -9999 -9999 -9999 -9999 -9999 -9999 -9999 -9999 -9999 -9999 -9999 -9999 -9999 37 32 35 32 33 34 37 32 33 31 28 25 22 16 24 25 28 25 25
-9999 -9999 -9999 -9999 -9999 -9999 -9999 -9999 -9999 -9999 -9999 -9999 -9999 -9999 -9999 -9999 -9999 -9999 -9999 -9999 -9999 -9999 -9999 -9999 -9999 -9999 -9999 -9999 -9999 -9999 -9999 -9999 -9999 -9999 -9999 -9999 -9999 -9999 -9999 -9999 -9999 -9999 -9999 -9999 -9999 -9999 -9999 -9999 -9999 -9999 -9999 -9999 -9999 -9999 -9999 -9999 -9999 -9999 -9999 -9999 -9999 -9999 -9999 -9999 -9999 -9999 -9999 -9999 -9999 -9999 -9999 -9999 37 36 32 26 27 31 37 34 31 27 26 23 17 23 23 24 24 24
-9999 -9999 -9999 -9999 -9999 -9999 -9999 -9999 -9999 -9999 -9999 -9999 -9999 -9999 -9999 -9999 -9999 -9999 -9999 -9999 -9999 -9999 -9999 -9999 -9999 -9999 -9999 -9999 -9999 -9999 -9999 -9999 -9999 -9999 -9999 -9999 -9999 -9999 -9999 -9999 -9999 -9999 -9999 -9999 -9999 -9999 -9999 -9999 -9999 -9999 -9999 -9999 -9999 -9999 -9999 -9999 -9999 -9999 -9999 -9999 -9999 -9999 -9999 -9999 -9999 -9999 -9999 -9999 -9999 -9999 -9999 -9999 -9999 37 32 28 24 27 27 30 30 24 19 17 15 15 22 20 18 16
-9999 -9999 -9999 -9999 -9999 -9999 -9999 -9999 -9999 -9999 -9999 -9999 -9999 -9999 -9999 -9999 -9999 -9999 -9999 -9999 -9999 -9999 -9999 -9999 -9999 -9999 -9999 -9999 -9999 -9999 -9999 -9999 -9999 -9999 -9999 -9999 -9999 -9999 -9999 -9999 -9999 -9999 -9999 -9999 -9999 -9999 -9999 -9999 -9999 -9999 -9999 -9999 -9999 -9999 -9999 -9999 -9999 -9999 -9999 -9999 -9999 -9999 -9999 -9999 -9999 -9999 -9999 -9999 -9999 -9999 -9999 -9999 -9999 -9999 -9999 33 32 29 23 22 27 25 21 16 14 14 17 14 14 13
-9999 -9999 -9999 -9999 -9999 -9999 -9999 -9999 -9999 -9999 -9999 -9999 -9999 -9999 -9999 -9999 -9999 -9999 -9999 -9999 -9999 -9999 -9999 -9999 -9999 -9999 -9999 -9999 -9999 -9999 -9999 -9999 -9999 -9999 -9999 -9999 -9999 -9999 -9999 -9999 -9999 -9999 -9999 -9999 -9999 -9999 -9999 -9999 -9999 -9999 -9999 -9999 -9999 -9999 -9999 -9999 -9999 -9999 -9999 -9999 -9999 -9999 -9999 -9999 -9999 -9999 -9999 -9999 -9999 -9999 -9999 -9999 -9999 -9999 -9999 -9999 36 31 23 19 20 27 24 20 15 14 13 16 14 21
-9999 -9999 -9999 -9999 -9999 -9999 -9999 -9999 -9999 -9999 -9999 -9999 -9999 -9999 -9999 -9999 -9999 -9999 -9999 -9999 -9999 -9999 -9999 -9999 -9999 -9999 -9999 -9999 -9999 -9999 -9999 -9999 -9999 -9999 -9999 -9999 -9999 -9999 -9999 -9999 -9999 -9999 -9999 -9999 -9999 -9999 -9999 -9999 -9999 -9999 -9999 -9999 -9999 -9999 -9999 -9999 -9999 -9999 -9999 -9999 -9999 -9999 -9999 -9999 -9999 -9999 -9999 -9999 -9999 -9999 -9999 -9999 -9999 -9999 -9999 -9999 38 33 25 16 18 19 22 21 17 14 13 15 24 22
-9999 -9999 -9999 -9999 -9999 -9999 -9999 -9999 -9999 -9999 -9999 -9999 -9999 -9999 -9999 -9999 -9999 -9999 -9999 -9999 -9999 -9999 -9999 -9999 -9999 -9999 -9999 -9999 -9999 -9999 -9999 -9999 -9999 -9999 -9999 -9999 -9999 -9999 -9999 -9999 -9999 -9999 -9999 -9999 -9999 -9999 -9999 -9999 -9999 -9999 -9999 -9999 -9999 -9999 -9999 -9999 -9999 -9999 -9999 -9999 -9999 -9999 -9999 -9999 -9999 -9999 -9999 -9999 -9999 -9999 -9999 -9999 -9999 -9999 -9999 -9999 -9999 33 30 30 25 19 17 17 14 13 13 21 27 19
