worldclim/bio14_cr.asc
ncols        411
nrows        382
xllcorner    -85.979072453958
yllcorner    8.036441368777
cellsize     0.008333330000
NODATA_value  -9999
[rows 280 to 319 of 382, columns 270 to 359 of 411]
-9999 -9999 -9999 -9999 -9999 -9999 -9999 -9999 -9999 -9999 -9999 -9999 -9999 57 56 57 58 58 60 60 61 62 63 66 67 70 72 76 80 85 88 92 95 96 96 95 94 93 91 91 89 88 87 87 86 78 89 86 59 45 28 25 23 23 27 25 24 32 33 27 35 36 28 32 35 39 41 35 36 39 46 39 32 29 30 46 45 51 55 53 51 48 39 39 41 55 54 55 49 62
-9999 -9999 -9999 -9999 -9999 -9999 -9999 -9999 -9999 -9999 -9999 -9999 -9999 -9999 -9999 58 59 60 60 62 63 64 67 69 70 73 76 79 84 89 94 98 100 100 100 99 97 96 94 93 90 90 89 90 91 92 93 87 85 85 54 34 26 23 24 24 25 33 33 28 35 34 37 31 33 40 40 36 31 27 43 46 41 37 32 34 39 43 45 54 55 50 42 44 46 53 63 64 59 64
-9999 -9999 -9999 -9999 -9999 -9999 -9999 -9999 -9999 -9999 -9999 -9999 -9999 -9999 -9999 -9999 60 61 61 63 64 66 67 69 73 76 78 82 88 93 99 103 105 104 103 102 101 99 97 96 95 93 93 93 94 96 98 72 76 95 88 72 43 24 24 26 27 32 30 28 32 36 25 36 39 37 40 38 33 33 32 44 48 44 35 41 40 41 45 52 58 53 48 51 51 64 62 60 60 62
-9999 -9999 -9999 -9999 -9999 -9999 -9999 -9999 -9999 -9999 -9999 -9999 -9999 -9999 -9999 -9999 -9999 62 63 64 66 68 69 73 75 78 82 85 90 90 101 106 107 107 106 105 104 102 100 99 98 97 98 98 98 99 97 101 91 86 93 78 61 38 25 24 25 30 32 34 35 36 32 23 22 31 36 39 33 29 42 45 45 40 37 48 51 46 46 49 56 60 52 58 57 66 65 65 65 65
-9999 -9999 -9999 -9999 -9999 -9999 -9999 -9999 -9999 -9999 -9999 -9999 -9999 -9999 61 -9999 -9999 63 65 66 67 69 71 74 76 80 83 83 92 79 88 75 107 107 107 106 106 104 103 102 101 101 101 102 103 105 105 106 104 107 107 109 90 54 44 39 30 27 33 34 35 29 28 22 21 23 25 30 33 26 36 45 47 42 39 50 48 44 42 43 47 60 61 62 64 66 67 68 69 67
-9999 -9999 -9999 -9999 -9999 -9999 -9999 -9999 -9999 -9999 -9999 -9999 -9999 -9999 -9999 63 64 64 66 67 69 71 73 71 63 81 85 74 71 73 82 99 106 106 107 107 106 106 106 105 104 103 104 105 105 108 109 110 111 112 114 112 110 69 79 73 62 31 27 27 29 34 25 21 21 21 24 25 25 30 34 38 47 48 50 35 36 38 39 45 49 50 57 63 64 62 61 68 62 57
-9999 -9999 -9999 -9999 -9999 -9999 -9999 -9999 -9999 -9999 -9999 -9999 -9999 -9999 63 63 65 65 67 68 70 71 73 76 62 56 63 65 74 92 98 102 105 106 106 104 107 107 107 107 107 106 106 107 109 111 113 114 115 116 118 119 116 111 82 81 54 36 26 28 29 29 37 36 35 22 22 22 24 23 24 32 38 49 45 42 42 41 51 48 45 51 51 55 59 65 61 64 68 58
-9999 -9999 -9999 -9999 -9999 -9999 -9999 -9999 -9999 -9999 -9999 63 62 47 62 63 65 66 67 69 70 71 74 76 79 65 47 59 70 72 88 101 103 105 105 101 106 108 108 109 108 109 110 110 112 114 116 115 119 121 123 125 126 124 79 54 34 41 36 39 30 28 33 37 39 21 21 20 20 20 20 23 33 44 47 44 52 54 50 56 58 59 58 60 58 61 66 67 55 56
-9999 -9999 -9999 -9999 -9999 -9999 -9999 -9999 -9999 -9999 55 52 52 49 60 65 65 67 68 69 70 72 75 77 80 59 54 49 50 59 90 100 102 103 101 88 107 108 109 109 105 110 108 113 115 116 120 121 121 122 127 128 130 128 120 100 74 86 58 41 29 28 31 31 38 21 20 20 22 20 20 38 39 39 50 51 43 51 54 40 36 57 52 55 59 48 65 66 59 51
-9999 -9999 -9999 -9999 -9999 -9999 -9999 -9999 -9999 -9999 44 61 63 -9999 -9999 65 66 68 69 70 71 73 75 77 75 62 37 50 60 51 68 99 101 101 93 87 107 107 109 110 112 94 77 112 119 119 121 125 127 130 131 131 133 135 140 142 117 86 46 35 35 32 31 29 36 30 19 19 20 19 27 23 34 25 39 40 40 46 33 29 25 41 29 29 29 29 34 43 44 44
-9999 -9999 -9999 -9999 -9999 -9999 -9999 -9999 -9999 62 50 58 63 -9999 65 66 67 68 69 70 71 73 75 76 73 60 49 57 71 63 94 97 99 102 82 85 101 108 109 111 113 106 86 119 121 124 124 117 131 133 132 137 141 143 145 145 145 115 82 54 49 35 50 29 35 39 39 24 20 19 19 19 25 22 22 24 24 34 25 20 22 35 18 18 20 22 18 19 24 29
-9999 -9999 -9999 -9999 -9999 -9999 -9999 -9999 -9999 -9999 63 63 -9999 65 65 55 55 63 69 70 72 73 75 78 60 51 41 44 59 70 92 96 99 100 66 74 83 92 108 110 105 115 74 120 121 124 128 132 134 135 130 137 144 147 148 151 152 153 146 113 72 49 39 35 30 35 36 40 42 28 19 19 19 19 18 18 18 22 19 17 17 19 17 17 19 21 17 16 16 18
-9999 -9999 -9999 -9999 -9999 -9999 -9999 -9999 -9999 -9999 -9999 -9999 -9999 65 65 59 46 48 56 63 71 74 74 61 47 45 52 57 62 90 93 90 97 99 83 70 59 107 110 112 88 115 106 121 124 125 130 134 137 137 125 113 123 124 152 154 157 156 149 118 79 58 40 37 36 30 31 32 37 42 31 22 20 18 19 19 18 18 17 18 17 17 17 21 29 20 18 27 21 19
-9999 -9999 -9999 -9999 -9999 -9999 -9999 -9999 -9999 -9999 60 65 65 66 66 50 35 40 56 65 66 57 63 50 42 59 72 84 86 89 73 72 96 98 94 65 51 76 80 70 89 98 97 104 120 99 97 111 138 131 142 100 96 99 154 155 158 155 157 154 130 93 55 36 35 33 35 32 33 37 42 43 44 32 21 19 22 25 24 38 26 17 25 54 49 59 56 48 38 30
-9999 -9999 -9999 -9999 -9999 -9999 -9999 -9999 -9999 -9999 48 47 53 58 64 67 31 32 47 41 61 40 49 53 54 77 79 83 83 87 66 56 71 96 99 86 79 58 70 77 80 77 69 95 103 84 79 89 102 112 106 101 152 155 139 158 157 129 120 151 153 101 70 68 40 35 46 38 34 33 34 40 44 44 41 41 42 46 42 47 32 23 28 51 53 50 53 54 19 21
-9999 -9999 -9999 -9999 -9999 -9999 -9999 -9999 -9999 -9999 63 62 65 66 67 61 51 30 42 30 39 31 35 50 64 70 79 72 63 84 70 56 93 96 98 100 103 67 69 78 84 99 68 80 78 60 89 77 87 90 102 101 155 101 90 94 87 96 102 146 155 153 108 81 71 49 59 40 35 33 33 36 37 41 37 37 42 41 38 50 27 24 29 55 52 43 53 35 18 19
-9999 -9999 -9999 -9999 -9999 -9999 -9999 -9999 -9999 -9999 65 65 65 64 65 66 41 29 27 22 24 30 37 47 61 50 66 77 57 75 67 57 91 94 97 99 82 78 74 81 96 116 97 82 78 79 75 109 85 92 104 151 156 71 74 85 76 84 148 147 155 153 151 146 112 112 79 41 34 33 34 35 34 35 35 36 39 42 36 48 39 51 33 54 54 40 56 28 17 17
-9999 -9999 -9999 -9999 -9999 -9999 -9999 -9999 -9999 -9999 66 58 53 46 54 63 66 45 31 20 24 32 43 59 47 34 59 72 58 75 59 58 74 93 89 88 88 84 105 99 96 -9999 -9999 -9999 110 129 80 138 142 101 111 154 156 90 64 68 58 58 70 91 120 154 120 115 134 133 97 64 36 35 35 34 35 42 37 37 43 37 40 38 50 51 45 52 52 39 41 55 15 17
-9999 -9999 -9999 -9999 -9999 -9999 -9999 -9999 -9999 65 66 54 48 41 37 45 58 53 36 24 20 25 51 47 32 44 56 62 64 67 65 73 72 78 80 80 88 96 -9999 -9999 -9999 -9999 -9999 -9999 -9999 -9999 134 134 138 143 145 153 155 104 48 47 48 51 63 94 112 127 137 111 107 136 131 94 67 52 40 35 38 68 63 38 54 39 37 37 38 39 39 40 50 39 41 46 37 20
-9999 -9999 -9999 -9999 -9999 -9999 -9999 -9999 -9999 66 66 66 64 45 41 36 37 36 43 41 22 31 32 25 25 31 33 53 61 -9999 -9999 -9999 -9999 -9999 88 83 98 -9999 -9999 -9999 -9999 -9999 -9999 -9999 -9999 -9999 -9999 136 139 131 131 149 151 69 41 44 41 42 44 66 98 135 136 135 105 105 133 120 101 74 66 46 51 73 52 58 62 75 51 44 43 39 38 49 43 48 43 40 51 22
-9999 -9999 -9999 -9999 -9999 -9999 -9999 -9999 -9999 65 67 65 64 64 52 47 34 49 54 53 28 22 23 33 30 29 34 51 74 -9999 -9999 -9999 -9999 -9999 -9999 -9999 -9999 -9999 -9999 -9999 -9999 -9999 -9999 -9999 -9999 -9999 -9999 133 138 106 87 148 125 77 40 36 33 36 37 43 126 134 113 136 135 134 131 125 122 112 86 70 71 73 61 59 62 61 61 44 44 44 42 55 63 61 41 40 45 53
-9999 -9999 -9999 -9999 -9999 -9999 -9999 -9999 -9999 63 64 66 63 58 58 36 38 53 54 51 39 31 37 57 68 57 63 62 76 -9999 -9999 -9999 -9999 -9999 -9999 -9999 -9999 -9999 -9999 -9999 -9999 -9999 -9999 -9999 -9999 -9999 -9999 131 121 71 77 132 98 65 35 33 33 36 39 47 102 132 115 131 133 129 93 74 120 116 104 91 88 100 74 71 62 75 96 53 58 45 51 48 69 56 41 40 41 41
-9999 -9999 -9999 -9999 -9999 -9999 -9999 -9999 68 62 63 66 65 59 36 33 44 53 54 55 36 48 38 39 59 69 70 59 68 -9999 79 -9999 -9999 -9999 -9999 -9999 -9999 -9999 -9999 -9999 -9999 -9999 -9999 -9999 -9999 -9999 -9999 -9999 92 118 124 129 71 39 33 37 55 59 98 122 127 71 105 132 114 124 79 74 71 89 103 112 121 115 98 78 62 66 101 93 85 91 75 69 63 54 41 53 52 43
-9999 -9999 68 62 60 63 65 65 58 52 56 57 64 60 60 45 33 50 54 55 39 59 59 47 61 68 69 70 72 75 77 -9999 -9999 -9999 -9999 -9999 -9999 -9999 -9999 -9999 -9999 -9999 -9999 -9999 -9999 -9999 -9999 -9999 98 92 88 122 84 34 31 37 41 53 65 118 79 70 79 129 99 80 55 61 68 67 93 119 119 115 115 111 103 103 101 95 100 93 65 67 64 71 62 68 60 53
-9999 -9999 58 57 63 61 64 62 59 52 44 48 55 60 57 48 33 37 50 54 54 51 63 67 67 60 68 69 71 74 77 79 -9999 -9999 -9999 -9999 -9999 -9999 -9999 -9999 -9999 -9999 -9999 -9999 -9999 -9999 -9999 -9999 131 97 85 78 82 55 48 51 46 37 57 103 88 71 73 83 64 53 47 56 66 66 71 123 120 117 114 112 110 107 103 102 100 86 64 72 71 72 86 60 56 56
-9999 54 56 54 54 57 59 63 60 55 43 36 45 54 48 40 31 31 49 51 54 50 61 66 68 68 69 70 72 74 76 78 81 83 -9999 -9999 -9999 -9999 -9999 -9999 -9999 -9999 -9999 -9999 -9999 -9999 -9999 -9999 -9999 -9999 -9999 69 71 115 59 85 94 45 84 104 93 98 101 71 78 59 39 44 53 66 66 89 118 115 113 110 108 106 104 101 100 97 96 86 94 85 93 74 65 59
-9999 65 59 54 55 54 54 58 58 55 51 42 34 33 31 33 29 28 42 50 55 39 61 66 68 69 70 71 72 74 75 78 80 82 -9999 -9999 -9999 -9999 -9999 -9999 -9999 -9999 -9999 -9999 -9999 -9999 -9999 -9999 -9999 -9999 -9999 108 133 136 96 139 133 81 39 65 69 82 93 101 99 61 42 45 42 87 112 118 116 86 98 108 106 104 102 100 99 98 98 99 99 98 96 93 86 73
-9999 71 64 63 59 52 53 52 52 50 51 49 46 32 24 28 27 23 28 42 52 40 47 55 67 69 71 72 73 74 75 77 79 81 84 -9999 -9999 -9999 -9999 -9999 -9999 -9999 -9999 -9999 -9999 -9999 -9999 -9999 -9999 -9999 -9999 -9999 -9999 -9999 -9999 -9999 -9999 80 53 79 56 72 84 84 142 113 48 45 52 53 60 116 67 79 98 90 97 102 100 99 98 97 97 98 98 98 98 98 98 97
-9999 60 61 61 58 61 52 51 50 51 50 49 46 42 29 24 34 28 28 33 50 48 41 61 65 68 71 71 73 74 75 77 79 81 83 -9999 -9999 -9999 -9999 -9999 -9999 -9999 -9999 -9999 -9999 -9999 -9999 -9999 -9999 -9999 -9999 -9999 -9999 -9999 -9999 -9999 -9999 93 83 133 80 56 78 116 141 139 99 43 44 60 90 67 60 62 75 70 100 99 96 95 95 95 95 96 96 96 97 98 98 98
55 55 56 53 54 52 57 56 48 50 49 49 47 45 41 39 30 35 35 31 36 51 57 60 69 69 70 71 73 74 75 76 78 80 83 -9999 -9999 -9999 -9999 -9999 -9999 -9999 -9999 -9999 -9999 -9999 -9999 -9999 -9999 -9999 -9999 -9999 -9999 -9999 -9999 -9999 -9999 -9999 106 -9999 -9999 67 121 132 139 136 -9999 100 40 44 60 80 50 54 62 73 90 90 93 92 92 92 93 94 94 96 96 97 98 99
54 53 53 53 54 53 52 56 57 55 50 50 56 52 43 35 29 33 40 35 30 36 44 59 59 65 68 72 72 74 74 75 77 79 82 -9999 -9999 -9999 -9999 -9999 -9999 -9999 -9999 -9999 -9999 -9999 -9999 -9999 -9999 -9999 -9999 -9999 -9999 -9999 -9999 -9999 -9999 -9999 -9999 -9999 -9999 -9999 -9999 99 85 133 -9999 -9999 100 60 64 56 55 48 48 62 73 83 91 89 89 89 90 90 92 93 94 96 97 99
55 50 53 53 51 51 53 57 56 56 53 53 49 49 48 42 36 38 36 43 36 36 40 47 54 64 67 70 72 73 74 74 77 79 81 84 -9999 -9999 -9999 -9999 -9999 -9999 -9999 -9999 -9999 -9999 -9999 -9999 -9999 -9999 -9999 -9999 -9999 -9999 -9999 -9999 -9999 -9999 -9999 -9999 -9999 -9999 -9999 -9999 -9999 -9999 128 -9999 -9999 117 62 44 49 45 44 53 67 76 86 86 85 85 86 87 89 90 92 94 95 96
59 53 50 51 50 49 61 53 54 54 54 57 53 48 43 54 46 43 36 44 39 43 45 54 56 60 64 71 72 72 72 74 77 79 81 84 86 -9999 -9999 -9999 -9999 -9999 -9999 -9999 -9999 -9999 -9999 -9999 -9999 -9999 -9999 -9999 -9999 -9999 -9999 -9999 -9999 -9999 -9999 -9999 -9999 -9999 -9999 -9999 -9999 128 124 -9999 -9999 -9999 85 55 46 57 58 65 66 75 82 82 82 83 84 84 86 88 90 91 92 93
57 53 52 53 55 58 58 57 56 52 59 58 55 47 45 46 44 42 45 39 44 49 51 59 63 62 66 71 65 67 71 74 77 78 81 83 86 88 -9999 -9999 -9999 -9999 -9999 -9999 -9999 -9999 -9999 -9999 -9999 -9999 -9999 -9999 -9999 -9999 -9999 -9999 -9999 -9999 -9999 -9999 -9999 -9999 -9999 -9999 -9999 -9999 83 117 -9999 -9999 -9999 102 99 84 88 86 63 66 78 76 78 79 80 82 83 85 86 88 89 91
57 54 55 55 56 66 66 66 62 61 57 60 59 56 48 45 44 42 45 48 54 53 58 54 59 66 66 67 60 62 71 72 76 78 80 82 85 87 90 -9999 -9999 -9999 -9999 -9999 -9999 -9999 -9999 -9999 -9999 -9999 -9999 -9999 -9999 -9999 -9999 -9999 -9999 -9999 -9999 -9999 -9999 -9999 -9999 -9999 -9999 -9999 88 95 -9999 -9999 -9999 -9999 96 92 87 84 81 78 76 75 73 76 77 79 80 81 83 85 85 87
61 58 57 59 66 66 66 66 66 63 65 65 64 60 54 52 47 44 44 48 50 57 59 57 60 58 66 65 51 61 70 70 76 77 78 81 83 86 89 91 -9999 -9999 -9999 -9999 -9999 -9999 -9999 -9999 -9999 -9999 -9999 -9999 -9999 -9999 -9999 -9999 -9999 -9999 -9999 -9999 -9999 -9999 -9999 -9999 -9999 -9999 -9999 111 -9999 -9999 101 92 90 90 83 78 68 67 74 74 73 74 75 76 77 79 80 82 83 84
-9999 -9999 -9999 66 66 66 66 66 66 65 65 66 66 66 58 52 49 50 49 54 55 56 59 61 58 62 57 64 62 62 61 69 69 67 74 79 82 85 87 90 90 94 -9999 -9999 -9999 -9999 -9999 -9999 -9999 -9999 -9999 -9999 -9999 -9999 -9999 -9999 -9999 -9999 -9999 -9999 -9999 -9999 -9999 -9999 -9999 -9999 -9999 108 -9999 102 84 87 91 87 80 78 63 68 73 72 71 72 72 73 74 76 77 78 80 81
-9999 -9999 -9999 -9999 65 65 65 66 66 65 66 65 66 66 66 67 58 55 54 57 57 57 61 60 59 59 63 58 58 55 64 58 59 65 70 75 78 84 86 88 89 91 95 96 99 101 104 -9999 -9999 -9999 -9999 -9999 -9999 -9999 -9999 -9999 -9999 -9999 -9999 -9999 -9999 -9999 -9999 -9999 -9999 -9999 -9999 -9999 102 89 70 85 88 78 77 75 68 69 71 70 69 70 69 71 72 73 74 75 76 77
-9999 -9999 -9999 -9999 -9999 65 65 65 65 65 65 65 65 66 67 67 67 65 64 63 64 63 62 62 58 59 63 58 49 44 53 61 64 65 70 68 74 79 84 87 89 91 93 95 97 98 100 102 -9999 -9999 -9999 -9999 -9999 -9999 -9999 -9999 -9999 -9999 -9999 -9999 -9999 -9999 -9999 -9999 -9999 -9999 -9999 -9999 -9999 96 91 84 86 74 76 76 73 71 69 69 67 68 69 69 70 71 71 72 73 74
-9999 -9999 -9999 -9999 -9999 -9999 65 65 65 65 65 65 66 67 68 67 66 66 67 66 67 67 64 62 57 53 60 58 55 45 51 49 51 63 63 71 74 77 80 84 87 90 92 93 95 97 99 101 102 -9999 -9999 -9999 -9999 -9999 -9999 -9999 -9999 -9999 -9999 -9999 -9999 -9999 -9999 -9999 -9999 -9999 -9999 -9999 -9999 -9999 89 87 84 81 79 77 74 69 70 68 67 67 67 67 68 68 69 70 70 71
