worldclim/bio12_cr.asc
ncols        411
nrows        382
xllcorner    -85.979072453958
yllcorner    8.036441368777
cellsize     0.008333330000
NODATA_value  -9999
[rows 108 to 143 of 382, columns 243 to 323 of 411]
4064 4077 4085 4092 4095 4091 4090 4100 4099 4100 4092 4088 4088 4088 4085 4105 4086 4089 4094 4063 4063 4050 4038 4013 3990 4004 3962 3942 3932 3911 3894 3881 3874 3866 3856 3851 3853 3847 3845 3850 3852 3852 3848 3852 3859 3871 3866 3869 3873 3879 3884 3890 3893 3895 3900 3902 3902 3937 3912 3927 3926 3925 3922 3924 3925 3926 3923 3921 3917 3896 3892 -9999 -9999 -9999 -9999 -9999 -9999 -9999 -9999 -9999 -9999
4078 4088 4094 4095 4083 4086 4089 4085 4088 4095 4089 4074 4071 4075 4085 4076 4077 4081 4070 4075 4057 4037 4022 4003 3977 3963 3930 3920 3896 3877 3860 3847 3843 3846 3822 3816 3814 3814 3816 3821 3819 3816 3816 3820 3823 3834 3842 3843 3845 3849 3855 3858 3864 3871 3874 3879 3900 3897 3903 3904 3906 3899 3900 3902 3903 3902 3886 3878 3878 3865 3878 3857 -9999 -9999 -9999 -9999 -9999 -9999 -9999 -9999 -9999
4083 4100 4100 4094 4089 4095 4081 4100 4097 4086 4079 4066 4081 4069 4070 4071 4077 4069 4057 4059 4044 4041 4010 3981 3952 3931 3914 3878 3862 3848 3826 3809 3795 3789 3783 3777 3774 3779 3779 3780 3780 3782 3782 3790 3796 3795 3804 3814 3818 3827 3829 3839 3836 3840 3848 3855 3873 3872 3878 3874 3876 3874 3881 3880 3883 3873 3862 3857 3851 3846 3838 3832 3824 -9999 -9999 -9999 -9999 -9999 -9999 -9999 -9999
4092 4101 4099 4094 4094 4095 4092 4086 4082 4080 4070 4066 4088 4056 4065 4057 4067 4059 4058 4046 4036 4045 3989 3961 3946 3920 3896 3860 3841 3821 3797 3774 3764 3764 3747 3740 3739 3740 3741 3744 3747 3748 3751 3758 3763 3770 3776 3786 3789 3796 3799 3808 3814 3812 3818 3822 3828 3846 3833 3835 3840 3846 3843 3844 3848 3846 3854 3853 3844 3839 3821 3817 3810 3797 -9999 -9999 -9999 -9999 -9999 -9999 -9999
4103 4098 4110 4103 4078 4098 4085 4079 4081 4079 4069 4063 4065 4063 4082 4063 4063 4053 4054 4042 4030 4021 3997 3961 3925 3907 3865 3846 3828 3796 3771 3742 3728 3717 3710 3708 3706 3702 3704 3706 3712 3718 3719 3741 3730 3740 3749 3754 3762 3766 3776 3781 3784 3790 3816 3801 3805 3831 3828 3821 3823 3827 3828 3821 3838 3834 3838 3814 3804 3803 3790 3802 3794 3779 3768 -9999 -9999 -9999 -9999 -9999 -9999
4116 4109 4113 4095 4091 4082 4075 4080 4078 4073 4070 4051 4057 4067 4065 4071 4055 4047 4047 4039 4024 4003 3988 3950 3933 3885 3855 3835 3801 3768 3741 3717 3700 3688 3683 3673 3674 3673 3672 3678 3683 3686 3693 3698 3704 3712 3720 3727 3737 3744 3750 3754 3758 3762 3789 3776 3778 3807 3810 3807 3808 3801 3805 3819 3814 3815 3802 3788 3784 3780 3777 3779 3772 3766 3757 3733 -9999 -9999 -9999 -9999 -9999
4115 4124 4106 4099 4073 4074 4068 4074 4084 4075 4066 4051 4056 4064 4063 4077 4078 4070 4073 4080 4069 4023 3994 3943 3930 3889 3857 3825 3778 3745 3717 3681 3674 3654 3646 3640 3637 3640 3645 3646 3654 3660 3665 3665 3677 3689 3703 3704 3710 3716 3726 3734 3738 3741 3748 3752 3755 3776 3793 3780 3770 3788 3794 3796 3796 3772 3769 3766 3763 3759 3749 3759 3749 3741 3718 3723 -9999 -9999 -9999 -9999 -9999
4104 4104 4098 4080 4068 4081 4090 4101 4094 4070 4058 4051 4068 4068 4085 4103 4103 4098 4095 4111 4092 4032 4009 3986 3937 3896 3868 3819 3766 3732 3690 3663 3637 3623 3610 3605 3609 3609 3616 3621 3626 3630 3635 3640 3651 3661 3672 3680 3686 3695 3699 3708 3715 3724 3724 3733 3735 3743 3744 3746 3751 3757 3771 3769 3774 3751 3768 3764 3743 3739 3729 3736 3726 3717 3703 3679 3684 -9999 -9999 -9999 -9999
4107 4097 4078 4066 4069 4072 4084 4088 4077 4079 4066 4059 4063 4092 4101 4116 4117 4130 4122 4126 4123 4088 4057 3990 3972 3907 3891 3830 3775 3725 3687 3637 3611 3588 3579 3577 3576 3580 3587 3593 3600 3609 3618 3631 3625 3639 3646 3659 3666 3672 3676 3686 3692 3696 3698 3707 3712 3721 3722 3721 3739 3740 3735 3756 3729 3742 3726 3725 3724 3717 3710 3717 3707 3696 3688 3678 3641 3644 -9999 -9999 -9999
4103 4058 4041 4060 4069 4064 4075 4076 4077 4062 4072 4065 4065 4111 4115 4170 4170 4157 4196 4152 4172 4147 4059 4021 3980 3985 3914 3861 3788 3728 3687 3628 3584 3554 3547 3544 3547 3554 3559 3567 3576 3587 3593 3598 3607 3636 3626 3646 3647 3650 3655 3661 3673 3676 3684 3684 3694 3696 3696 3701 3700 3704 3705 3718 3708 3707 3707 3706 3703 3696 3687 3679 3665 3678 3666 3656 3632 3622 3615 -9999 -9999
4065 4070 4049 4060 4082 4071 4071 4070 4071 4056 4083 4087 4111 4129 4149 4198 4203 4220 4227 4198 4202 4200 4144 4151 4044 4013 3972 3928 3817 3757 3701 3617 3555 3526 3514 3513 3518 3529 3540 3551 3552 3565 3575 3584 3596 3623 3641 3642 3622 3630 3638 3642 3643 3658 3678 3668 3675 3674 3677 3681 3680 3683 3682 3684 3685 3686 3689 3687 3685 3682 3669 3660 3645 3628 3617 3624 3594 3580 3589 3560 -9999
4047 4049 4049 4060 4065 4069 4086 4061 4067 4070 4090 4119 4134 4135 4186 4229 4241 4259 4271 4279 4274 4263 4223 4191 4143 4080 4068 4050 3880 3812 3728 3636 3557 3496 3482 3490 3499 3513 3525 3525 3534 3548 3565 3567 3596 3607 3634 3615 3621 3617 3612 3622 3622 3639 3650 3671 3649 3650 3655 3654 3658 3657 3659 3659 3661 3661 3665 3666 3664 3662 3655 3638 3626 3603 3584 3577 3558 3553 3561 3558 3529
3932 4035 4049 4052 4048 4054 4052 4045 4050 4079 4123 4126 4151 4180 4194 4229 4253 4271 4283 4292 4294 4299 4292 4259 4199 4165 4084 4017 3955 3902 3773 3672 3529 3478 3454 3464 3480 3495 3506 3514 3532 3543 3553 3564 3576 3586 3603 3589 3604 3598 3611 3607 3612 3619 3631 3624 3629 3628 3629 3631 3628 3632 3635 3631 3635 3633 3640 3645 3647 3645 3634 3618 3599 3581 3560 3544 3530 3519 3507 3521 3514
3951 3993 4020 4037 4029 4038 4039 4057 4122 4133 4137 4170 4186 4200 4213 4226 4240 4254 4263 4274 4284 4284 4286 4275 4239 4200 4185 4140 4024 3926 3783 3658 3563 3522 3449 3452 3469 3483 3497 3509 3530 3544 3547 3559 3571 3562 3564 3574 3584 3588 3592 3588 3604 3600 3597 3603 3605 3602 3604 3600 3600 3597 3598 3602 3606 3608 3614 3620 3624 3629 3613 3591 3564 3548 3524 3510 3498 3480 3472 3488 3480
3854 3937 3987 4001 3977 4009 4030 4070 4088 4107 4121 4143 4156 4173 4182 4201 4214 4229 4238 4250 4258 4268 4273 4270 4250 4292 4267 4197 4185 4053 3832 3733 3685 3639 3533 3486 3469 3479 3492 3514 3528 3542 3561 3566 3542 3559 3554 3560 3576 3573 3577 3576 3579 3579 3573 3575 3578 3576 3576 3572 3573 3568 3572 3571 3574 3581 3589 3591 3591 3598 3580 3552 3530 3508 3490 3474 3458 3442 3465 3456 3445
3853 3930 3959 3766 3852 3916 3990 4032 4028 4050 4095 4113 4124 4139 4154 4168 4181 4191 4206 4217 4230 4243 4249 4258 4252 4267 4277 4273 4279 4223 3960 3828 3839 3737 3666 3585 3587 3500 3512 3550 3570 3576 3571 3578 3548 3565 3582 3569 3569 3577 3572 3559 3563 3554 3543 3555 3547 3546 3543 3545 3544 3534 3540 3544 3545 3554 3558 3555 3554 3549 3533 3509 3505 3466 3445 3434 3428 3421 3425 3421 3418
3855 3882 3720 3785 3814 3884 3997 3979 4010 4017 4061 4080 4087 4098 4108 4120 4134 4143 4162 4172 4191 4194 4209 4226 4208 4222 4254 4258 4265 4255 4133 4014 3988 3880 3759 3819 3749 3669 3562 3594 3613 3597 3581 3562 3580 3562 3576 3588 3585 3575 3538 3568 3550 3525 3515 3521 3515 3511 3509 3513 3507 3504 3513 3517 3519 3521 3519 3518 3513 3503 3487 3461 3451 3421 3409 3392 3383 3380 3390 3389 3386
3767 3861 3696 3737 3753 3750 3951 3867 3754 3902 3980 4038 4038 4035 4038 4060 4082 4098 4066 4074 4105 4126 4157 4158 4134 4160 4226 4230 4241 4250 4175 4069 4065 3935 3872 3903 3898 3803 3710 3664 3661 3641 3581 3624 3605 3604 3597 3600 3589 3567 3562 3553 3505 3491 3497 3489 3481 3478 3479 3475 3473 3477 3476 3485 3489 3487 3482 3476 3471 3456 3436 3417 3415 3374 3389 3348 3338 3348 3337 3354 3354
3733 3690 3620 3616 3668 3665 3720 3613 3581 3542 3812 3895 3963 3985 3982 3980 3998 4019 3965 4029 4033 4016 4047 4061 4061 4084 4170 4169 4197 4227 4232 4237 4075 4035 3991 4004 4000 3919 3853 3758 3712 3675 3672 3680 3649 3625 3630 3613 3599 3598 3568 3532 3508 3503 3475 3459 3446 3441 3439 3438 3442 3446 3451 3456 3483 3452 3450 3439 3433 3415 3404 3406 3353 3331 3313 3304 3308 3321 3318 3310 3326
3703 3634 3401 3435 3432 3781 3462 3381 3328 3281 3400 3592 3721 3895 3894 3885 3896 3934 3868 3881 3922 3899 3916 3914 3931 4002 4061 4077 4119 4172 4170 4174 4218 4185 4150 4113 4080 4026 3909 3849 3778 3765 3761 3720 3702 3684 3654 3637 3632 3608 3576 3550 3523 3481 3458 3431 3415 3409 3405 3404 3409 3415 3424 3430 3446 3451 3422 3413 3398 3382 3360 3333 3307 3282 3269 3264 3263 3293 3299 3294 3303
3654 3127 3153 3210 3269 3585 3220 3243 3146 3042 3133 3297 3410 3602 3730 3757 3779 3857 3790 3682 3751 3752 3753 3789 3832 3867 3932 3826 3967 4087 4021 4138 4196 4208 4205 4166 4077 4030 3951 3986 3853 3843 3837 3797 3752 3750 3705 3693 3658 3652 3614 3579 3527 3490 3444 3406 3385 3377 3374 3377 3384 3388 3399 3432 3422 3410 3391 3383 3365 3352 3327 3297 3265 3239 3221 3225 3266 3237 3242 3246 3273
3413 3028 2958 3021 3061 3514 3137 3154 2870 2797 2826 2913 3138 3298 3630 3653 3651 3771 3651 3529 3562 3551 3685 3655 3652 3704 3729 3723 3881 3850 3951 4024 4124 4132 4194 4205 4168 4081 4026 3982 3917 3932 3921 3838 3798 3782 3742 3706 3702 3682 3662 3592 3541 3504 3444 3395 3358 3352 3349 3353 3360 3367 3377 3415 3386 3383 3374 3362 3346 3343 3300 3274 3241 3212 3194 3193 3200 3209 3213 3222 3230
3224 3271 2959 2703 2830 2933 3144 2807 2741 2705 2726 2763 2838 3419 3264 3507 3500 3594 3539 3425 3355 3379 3415 3337 3539 3557 3584 3606 3697 3700 3901 3948 3988 4044 4125 4179 4167 4082 4040 4071 4044 4008 3982 3931 3884 3851 3757 3736 3714 3701 3681 3630 3575 3513 3449 3396 3352 3333 3329 3330 3337 3346 3357 3373 3366 3363 3349 3337 3326 3303 3279 3249 3222 3199 3183 3179 3182 3188 3194 3211 3207
2750 3100 2901 2636 2661 2755 3108 2736 2647 2660 2679 2732 2842 2902 3064 3430 3397 3370 3307 3329 3249 3313 3224 3238 3327 3399 3393 3396 3481 3542 3655 3726 3817 3952 4052 4162 4173 4160 4162 4090 4038 4036 4008 3990 3934 3864 3808 3767 3738 3715 3698 3653 3588 3537 3448 3391 3354 3325 3313 3308 3320 3323 3336 3347 3375 3377 3339 3324 3304 3277 3259 3237 3212 3189 3177 3171 3166 3171 3177 3186 3194
2525 3096 3000 2651 2546 2561 2764 2925 2610 2648 2660 2673 2695 2718 2792 3126 3275 3104 3150 3197 3117 3159 3093 3059 3077 3187 3145 3119 3243 3403 3503 3575 3655 3813 3964 4056 4110 4128 4169 4112 4147 4097 4038 3996 3946 3874 3851 3797 3769 3729 3670 3652 3617 3554 3451 3387 3343 3308 3292 3293 3300 3312 3325 3355 3351 3364 3336 3321 3310 3278 3251 3225 3203 3179 3172 3164 3157 3157 3162 3182 3206
2474 3047 2626 2610 2548 2548 2924 2625 2665 2691 2658 2722 2681 2706 3075 2853 3051 3101 2908 2939 2975 2926 2907 2930 2950 2971 2998 3032 3036 3247 3370 3435 3516 3572 3783 3815 3919 4122 4148 4161 4166 4134 4100 4043 4005 3920 3849 3827 3796 3708 3699 3650 3612 3528 3437 3397 3371 3319 3312 3274 3292 3315 3388 3405 3431 3445 3415 3320 3301 3268 3235 3217 3189 3174 3164 3158 3147 3148 3156 3161 3160
2452 2538 2539 2514 2549 2809 2514 2532 2758 2797 2784 2734 2689 2666 2692 2719 2810 2951 2823 2828 2837 2857 2903 2943 2993 2988 3043 3069 3070 3038 3057 3135 3404 3507 3618 3613 3807 3987 4058 4094 4114 4155 4134 4141 4051 3990 3954 3911 3693 3874 3834 3747 3630 3539 3473 3420 3573 3633 3747 3724 3514 3623 3426 3462 3437 3418 3405 3372 3298 3258 3225 3206 3182 3164 3156 3142 3136 3135 3138 3146 3152
2457 2596 2500 2693 2779 2826 2860 2714 2523 2822 2879 2828 2799 2638 2747 2703 2828 2743 2793 2801 2859 2891 2919 2944 2972 3069 3129 3077 3088 3112 3138 3149 3077 3347 3467 3481 3576 3740 3928 3890 4000 4110 4142 4146 4106 3757 3711 4022 3974 3917 4029 3974 3812 3682 3641 3665 3957 3921 3889 3991 4005 3956 3727 3587 3486 3473 3412 3363 3306 3248 3227 3196 3175 3160 3146 3128 3127 3129 3134 3140 3147
2369 2703 2456 2404 2846 2845 2858 2804 2532 2854 2961 2944 2822 2896 2813 2662 2710 2744 2771 2802 2844 2902 2915 2926 2985 3197 3258 3256 3303 3324 3297 3172 3135 3211 3306 3419 3467 3502 3600 3721 3864 4001 4082 4112 4136 3997 4004 3964 4043 4148 4152 4139 4095 3916 3510 3872 4081 4035 4095 4065 3921 3908 3831 3701 3483 3457 3449 3382 3299 3234 3214 3198 3170 3146 3131 3121 3120 3122 3128 3134 3139
2572 2785 2659 2379 2385 2859 2905 2919 2987 2926 3000 2987 2978 2915 2755 2656 2804 2885 2901 2961 2975 2977 3085 3166 3200 3147 3185 3034 3207 3329 3355 3358 3142 3100 3160 3142 3366 3448 3467 3487 3696 3849 4011 4080 3815 4123 4107 4075 4130 4129 4030 4066 4136 4062 3793 4006 4077 4108 4084 3951 3946 3947 3924 3776 3592 3792 3858 3559 3396 3227 3217 3191 3167 3144 3129 3109 3115 3124 3125 3128 3136
2334 2778 2796 2814 2525 2522 2457 2865 2984 2997 2972 2929 2992 2799 2619 2637 2667 3014 3046 3062 3079 3119 3017 3142 3142 3221 3076 3183 3308 3306 3311 3172 3183 3152 3068 3121 3156 3177 3436 3576 3645 3758 4071 3779 3750 4089 3943 4001 4019 4021 3831 3721 3975 3944 3550 3563 4083 4084 3945 4066 4066 3965 4016 3815 3636 3928 3916 3869 3636 3242 3219 3189 3162 3146 3127 3120 3117 3115 3118 3127 3133
2300 2451 2768 2814 2840 2840 2569 2544 2733 2900 2870 2836 2942 2968 2674 2613 2650 3011 3017 3026 3085 3007 2799 2837 3129 3221 2929 3177 3311 3323 3310 3207 3176 3171 3076 3100 3103 3379 3590 3812 3844 4028 4000 3833 3978 4090 3807 3793 3882 3859 3843 3918 4035 3957 3779 3587 3925 4071 4002 4049 3912 4016 4024 3946 3779 3903 3834 3699 3505 3249 3331 3182 3162 3140 3129 3122 3122 3124 3123 3128 3136
2623 2638 2637 2667 2963 2950 2758 2819 2772 2938 2838 2690 2767 2799 2934 2735 2622 2991 2679 2698 2817 2444 2392 2417 2895 3225 2869 2849 3181 3354 3341 3171 3180 3173 3043 3056 3143 3377 3368 3753 4048 4031 3920 3936 4069 4070 3959 3779 3523 3695 3967 4076 4049 3883 3811 3659 3874 4072 4061 4047 3940 4015 4004 3822 3932 3976 3878 3656 3371 3372 3392 3176 3159 3143 3131 3130 3124 3127 3127 3130 3136
2674 2698 2964 2645 2910 2762 2937 2921 2689 2902 2852 2483 2567 2592 2483 2937 2879 2633 2970 2356 2333 2391 2353 2402 2761 2929 2750 2604 2972 3323 3358 3301 3173 2994 3253 3329 3357 3336 3749 3953 3988 3820 3825 3995 3991 3838 3519 3549 3514 3913 3739 3709 3901 3990 3693 3567 3886 4044 4023 3875 3969 3987 3984 3895 3961 3937 3859 3720 3470 3596 3461 3171 3157 3146 3142 3135 3136 3135 3134 3133 3141
2990 3021 3002 2974 2947 2389 2413 2764 2796 2815 2704 2455 2384 2293 2184 2423 2951 2866 2987 2369 2381 2349 2140 2365 2408 2426 2422 2902 3271 3342 3346 3310 3178 3203 3014 3342 3334 3301 3345 3759 4014 4018 3888 3895 3878 3815 3479 3504 3784 3955 3630 3660 3935 3852 3723 3970 4014 3898 3800 3813 3968 3940 3968 3878 3833 3788 3853 3767 3386 3660 3515 3306 3185 3159 3146 3142 3152 3143 3142 3140 3145
2974 2779 2556 2660 2730 2772 2326 2744 2841 2805 2376 2296 2214 2139 2327 2764 2906 2915 2561 2375 2359 2172 2102 2115 2277 2361 2429 2663 3116 3368 3284 3169 3174 3217 2986 3194 3358 3289 3295 3487 4013 3987 3803 3858 3714 3675 3424 3696 3931 4005 3984 3814 4008 3868 3698 3975 3809 3711 3684 3714 3961 3936 3924 3838 3681 3734 3855 3345 3623 3645 3563 3343 3338 3180 3147 3159 3165 3153 3143 3145 3152
