worldclim/bio11_cr.asc
ncols        411
nrows        382
xllcorner    -85.979072453958
yllcorner    8.036441368777
cellsize     0.008333330000
NODATA_value  -9999
[rows 117 to 155 of 382, columns 258 to 343 of 411]
244 245 244 244 245 245 245 246 246 247 246 247 248 247 249 249 250 250 250 251 251 252 252 253 252 253 252 252 253 253 252 252 252 252 252 253 253 252 253 253 253 252 252 253 253 252 252 252 253 253 253 253 253 253 253 254 254 254 253 253 253 253 253 253 -9999 -9999 -9999 -9999 -9999 -9999 -9999 -9999 -9999 -9999 -9999 -9999 -9999 -9999 -9999 -9999 -9999 -9999 -9999 -9999 -9999 -9999
244 244 243 243 244 244 244 244 244 245 246 246 246 247 247 248 249 250 250 251 251 252 252 252 253 253 252 252 253 253 252 251 252 252 252 253 253 253 252 252 253 252 252 252 252 253 253 253 253 253 253 253 253 253 253 253 253 253 253 253 254 253 254 254 254 -9999 -9999 -9999 -9999 -9999 -9999 -9999 -9999 -9999 -9999 -9999 -9999 -9999 -9999 -9999 -9999 -9999 -9999 -9999 -9999 -9999
242 242 242 242 242 242 243 243 243 244 244 244 244 246 247 247 249 249 250 251 251 251 251 251 253 253 252 253 253 252 252 252 252 252 252 253 253 253 252 252 252 252 252 253 252 252 253 253 253 253 253 253 253 253 253 253 253 253 253 253 253 254 253 253 253 254 -9999 -9999 -9999 -9999 -9999 -9999 -9999 -9999 -9999 -9999 -9999 -9999 -9999 -9999 -9999 -9999 -9999 -9999 -9999 -9999
241 241 240 240 241 241 241 241 242 243 243 244 245 246 246 247 247 249 250 250 251 251 251 252 252 252 253 253 252 252 252 252 252 252 252 252 252 252 252 252 252 252 253 253 253 252 252 253 253 253 253 253 253 253 253 253 253 253 253 253 253 253 253 254 253 253 254 -9999 -9999 -9999 -9999 -9999 -9999 -9999 -9999 -9999 -9999 -9999 -9999 -9999 -9999 -9999 -9999 -9999 -9999 -9999
240 239 239 240 240 240 240 240 241 241 242 242 242 244 245 247 248 249 249 249 250 250 251 251 252 251 251 253 253 253 253 253 253 253 253 252 252 252 252 252 253 253 252 253 253 252 253 253 253 253 253 253 253 253 253 253 253 253 253 253 253 253 254 254 253 253 253 254 -9999 -9999 -9999 -9999 -9999 -9999 -9999 -9999 -9999 -9999 -9999 -9999 -9999 -9999 -9999 -9999 -9999 -9999
238 238 238 238 238 239 239 239 240 241 238 240 242 242 243 246 247 247 248 249 249 250 251 251 251 251 251 252 252 253 253 253 253 253 253 252 252 252 252 252 252 253 253 253 252 252 253 253 253 253 253 253 253 253 252 253 253 253 253 253 253 254 254 253 253 253 253 253 -9999 -9999 -9999 -9999 -9999 -9999 -9999 -9999 -9999 -9999 -9999 -9999 -9999 -9999 -9999 -9999 -9999 -9999
238 238 237 237 237 237 238 238 238 235 236 237 238 238 240 244 246 245 246 248 248 249 250 250 250 250 250 251 251 252 252 252 252 252 252 252 252 252 252 252 252 252 252 252 252 252 253 253 253 253 253 253 253 253 253 253 253 253 253 253 253 253 253 253 253 253 253 253 253 -9999 -9999 -9999 -9999 -9999 -9999 -9999 -9999 -9999 -9999 -9999 -9999 -9999 -9999 -9999 -9999 -9999
236 236 236 236 236 236 235 236 236 234 234 237 236 237 238 242 243 244 245 246 246 247 248 249 249 249 250 250 251 251 252 252 252 252 252 253 252 252 252 252 252 252 252 252 252 253 253 252 252 253 253 253 253 253 253 253 253 253 253 253 253 253 253 253 254 253 253 253 253 253 -9999 -9999 -9999 -9999 -9999 -9999 -9999 -9999 -9999 -9999 -9999 -9999 -9999 -9999 -9999 -9999
235 235 235 232 232 233 233 234 233 232 232 236 235 236 236 241 243 242 244 244 245 245 246 247 248 248 249 250 250 251 251 251 251 252 252 252 252 253 253 252 252 252 252 252 252 253 253 253 252 252 252 253 253 253 253 253 253 253 254 253 253 254 253 254 254 254 254 254 254 254 253 -9999 -9999 -9999 -9999 -9999 -9999 -9999 -9999 -9999 -9999 -9999 -9999 -9999 -9999 -9999
233 233 233 231 231 231 231 231 231 230 231 233 232 234 236 235 235 242 243 243 243 243 244 245 247 247 248 248 249 250 250 251 251 252 252 252 253 253 252 253 252 252 252 252 253 253 253 253 253 252 253 253 253 253 253 253 253 253 254 254 254 253 254 254 254 254 254 254 254 253 254 -9999 -9999 -9999 -9999 -9999 -9999 -9999 -9999 -9999 -9999 -9999 -9999 -9999 -9999 -9999
230 230 231 228 228 228 228 228 227 227 229 230 230 231 233 232 232 237 239 240 241 241 242 244 245 246 247 247 248 248 249 250 250 251 251 252 252 252 253 253 253 253 252 253 253 253 253 253 253 252 252 253 253 253 253 254 254 254 254 254 254 254 254 254 254 254 254 254 254 254 254 254 -9999 -9999 -9999 -9999 -9999 -9999 -9999 -9999 -9999 -9999 -9999 -9999 -9999 -9999
227 227 229 227 223 225 224 224 225 225 226 227 224 228 231 227 231 234 234 237 239 241 242 244 243 245 245 245 246 247 247 249 249 250 251 251 251 252 252 252 253 253 253 253 253 253 253 253 252 252 253 253 253 253 253 254 253 253 253 254 254 254 254 254 255 254 254 254 254 254 254 253 254 -9999 -9999 -9999 -9999 -9999 -9999 -9999 -9999 -9999 -9999 -9999 -9999 -9999
226 225 228 224 220 220 219 223 222 221 222 222 221 225 225 226 229 231 231 234 235 238 241 242 243 244 244 244 245 246 247 248 249 249 250 250 251 252 252 252 252 252 253 253 253 253 253 253 252 253 253 253 253 253 253 253 254 254 254 254 254 254 254 254 255 255 254 255 254 254 254 254 254 255 -9999 -9999 -9999 -9999 -9999 -9999 -9999 -9999 -9999 -9999 -9999 -9999
223 222 224 222 218 215 215 215 212 219 218 219 219 222 221 225 227 227 229 231 234 238 241 242 241 241 242 243 244 245 245 247 248 249 249 249 250 250 251 252 252 252 252 253 253 253 253 252 253 253 253 253 253 253 253 253 253 253 253 253 254 254 254 254 253 254 255 254 254 253 255 255 254 254 254 -9999 -9999 -9999 -9999 -9999 -9999 -9999 -9999 -9999 -9999 -9999
222 220 219 216 216 213 214 211 210 212 214 213 212 215 216 220 221 223 227 230 234 235 238 238 240 242 242 242 242 243 245 246 247 248 249 249 250 250 250 251 251 252 252 253 253 253 253 252 252 252 252 253 253 253 253 253 253 253 253 253 254 254 254 254 254 254 255 255 255 255 255 255 255 255 255 254 -9999 -9999 -9999 -9999 -9999 -9999 -9999 -9999 -9999 -9999
213 217 212 212 213 210 210 208 206 206 208 206 205 207 212 215 218 220 223 227 230 231 232 234 239 238 240 241 242 243 245 245 246 247 249 250 250 250 251 252 251 252 252 252 252 253 252 252 252 252 252 252 253 253 253 253 253 253 253 253 253 254 253 253 253 254 255 255 255 255 255 255 255 255 255 255 255 -9999 -9999 -9999 -9999 -9999 -9999 -9999 -9999 -9999
206 211 212 206 206 206 204 200 200 200 201 199 197 201 208 210 213 216 218 223 223 227 233 234 235 235 238 239 241 242 244 245 246 246 248 248 250 250 250 252 251 252 251 251 252 252 251 250 250 250 250 251 252 252 253 253 253 253 253 253 253 254 254 254 254 255 254 254 254 254 255 255 255 255 255 254 254 -9999 -9999 -9999 -9999 -9999 -9999 -9999 -9999 -9999
193 205 209 203 202 199 202 197 195 191 196 187 186 195 199 202 205 210 216 220 219 225 228 230 231 232 235 237 238 240 242 243 244 248 244 245 247 250 251 251 252 249 248 246 246 249 247 250 250 250 250 251 251 253 253 253 253 253 253 253 254 254 254 254 254 254 254 254 254 254 255 255 255 255 253 253 255 254 -9999 -9999 -9999 -9999 -9999 -9999 -9999 -9999
189 207 196 189 196 191 191 189 187 184 176 174 180 182 184 187 192 200 208 215 215 218 222 228 226 229 232 234 236 238 246 247 241 242 243 240 241 245 248 249 248 241 242 242 239 239 240 245 247 249 249 250 251 251 252 252 253 253 253 253 254 254 254 254 254 254 255 254 254 255 254 254 255 255 254 254 254 254 255 -9999 -9999 -9999 -9999 -9999 -9999 -9999
196 192 185 187 186 182 180 180 184 180 167 157 166 152 162 169 180 195 205 207 211 215 216 219 222 226 228 231 232 235 240 241 242 239 234 233 235 237 242 251 243 237 238 236 237 241 241 243 246 249 250 249 251 251 252 252 253 253 253 253 254 254 254 254 254 254 254 254 255 255 255 255 254 255 255 255 255 255 255 254 -9999 -9999 -9999 -9999 -9999 -9999
192 176 173 174 172 172 174 169 163 158 170 146 138 143 151 159 165 194 197 205 203 208 213 215 215 223 225 230 232 244 235 232 230 234 233 228 229 233 238 245 239 236 234 235 240 240 239 240 244 247 243 241 248 250 252 253 252 253 253 254 254 254 254 254 254 254 254 254 255 255 255 255 254 254 254 254 254 254 255 255 -9999 -9999 -9999 -9999 -9999 -9999
189 185 165 163 164 164 154 144 148 146 157 141 144 157 165 167 180 189 195 200 204 204 203 211 220 221 224 233 245 246 233 226 229 229 229 222 221 227 241 249 249 235 235 240 235 231 228 236 243 246 239 239 240 246 253 253 253 253 253 254 254 254 254 254 254 254 254 254 254 254 255 255 255 255 255 255 255 254 254 254 255 -9999 -9999 -9999 -9999 -9999
185 189 156 151 149 153 145 136 136 145 150 135 143 150 160 167 177 186 193 198 203 203 208 222 226 227 231 239 244 240 235 223 223 226 225 223 226 237 240 244 248 240 234 238 235 227 230 234 238 243 239 241 244 248 252 251 253 253 254 254 254 254 254 254 254 254 254 254 255 255 255 255 255 255 255 255 255 255 254 254 254 255 -9999 -9999 -9999 -9999
174 184 161 137 136 139 127 118 123 136 149 133 131 141 153 164 179 186 193 199 200 204 209 209 226 234 232 241 241 235 235 229 224 217 221 228 234 236 241 243 246 242 232 233 231 228 234 231 242 237 232 239 245 250 250 250 253 253 254 254 254 254 254 254 254 254 254 254 254 254 254 255 255 255 255 255 255 254 254 254 255 255 -9999 -9999 -9999 -9999
157 168 182 148 127 123 113 99 123 131 135 130 126 134 145 146 171 184 201 207 212 219 214 228 232 239 243 243 239 231 226 219 219 218 227 222 223 227 238 245 247 240 233 231 226 230 235 234 239 234 231 238 243 248 246 248 254 254 254 254 254 254 254 254 254 254 254 254 254 254 254 255 255 255 255 255 255 254 254 254 255 254 254 -9999 -9999 -9999
132 154 169 148 113 106 99 81 101 120 119 109 132 144 157 164 171 185 192 202 209 212 214 219 228 238 238 230 230 229 227 219 218 225 230 221 222 228 241 245 237 235 227 225 225 231 229 233 239 240 241 239 242 249 243 247 251 253 254 254 254 254 254 254 254 254 254 254 254 254 254 254 254 254 255 255 255 255 255 255 255 254 254 255 -9999 -9999
144 159 163 131 109 102 84 67 78 90 99 113 128 137 155 171 179 184 192 200 206 209 213 213 223 237 234 228 230 226 224 217 224 230 233 232 226 233 240 245 236 226 223 223 224 232 236 236 240 243 243 238 250 244 243 245 250 250 253 254 254 254 254 254 254 254 254 254 254 254 254 254 254 254 254 254 255 255 255 255 254 254 255 255 255 -9999
144 152 140 111 110 104 85 80 90 99 109 120 128 135 154 167 181 191 195 206 210 214 214 216 227 237 240 236 233 231 224 218 224 231 231 233 238 239 236 229 224 221 220 226 234 238 239 242 238 246 247 248 244 242 243 245 248 244 247 253 253 254 254 254 254 254 254 254 254 255 255 254 254 254 254 254 254 255 254 255 254 255 255 254 254 255
138 143 130 106 109 106 101 99 108 120 126 131 142 153 163 173 186 192 197 203 207 213 216 220 230 233 232 238 235 230 223 225 231 237 235 240 228 229 232 225 214 217 222 222 234 239 243 247 246 244 243 240 240 235 235 241 243 242 244 246 253 253 253 254 254 254 254 254 254 254 254 255 255 254 252 252 254 254 254 255 255 254 254 253 255 255
125 130 128 103 108 108 111 115 125 129 138 148 154 164 172 180 187 192 199 203 207 212 216 220 227 229 235 236 237 232 229 233 233 242 235 233 225 221 225 221 217 223 224 222 229 233 242 238 247 238 240 235 232 233 236 237 239 239 240 244 252 253 253 254 254 254 248 249 251 254 254 251 253 252 255 250 249 250 254 254 254 255 255 255 255 254
102 108 116 104 110 115 119 125 133 138 155 160 166 171 181 184 189 197 201 203 206 211 215 218 224 231 234 237 236 233 229 233 236 238 227 225 217 218 214 212 217 224 230 227 225 239 235 226 220 242 219 225 230 235 234 233 234 237 245 246 252 252 253 252 251 246 248 243 243 244 245 244 249 251 254 252 252 247 246 254 254 253 253 253 255 255
79 87 94 99 117 123 129 132 146 153 157 163 173 179 184 188 195 199 204 205 208 210 216 219 229 234 237 234 230 227 224 225 232 233 231 225 214 215 211 214 215 226 230 234 228 229 233 225 228 236 224 215 226 231 233 240 240 242 246 249 252 252 252 253 253 253 249 244 243 243 242 243 248 248 250 252 253 251 247 247 250 254 254 254 254 253
92 98 99 108 121 130 134 146 154 163 166 170 173 177 184 194 196 200 207 210 214 210 215 217 232 235 234 231 225 225 222 225 231 236 227 223 215 205 210 220 224 224 216 229 236 234 230 226 238 232 219 207 221 228 236 240 246 246 249 252 251 248 249 253 253 253 253 252 250 245 248 245 248 246 250 249 251 251 252 253 254 254 252 250 250 249
104 107 116 119 128 140 151 166 168 170 176 178 180 186 190 202 204 203 208 214 218 218 219 225 228 236 228 226 222 221 219 218 226 233 220 216 227 212 204 211 219 220 212 219 228 234 229 232 233 226 219 213 212 223 223 224 240 246 250 252 245 244 242 244 248 253 252 248 247 250 247 243 244 244 247 245 250 250 253 254 254 251 254 254 252 250
115 119 122 126 137 154 165 167 168 177 183 189 188 187 188 194 204 209 213 215 217 221 226 230 234 231 224 220 218 218 217 219 228 235 217 213 211 218 204 202 214 214 212 214 216 225 229 230 222 228 214 211 214 215 220 228 237 250 250 246 246 240 237 239 246 252 249 247 245 246 248 243 243 243 244 247 248 252 253 253 253 251 253 253 253 253
126 129 130 132 149 158 163 169 173 185 189 196 200 199 192 193 190 202 208 214 217 223 228 233 229 228 224 219 213 212 214 222 226 233 231 217 207 210 207 201 206 209 211 208 210 225 231 228 212 214 216 208 202 204 217 223 231 248 246 239 244 236 237 241 247 252 249 248 247 246 248 247 247 242 241 242 246 248 249 253 250 247 249 251 252 253
130 139 139 143 151 160 161 163 180 185 195 199 201 204 206 202 202 199 203 209 218 225 231 233 222 220 221 216 211 207 214 217 221 223 230 217 204 198 203 207 208 211 214 213 208 225 229 219 209 202 209 202 200 204 203 221 239 247 248 242 239 239 244 247 248 248 250 247 245 243 245 246 244 239 237 237 236 241 245 246 244 240 244 249 251 253
138 146 153 156 156 163 164 164 175 184 196 199 203 207 211 212 215 213 211 208 217 226 231 228 215 215 214 214 209 202 213 218 224 232 223 210 205 197 198 208 212 212 212 212 223 222 213 216 204 195 195 191 192 206 206 218 236 239 237 230 231 230 234 238 242 246 249 247 244 240 240 245 246 241 237 236 237 244 242 241 238 235 243 245 250 251
147 155 159 164 165 166 170 162 172 181 189 195 199 200 210 214 216 219 219 213 217 226 225 219 214 213 212 208 202 205 210 217 218 234 218 204 196 197 198 204 211 210 207 213 219 210 215 204 206 187 177 173 187 206 210 221 238 240 228 225 224 223 228 234 239 236 239 245 242 236 235 241 242 238 237 235 238 237 232 230 232 236 236 239 248 250
