worldclim/bio17_cr.asc
ncols        411
nrows        382
xllcorner    -85.979072453958
yllcorner    8.036441368777
cellsize     0.008333330000
NODATA_value  -9999
[rows 117 to 155 of 382, columns 87 to 173 of 411]
18 -9999 -9999 20 19 17 18 19 18 19 18 18 18 17 18 18 17 17 17 16 16 16 16 15 15 14 14 14 13 13 14 14 16 17 33 41 24 31 47 38 60 79 123 91 81 95 144 164 162 171 189 192 181 173 158 150 150 146 145 150 150 148 147 146 148 146 146 153 179 143 142 140 159 177 194 268 196 205 244 201 239 263 255 258 267 255 239
-9999 -9999 -9999 18 19 18 19 19 19 18 18 17 17 16 17 16 17 16 16 16 16 16 15 15 14 14 14 14 14 14 14 13 14 19 35 29 24 30 50 43 64 77 74 74 63 120 133 155 149 167 170 187 196 181 150 145 146 145 146 144 162 164 173 164 142 142 142 168 168 144 138 138 171 187 234 227 145 172 136 202 220 230 239 239 224 223 232
19 -9999 -9999 19 19 19 19 18 18 18 17 17 17 16 16 16 16 15 16 16 16 15 15 15 15 13 14 14 14 12 12 13 12 13 16 13 13 22 60 60 64 66 55 49 125 115 149 135 128 152 174 185 184 167 153 150 156 158 144 141 143 195 211 192 138 168 185 190 170 141 133 132 142 191 191 191 130 131 184 179 192 163 171 182 197 201 239
-9999 -9999 19 18 18 18 18 18 17 17 17 17 15 15 15 16 16 15 14 14 15 15 15 15 14 14 14 14 13 13 13 13 12 12 13 13 14 15 30 61 63 66 48 37 60 88 114 80 120 145 164 165 185 179 164 172 174 201 161 139 137 193 220 222 217 215 137 145 145 142 130 129 129 152 175 126 123 125 136 163 128 123 145 188 191 171 174
19 -9999 -9999 18 18 18 18 18 17 17 17 17 17 16 16 15 14 15 15 14 14 14 14 13 14 14 13 13 13 13 13 12 12 11 12 13 17 15 22 29 41 37 56 51 34 58 81 78 82 109 131 148 174 184 189 177 193 195 157 134 147 188 218 217 221 144 130 129 128 128 130 127 124 130 149 121 122 119 131 118 116 122 139 125 127 138 144
18 -9999 -9999 19 18 18 18 18 18 17 17 16 16 15 15 15 14 14 13 14 13 13 13 13 14 13 12 12 12 13 12 12 12 12 12 12 22 32 30 22 26 22 30 45 29 36 53 83 59 85 104 134 156 176 183 182 191 196 160 139 137 192 196 213 212 146 127 129 128 128 129 127 123 120 125 122 117 128 115 113 111 110 112 107 107 117 113
-9999 -9999 -9999 -9999 18 18 18 18 17 17 16 16 16 15 15 14 14 14 13 13 13 13 13 12 12 13 13 12 12 11 11 12 12 12 11 15 12 18 30 16 15 17 21 24 24 28 38 54 54 74 80 85 117 164 179 176 172 189 180 190 200 169 204 197 194 149 127 126 125 125 124 123 122 117 121 122 116 112 111 120 116 112 113 105 102 99 97
-9999 -9999 -9999 -9999 -9999 -9999 17 17 17 17 16 15 15 15 15 14 14 14 14 14 12 12 12 12 12 12 12 12 12 12 12 12 12 10 16 12 11 12 15 22 14 14 19 17 27 42 42 38 50 77 56 90 89 166 175 132 138 167 185 179 173 195 176 146 131 124 120 120 121 120 119 120 125 122 118 122 122 110 126 124 117 109 102 110 103 97 91
-9999 -9999 -9999 -9999 -9999 -9999 -9999 -9999 -9999 -9999 15 15 15 14 -9999 -9999 -9999 -9999 -9999 13 13 12 12 12 11 11 11 12 12 12 11 11 11 10 20 19 12 10 10 12 11 15 30 36 44 38 25 38 50 36 88 73 97 133 98 89 133 131 128 120 165 187 159 157 146 133 122 117 119 118 116 117 117 111 110 120 124 120 123 112 105 98 94 94 101 91 85
17 -9999 -9999 -9999 -9999 -9999 -9999 -9999 -9999 -9999 -9999 -9999 -9999 -9999 -9999 -9999 -9999 -9999 -9999 13 12 12 11 11 11 11 11 12 11 11 11 10 11 11 10 10 10 10 10 10 11 19 25 29 25 20 20 25 29 56 68 58 63 105 103 80 80 91 83 129 160 178 184 187 174 129 115 119 119 116 114 114 110 120 106 107 105 100 113 120 113 108 105 95 84 88 80
17 -9999 -9999 -9999 -9999 -9999 -9999 -9999 -9999 -9999 -9999 -9999 -9999 -9999 -9999 -9999 -9999 -9999 -9999 -9999 12 11 11 11 11 11 11 11 10 11 11 11 10 11 10 10 10 10 10 10 10 26 19 17 21 18 17 22 34 41 39 42 58 60 79 63 60 63 102 150 162 166 171 180 129 117 118 120 115 113 113 110 133 135 104 105 105 96 123 125 110 106 99 88 81 77 75
17 -9999 -9999 -9999 -9999 -9999 -9999 -9999 -9999 -9999 -9999 -9999 -9999 -9999 -9999 -9999 -9999 -9999 -9999 -9999 -9999 12 12 12 10 10 10 10 9 9 10 9 11 10 10 18 10 9 9 9 10 11 21 15 14 17 18 23 25 34 23 35 51 47 36 55 63 83 141 86 111 162 169 156 119 112 116 117 122 107 106 104 149 136 97 112 98 94 95 113 113 98 87 78 74 71 69
16 -9999 -9999 -9999 -9999 -9999 -9999 -9999 -9999 -9999 -9999 -9999 -9999 -9999 -9999 -9999 -9999 -9999 -9999 -9999 -9999 -9999 11 -9999 -9999 -9999 10 10 10 10 10 10 10 10 10 10 10 9 9 9 9 9 10 17 14 12 16 16 19 22 20 27 38 33 35 87 95 75 102 71 124 160 163 160 129 120 112 115 107 120 103 100 130 170 133 151 98 107 84 91 97 97 106 80 73 69 66
16 15 -9999 -9999 -9999 -9999 -9999 -9999 -9999 -9999 -9999 -9999 -9999 -9999 -9999 -9999 -9999 -9999 -9999 -9999 -9999 -9999 -9999 -9999 -9999 -9999 -9999 10 9 9 9 10 9 10 9 9 9 9 10 9 9 10 9 12 12 12 12 13 14 16 17 23 27 22 29 56 43 49 50 59 104 123 145 156 139 112 105 107 103 131 111 95 110 157 153 152 133 96 79 84 82 80 73 74 70 63 61
15 -9999 -9999 -9999 -9999 -9999 -9999 -9999 13 13 13 13 12 -9999 -9999 -9999 -9999 -9999 -9999 -9999 -9999 -9999 -9999 -9999 -9999 -9999 -9999 -9999 9 9 15 16 13 10 9 10 10 10 10 10 10 10 9 11 11 11 11 13 13 16 19 20 24 28 33 33 29 30 29 31 70 111 144 144 138 114 105 99 130 149 152 129 107 134 145 138 146 105 80 74 76 74 68 63 62 62 61
15 -9999 -9999 -9999 -9999 -9999 -9999 14 14 13 13 13 12 12 12 -9999 -9999 -9999 -9999 -9999 -9999 -9999 -9999 -9999 -9999 -9999 -9999 -9999 -9999 9 21 13 10 9 8 9 9 10 10 10 10 10 10 10 11 11 12 13 13 14 16 18 18 20 22 22 26 25 26 42 64 93 116 132 141 140 113 96 115 137 139 144 139 133 120 142 138 123 112 74 68 67 62 63 65 63 65
14 14 -9999 -9999 -9999 -9999 -9999 13 12 12 13 13 12 11 11 -9999 -9999 -9999 -9999 -9999 -9999 -9999 -9999 -9999 -9999 -9999 -9999 -9999 -9999 -9999 9 9 13 9 9 9 9 10 9 9 9 10 10 11 11 11 11 11 13 14 16 16 17 19 18 22 24 24 27 33 72 77 82 101 122 136 128 96 113 137 133 126 122 135 101 124 129 135 111 69 65 62 61 60 62 66 76
14 14 -9999 -9999 -9999 -9999 -9999 -9999 12 12 12 12 12 12 12 -9999 -9999 -9999 10 -9999 -9999 -9999 -9999 -9999 -9999 -9999 -9999 -9999 -9999 -9999 -9999 -9999 8 8 9 9 9 9 9 9 9 9 10 11 11 11 11 11 13 13 14 15 15 15 18 19 20 21 25 36 57 44 57 84 114 115 130 130 126 119 129 119 103 115 81 91 115 127 111 66 88 71 58 56 52 56 81
12 13 13 13 -9999 -9999 -9999 -9999 12 12 11 12 12 11 11 11 10 10 -9999 -9999 -9999 -9999 -9999 -9999 -9999 -9999 -9999 -9999 -9999 -9999 -9999 -9999 -9999 -9999 10 10 10 10 9 10 9 9 11 10 11 11 11 13 13 13 14 15 15 15 17 17 19 19 24 37 34 37 43 50 62 82 97 120 121 123 123 110 76 92 75 102 120 120 113 105 118 83 65 76 51 66 79
12 13 13 13 12 12 12 -9999 -9999 -9999 12 12 11 11 11 -9999 -9999 -9999 -9999 -9999 -9999 -9999 -9999 -9999 -9999 -9999 -9999 -9999 -9999 -9999 -9999 -9999 -9999 -9999 -9999 10 10 10 10 10 9 11 11 10 11 12 12 13 13 13 13 13 15 15 17 17 18 19 21 24 24 34 37 36 40 60 90 112 98 103 114 97 77 67 66 103 108 97 107 101 112 90 74 82 76 78 98
11 12 12 12 12 12 12 -9999 -9999 -9999 -9999 -9999 -9999 -9999 -9999 -9999 -9999 -9999 -9999 -9999 -9999 -9999 -9999 -9999 -9999 -9999 -9999 -9999 -9999 -9999 -9999 -9999 -9999 -9999 -9999 10 10 10 10 10 11 11 11 11 11 12 13 13 13 13 13 14 15 15 16 17 17 19 19 21 22 26 27 27 32 41 74 81 81 83 89 89 79 73 60 81 93 74 84 78 102 102 72 92 78 80 100
12 12 12 12 12 12 12 11 -9999 -9999 -9999 -9999 -9999 -9999 -9999 -9999 -9999 -9999 -9999 -9999 -9999 -9999 -9999 -9999 -9999 -9999 -9999 -9999 -9999 -9999 -9999 -9999 -9999 -9999 -9999 -9999 -9999 10 10 10 11 11 11 11 11 12 13 13 13 13 13 14 16 16 16 17 17 18 19 20 22 27 24 24 31 35 48 45 59 50 57 70 51 56 45 59 69 59 62 86 95 97 96 96 97 90 93
12 12 12 12 11 11 11 11 -9999 -9999 -9999 -9999 -9999 -9999 -9999 -9999 -9999 -9999 -9999 -9999 -9999 -9999 -9999 -9999 -9999 -9999 -9999 -9999 -9999 -9999 -9999 -9999 -9999 -9999 -9999 -9999 -9999 -9999 10 10 11 11 11 11 11 11 13 13 13 13 14 15 16 16 16 17 18 20 20 20 20 22 21 24 24 26 28 34 34 44 45 39 54 44 42 50 55 50 51 68 62 86 89 87 75 87 76
12 12 11 11 11 11 11 11 11 11 11 10 -9999 -9999 -9999 -9999 -9999 -9999 -9999 -9999 -9999 -9999 -9999 -9999 -9999 -9999 -9999 -9999 -9999 -9999 -9999 -9999 -9999 -9999 -9999 -9999 -9999 -9999 10 10 11 11 11 11 11 11 13 13 13 13 14 15 15 16 17 17 18 19 20 20 20 20 21 23 24 24 26 26 26 35 36 40 36 36 42 38 41 48 49 47 54 59 58 59 61 84 73
12 11 11 11 11 11 11 11 11 10 10 10 -9999 -9999 -9999 -9999 -9999 -9999 -9999 -9999 -9999 -9999 -9999 -9999 -9999 -9999 -9999 -9999 -9999 -9999 -9999 -9999 -9999 -9999 -9999 -9999 -9999 -9999 -9999 -9999 11 11 11 11 11 12 12 13 13 13 15 15 15 16 17 17 18 19 20 20 20 20 20 23 23 23 24 27 34 27 28 32 30 36 38 34 42 55 53 50 53 56 57 83 82 81 77
11 11 11 11 11 11 11 10 10 10 -9999 -9999 -9999 -9999 -9999 -9999 -9999 -9999 -9999 -9999 -9999 -9999 -9999 -9999 -9999 -9999 -9999 -9999 -9999 -9999 -9999 -9999 -9999 -9999 -9999 -9999 -9999 -9999 -9999 -9999 -9999 -9999 11 11 11 12 12 13 13 13 15 15 15 16 17 17 18 19 20 20 20 20 20 23 23 35 26 32 40 28 27 27 29 35 32 34 43 45 47 51 54 56 64 78 78 73 48
11 11 11 11 11 10 10 10 10 10 -9999 -9999 -9999 -9999 -9999 -9999 -9999 -9999 -9999 -9999 -9999 -9999 -9999 -9999 -9999 -9999 -9999 -9999 -9999 -9999 -9999 -9999 -9999 -9999 -9999 -9999 -9999 -9999 -9999 -9999 -9999 -9999 -9999 11 11 12 12 13 13 14 15 15 15 16 17 17 18 19 20 20 20 21 23 22 21 35 24 28 36 28 27 28 28 29 31 40 35 42 51 55 51 52 53 57 61 74 64
11 11 11 10 10 10 10 10 10 10 11 -9999 -9999 -9999 -9999 -9999 -9999 -9999 -9999 -9999 -9999 -9999 -9999 -9999 -9999 -9999 -9999 -9999 -9999 -9999 -9999 -9999 -9999 -9999 -9999 -9999 -9999 -9999 -9999 -9999 -9999 -9999 -9999 -9999 11 12 12 12 13 15 15 15 15 16 17 17 18 19 20 20 21 22 22 22 20 21 23 22 26 27 27 26 25 31 28 35 39 44 46 47 46 48 49 49 52 61 68
12 14 14 10 10 10 10 10 11 11 11 10 -9999 -9999 -9999 -9999 -9999 -9999 -9999 -9999 -9999 -9999 -9999 -9999 -9999 -9999 -9999 -9999 -9999 -9999 -9999 -9999 -9999 -9999 -9999 -9999 -9999 -9999 -9999 -9999 -9999 -9999 -9999 -9999 -9999 -9999 12 12 13 15 15 15 15 16 16 17 18 19 19 20 20 22 22 23 20 20 20 23 24 22 24 25 27 29 29 31 33 38 40 38 44 47 47 48 47 51 66
13 18 16 10 10 10 11 11 11 11 10 10 10 -9999 -9999 -9999 -9999 -9999 -9999 -9999 -9999 -9999 -9999 -9999 -9999 -9999 -9999 -9999 -9999 -9999 -9999 -9999 -9999 -9999 -9999 -9999 -9999 -9999 -9999 -9999 -9999 -9999 -9999 -9999 -9999 -9999 -9999 -9999 -9999 14 15 15 15 16 17 17 18 19 19 20 21 22 22 22 22 22 25 22 21 21 22 23 25 26 27 28 29 33 35 38 41 44 43 44 45 47 52
18 17 15 13 11 10 11 11 11 10 10 10 10 10 10 10 -9999 -9999 -9999 -9999 -9999 10 10 10 -9999 -9999 -9999 -9999 -9999 -9999 -9999 10 11 11 -9999 -9999 -9999 -9999 -9999 -9999 -9999 -9999 -9999 -9999 -9999 -9999 -9999 -9999 -9999 -9999 -9999 -9999 15 16 17 17 18 19 19 20 21 22 22 22 22 22 22 21 20 20 21 22 24 24 24 28 29 31 34 34 36 36 40 39 43 46 50
18 16 11 11 12 11 11 10 10 10 10 10 10 10 10 10 -9999 -9999 -9999 -9999 -9999 10 10 -9999 -9999 -9999 -9999 -9999 -9999 -9999 -9999 -9999 -9999 -9999 -9999 -9999 -9999 -9999 -9999 -9999 -9999 -9999 -9999 -9999 -9999 -9999 -9999 -9999 -9999 15 15 15 -9999 -9999 -9999 -9999 -9999 19 19 19 21 22 22 22 23 22 22 22 21 20 19 20 21 24 24 26 27 28 30 32 33 39 37 40 43 43 47
19 14 11 11 11 11 11 10 10 10 10 10 10 10 10 11 11 11 10 10 10 -9999 11 11 -9999 -9999 -9999 -9999 -9999 -9999 -9999 -9999 -9999 -9999 -9999 -9999 -9999 -9999 -9999 -9999 -9999 -9999 -9999 -9999 -9999 -9999 -9999 -9999 -9999 -9999 -9999 -9999 -9999 -9999 -9999 -9999 -9999 -9999 -9999 -9999 -9999 22 22 22 22 24 22 20 20 20 20 21 21 21 23 25 27 28 29 32 33 36 37 40 40 41 44
17 13 12 11 11 11 10 10 11 10 12 10 10 10 11 11 11 10 10 10 10 11 11 11 11 11 -9999 -9999 -9999 -9999 -9999 -9999 -9999 -9999 -9999 -9999 -9999 -9999 -9999 -9999 -9999 -9999 -9999 -9999 -9999 -9999 -9999 -9999 -9999 -9999 -9999 -9999 -9999 -9999 -9999 -9999 -9999 -9999 -9999 -9999 -9999 -9999 22 22 19 19 21 21 20 19 19 21 21 22 23 24 25 27 30 30 32 33 34 37 38 39 41
14 13 12 12 13 11 10 10 15 14 15 10 10 11 11 11 10 10 11 11 11 16 13 12 12 11 11 -9999 -9999 -9999 -9999 -9999 -9999 -9999 -9999 -9999 -9999 -9999 -9999 -9999 -9999 12 -9999 -9999 -9999 -9999 -9999 -9999 -9999 -9999 -9999 -9999 -9999 -9999 -9999 -9999 -9999 -9999 -9999 -9999 -9999 22 22 23 24 24 20 20 20 20 20 25 22 24 24 24 26 26 28 29 30 34 35 36 36 39 40
16 18 15 19 15 11 11 10 14 13 14 12 11 11 11 11 11 12 11 14 13 18 25 14 12 12 11 11 -9999 -9999 -9999 -9999 -9999 -9999 -9999 -9999 -9999 -9999 -9999 -9999 -9999 -9999 -9999 -9999 -9999 -9999 -9999 -9999 -9999 -9999 -9999 -9999 -9999 -9999 -9999 -9999 -9999 -9999 -9999 -9999 -9999 -9999 21 21 24 19 18 20 19 22 27 26 22 23 23 24 26 28 28 29 34 32 33 35 35 37 39
25 21 19 18 12 14 13 12 12 14 14 15 14 13 12 11 11 11 11 11 11 14 21 16 11 12 12 12 11 11 11 -9999 11 11 11 11 -9999 -9999 -9999 -9999 10 11 12 -9999 -9999 -9999 -9999 -9999 -9999 -9999 -9999 -9999 -9999 -9999 -9999 -9999 -9999 -9999 -9999 -9999 -9999 -9999 -9999 19 18 24 24 20 20 20 25 31 24 23 23 25 26 29 29 28 36 31 33 35 35 37 38
18 17 21 19 17 14 13 12 12 17 17 17 17 15 12 12 12 11 11 15 16 16 14 11 11 12 13 11 12 11 11 11 11 10 10 11 11 11 -9999 -9999 -9999 -9999 -9999 -9999 -9999 -9999 -9999 -9999 -9999 -9999 -9999 -9999 -9999 -9999 -9999 -9999 -9999 -9999 -9999 -9999 -9999 -9999 -9999 -9999 24 24 26 24 23 26 29 27 24 23 24 26 26 29 29 28 30 33 33 35 37 38 39
14 14 18 19 14 13 12 12 11 12 14 17 13 13 11 11 11 11 11 12 14 16 11 11 12 12 16 11 12 11 11 11 11 10 10 10 10 10 11 12 -9999 -9999 -9999 -9999 -9999 -9999 -9999 -9999 -9999 -9999 -9999 -9999 -9999 -9999 -9999 -9999 -9999 -9999 -9999 -9999 -9999 -9999 -9999 -9999 -9999 24 26 26 23 29 28 25 24 24 27 27 28 32 31 30 30 32 35 37 38 38 38
