worldclim/bio19_cr.asc
ncols        411
nrows        382
xllcorner    -85.979072453958
yllcorner    8.036441368777
cellsize     0.008333330000
NODATA_value  -9999
[rows 114 to 151 of 382, columns 172 to 257 of 411]
868 833 1089 1175 879 824 789 740 727 690 620 569 599 544 537 524 531 582 619 710 692 610 649 685 651 646 709 646 628 602 552 533 635 710 583 515 675 722 641 507 693 856 937 945 945 896 839 810 587 618 437 401 400 518 519 593 737 786 899 950 985 1032 1096 1110 1143 1131 1130 1134 1124 1123 1129 1243 1246 1237 1234 1222 1223 1223 1227 1234 1121 1232 1229 1234 1240 1242
794 831 1113 1155 832 743 676 677 652 610 569 521 529 519 513 522 573 604 629 642 678 665 612 613 626 717 739 748 661 667 506 602 572 547 505 569 644 618 764 533 487 815 865 878 882 843 781 489 429 434 441 416 445 406 407 433 454 623 781 864 922 973 1032 1079 1111 1129 1131 1130 1126 1251 1257 1105 1239 1236 1227 1222 1229 1234 1240 1239 1231 1116 1229 1238 1131 1249
802 789 811 1140 824 676 615 615 606 566 525 498 495 498 508 547 608 674 656 561 622 486 649 491 706 709 647 714 699 579 492 492 506 495 532 604 771 780 707 630 474 526 505 805 821 816 484 440 525 523 544 539 503 503 461 539 456 449 636 836 882 930 963 1007 1048 1088 1114 1119 1116 1101 1246 1247 1239 1229 1223 1225 1227 1232 1236 1233 1235 1232 1232 1236 1249 1255
740 714 752 792 799 695 645 605 544 504 485 485 511 508 527 564 650 661 628 569 583 477 635 637 614 703 656 544 554 500 481 480 483 557 577 709 800 807 781 698 578 477 463 593 699 823 428 453 598 605 686 691 684 694 710 657 541 436 582 709 805 851 896 960 1022 1087 1092 1098 1093 1100 1095 1248 1222 1075 1222 1226 1225 1230 1232 1233 1229 1235 1234 1236 1256 1138
669 692 1111 732 704 1071 638 618 541 487 465 479 503 516 533 557 598 629 607 576 542 467 471 627 635 646 670 704 611 492 485 500 540 629 685 793 556 778 837 795 713 599 510 441 434 774 450 522 639 686 751 517 782 823 772 715 620 494 474 692 800 897 939 975 999 988 1043 1074 1065 1094 1087 1232 1231 1220 1224 1234 1229 1230 1230 1231 1227 1239 1243 1254 1262 1272
624 699 632 711 628 572 596 584 547 476 456 450 470 496 515 555 619 623 529 546 541 536 461 465 623 600 681 593 619 510 502 549 611 640 750 761 695 486 721 815 808 672 657 533 475 437 415 663 696 734 787 817 833 846 557 768 649 541 662 772 866 788 815 822 866 937 937 963 1030 1052 1078 1089 1225 1223 1227 1229 1230 1238 1227 1231 1233 1242 1255 1262 1265 1286
563 568 611 564 564 535 495 569 499 447 434 434 445 480 516 536 605 585 556 519 520 532 572 591 578 631 651 515 508 494 503 596 689 732 725 712 485 535 489 530 814 841 775 659 590 574 539 691 720 768 816 868 634 636 871 828 748 433 497 514 488 493 638 738 790 877 899 942 991 1012 1010 1058 1076 1078 1227 1224 1225 1224 1221 1224 1237 1256 1258 1270 1282 1290
498 508 501 517 485 464 445 439 485 432 420 419 438 467 493 509 606 598 507 526 542 549 536 567 563 592 575 573 555 553 572 640 713 736 708 471 480 488 470 476 486 487 844 826 680 613 618 709 774 802 861 890 916 931 922 754 541 422 524 895 873 547 535 606 752 856 902 938 982 1017 1041 1053 1063 1064 1225 1217 1220 1071 1228 1259 1263 1263 1280 1286 1292 1157
455 449 461 445 446 440 429 423 434 408 404 406 424 453 484 489 580 582 559 504 536 544 546 571 556 626 590 625 591 670 684 700 710 676 458 460 462 474 501 461 464 495 827 848 738 700 725 714 782 857 897 906 903 903 739 709 657 638 897 914 924 657 461 598 720 786 848 915 973 988 1023 1020 1044 1049 1208 1067 1078 1086 1094 1102 1254 1259 1270 1275 1139 1150
411 410 411 409 411 403 405 397 410 390 387 395 397 420 434 463 477 477 571 570 550 548 531 544 553 606 606 626 574 647 635 643 648 660 459 494 504 494 508 466 451 495 794 585 803 729 770 813 807 872 906 878 844 858 782 783 719 733 872 899 879 696 455 601 717 789 845 906 957 972 982 1011 1028 1194 997 1029 1049 1068 1079 1086 1095 1102 1109 1265 1271 1135
401 395 393 390 388 384 384 378 376 373 372 375 391 411 431 449 466 460 476 483 563 550 575 536 544 571 576 589 610 615 645 646 446 634 452 510 515 520 510 464 442 761 782 818 852 824 818 815 855 897 868 823 516 841 866 872 777 757 868 876 794 761 481 460 578 698 781 886 860 922 990 1001 1174 972 997 1011 1033 1054 1061 1072 1080 1089 1096 1252 1114 1262
389 381 378 375 372 371 366 363 359 362 361 363 364 385 408 418 444 458 462 462 486 535 564 574 537 549 565 614 584 624 646 644 655 646 430 466 484 473 501 434 442 773 771 799 845 856 879 867 850 842 810 466 426 504 876 602 858 836 865 851 649 534 444 453 642 789 816 802 818 951 949 971 995 959 976 986 989 1040 1030 1005 1049 1069 1083 1089 1095 1102
379 371 365 361 360 358 354 347 346 349 348 361 355 369 393 418 433 437 445 455 462 469 505 530 552 577 576 499 546 568 607 633 656 659 662 423 425 429 422 430 750 495 760 775 802 786 816 797 794 796 459 418 414 418 429 501 824 847 725 754 452 461 584 635 626 595 725 834 895 832 837 954 946 928 931 953 958 979 951 946 938 1025 1049 1068 1077 1083
358 358 357 347 343 345 341 337 335 338 342 344 339 364 386 399 412 425 432 444 446 455 464 466 484 474 485 473 498 517 530 568 603 642 665 666 664 650 424 723 732 745 767 775 779 498 778 478 425 417 414 416 413 408 404 748 836 787 589 457 412 427 435 435 561 455 532 835 675 697 843 938 923 844 863 868 983 890 867 855 845 893 962 1005 1051 1057
346 342 338 333 331 326 328 322 315 311 313 310 333 344 362 394 402 410 423 400 420 416 415 419 420 407 417 422 452 465 483 490 518 553 583 663 671 686 691 703 716 742 758 769 760 755 723 415 402 409 431 433 419 426 417 409 790 562 780 468 571 833 820 735 708 496 683 743 622 712 858 917 730 747 776 805 922 801 815 790 764 802 862 907 972 1012
341 330 326 322 317 318 308 308 300 297 305 300 306 329 336 369 354 377 356 364 369 359 364 380 373 355 377 390 393 401 420 420 445 455 512 572 601 631 661 677 664 704 707 752 732 742 682 389 409 424 418 405 393 413 402 380 457 799 806 798 750 449 747 684 429 519 596 702 581 675 828 835 692 674 706 728 894 770 784 696 677 699 740 816 874 980
327 319 315 310 306 300 297 291 286 296 297 288 297 301 304 318 332 332 321 345 340 319 323 326 337 329 340 344 398 349 355 353 385 413 442 493 517 552 557 581 591 623 648 704 734 455 699 386 416 424 401 391 371 393 398 372 672 480 476 463 773 478 809 715 565 497 528 671 581 550 736 762 784 674 586 645 690 771 665 648 640 659 685 724 908 867
313 309 303 311 302 291 288 285 273 281 277 283 273 275 298 297 293 289 275 262 288 291 291 295 297 304 305 321 308 315 317 325 342 350 386 433 459 499 499 521 537 570 591 650 708 716 707 416 369 397 412 408 405 405 397 373 376 393 381 368 448 785 791 794 585 429 528 609 523 693 741 579 719 653 560 581 628 756 639 610 623 640 675 724 752 804
310 311 313 315 748 327 289 267 270 265 253 254 249 254 270 270 256 262 254 244 259 260 271 265 270 280 280 289 294 298 302 309 307 315 325 356 374 419 413 444 477 527 544 587 630 667 705 693 388 358 383 370 370 364 362 352 351 350 355 388 761 736 679 753 729 416 507 561 510 689 586 487 716 689 572 532 548 641 702 596 626 637 650 667 686 728
311 328 767 320 309 271 268 260 254 248 241 237 234 231 243 254 244 232 225 222 222 228 229 232 239 252 253 264 276 281 290 295 298 301 302 306 319 355 340 394 425 475 468 524 575 597 645 688 685 660 362 355 353 347 343 346 347 348 364 700 727 736 733 420 501 470 483 533 482 575 555 467 696 555 558 542 549 690 601 639 662 645 690 667 686 800
288 333 783 292 274 264 252 253 243 236 233 227 221 218 215 228 249 215 212 210 220 221 236 228 231 232 235 239 248 259 270 282 288 294 294 295 297 301 312 341 368 397 461 458 525 552 601 646 674 663 399 657 606 354 350 354 360 350 412 449 709 711 706 655 388 413 454 435 420 564 475 461 513 523 520 550 713 544 561 703 733 730 704 681 669 690
304 750 772 296 671 255 247 242 235 229 223 236 216 230 212 223 283 228 208 211 216 234 242 236 234 242 239 237 243 244 255 265 273 285 286 287 288 291 303 318 335 343 380 398 457 491 553 583 608 621 662 650 643 637 625 359 357 639 683 696 682 635 575 412 369 394 404 611 519 512 482 470 538 511 635 696 733 758 679 567 754 787 765 753 659 730
748 776 739 267 249 247 249 236 229 222 220 259 205 201 213 199 231 201 199 206 234 259 251 675 237 243 245 238 232 237 246 253 263 275 281 281 284 281 287 293 293 316 320 350 395 467 456 462 563 577 624 641 645 640 392 628 578 326 663 678 657 575 349 360 622 544 395 540 442 473 438 432 629 496 476 743 749 760 740 580 773 819 818 770 808 771
753 771 744 270 251 256 242 228 224 217 220 216 198 194 228 198 203 195 193 194 228 692 691 684 662 664 230 225 230 234 238 246 252 265 273 274 281 274 275 277 286 294 285 304 322 337 355 416 476 302 556 586 615 628 622 620 612 612 339 651 660 445 668 683 696 714 575 386 426 402 412 548 692 622 467 479 753 772 783 810 797 829 830 833 815 745
761 759 728 259 243 246 232 625 221 214 227 201 195 191 193 664 197 212 214 191 644 687 698 688 238 668 662 226 231 229 232 238 244 256 263 273 266 266 270 268 268 272 277 279 282 296 318 335 372 421 506 550 583 600 608 611 616 618 611 336 374 607 637 674 677 424 357 365 389 397 400 424 701 714 724 566 572 540 761 803 814 814 559 603 766 673
762 742 256 647 239 252 228 226 222 227 210 199 193 190 191 216 217 216 197 628 672 685 684 682 671 665 658 650 652 643 642 229 236 251 259 253 274 274 290 271 262 262 262 279 273 284 285 306 302 358 457 524 550 565 576 587 595 601 603 598 601 585 646 656 659 662 680 375 366 682 551 411 502 700 716 728 735 621 611 720 532 748 497 812 830 711
752 738 251 240 242 247 235 242 247 264 222 200 193 192 190 212 191 205 640 674 674 670 664 669 667 660 655 643 646 632 627 624 628 224 629 231 242 253 269 276 280 276 265 256 256 256 257 258 269 314 439 469 301 539 552 563 573 367 587 600 608 616 632 628 639 641 659 662 419 407 526 611 633 644 671 749 501 714 736 730 784 491 453 479 493 800
739 735 716 238 227 234 256 268 248 271 222 199 193 190 201 619 197 665 660 641 634 629 625 640 631 643 639 634 628 622 611 607 606 619 603 613 617 228 243 257 258 256 264 260 256 249 251 249 251 261 332 379 423 487 525 542 552 564 380 391 395 620 629 648 651 647 656 649 589 460 648 651 659 723 661 468 419 743 749 700 764 506 405 429 441 434
733 255 671 658 644 224 250 269 284 240 217 209 194 190 190 194 188 648 613 653 609 604 601 598 602 601 607 614 609 606 602 588 581 589 592 592 588 215 219 229 240 242 248 250 249 247 242 242 240 244 263 291 325 388 452 514 531 537 468 506 457 482 525 577 606 607 637 633 632 623 626 699 475 715 717 722 341 352 432 724 476 441 396 398 329 326
727 723 681 229 228 223 230 235 261 240 234 215 206 214 202 618 620 192 211 615 592 573 582 578 580 589 585 597 593 593 590 583 562 566 560 569 570 577 207 213 216 215 232 238 236 236 235 235 232 233 236 252 273 295 331 430 431 374 389 361 364 385 439 468 573 605 613 597 596 610 604 683 596 343 364 385 642 331 645 726 476 368 374 351 314 331
742 715 713 695 233 653 234 242 262 261 239 225 234 240 203 659 654 651 639 584 574 569 561 561 561 570 576 578 577 583 581 576 562 549 552 552 552 552 556 555 558 205 579 216 219 222 225 225 225 224 226 232 245 253 252 302 288 316 325 312 316 356 405 458 525 583 585 566 579 615 629 560 553 293 298 359 372 364 367 649 435 344 288 298 312 350
778 708 716 250 228 245 217 639 225 237 238 209 202 195 192 654 638 619 585 562 557 554 549 547 548 549 557 559 570 574 574 568 550 542 540 539 536 535 534 532 532 538 195 200 206 213 215 216 216 215 218 220 229 234 241 244 253 264 282 283 318 325 402 386 443 522 555 542 554 597 554 527 300 260 314 287 286 294 278 341 334 318 314 313 314 377
804 742 697 706 706 693 693 672 210 210 227 207 209 214 651 645 612 583 585 553 550 544 542 540 535 535 543 547 556 568 568 560 547 538 532 531 526 523 522 525 526 523 529 189 198 202 204 209 208 209 209 210 214 221 225 229 237 244 257 266 284 277 308 349 413 519 522 519 539 550 510 280 248 240 256 259 249 261 289 301 289 266 311 265 312 318
799 737 699 695 692 669 659 686 226 207 210 201 658 663 652 647 614 586 552 545 541 538 538 533 531 526 533 540 553 563 563 558 547 537 530 524 518 515 838 512 509 508 516 522 528 188 194 201 200 202 202 204 205 208 212 221 224 230 240 255 291 296 298 334 395 473 493 509 536 488 490 248 237 265 231 226 283 297 300 278 305 300 255 203 237 283
792 736 705 681 671 668 654 691 688 218 645 205 207 655 661 648 625 599 570 540 537 533 530 517 524 519 523 533 555 560 560 556 546 538 531 521 517 509 507 503 500 499 500 501 517 182 183 185 191 193 193 197 198 201 203 208 217 219 235 239 250 274 296 331 384 430 463 469 514 473 273 228 218 226 253 277 292 296 285 265 259 215 247 285 256 210
773 751 745 678 672 702 665 653 642 688 656 673 215 659 655 652 649 619 589 551 540 530 511 511 519 518 513 531 542 558 559 559 550 541 532 522 512 507 501 497 493 491 490 489 496 496 497 177 180 187 189 191 193 194 197 199 207 214 222 230 242 261 292 321 351 429 437 451 492 450 467 237 227 213 209 260 279 253 236 225 200 313 257 210 199 207
719 757 710 698 703 728 692 666 631 621 610 652 671 642 209 210 652 597 597 597 532 517 504 501 514 514 512 522 545 556 561 559 556 545 529 519 514 505 498 494 492 487 484 501 490 491 489 488 484 182 184 185 189 191 191 193 199 202 215 223 232 257 271 308 365 402 410 434 469 430 264 233 204 228 211 267 286 271 240 258 271 192 197 239 227 249
723 760 736 742 733 1139 711 684 637 619 632 654 650 589 599 621 654 551 543 536 526 510 500 501 513 514 514 515 535 533 547 563 551 542 532 523 514 504 498 496 490 486 486 173 169 169 489 485 482 175 181 183 186 187 186 189 192 202 206 213 224 238 267 289 325 372 384 417 450 413 261 244 211 221 195 225 282 288 290 289 282 244 230 264 289 302
