worldclim/bio13_cr.asc
ncols        411
nrows        382
xllcorner    -85.979072453958
yllcorner    8.036441368777
cellsize     0.008333330000
NODATA_value  -9999
[rows 114 to 151 of 382, columns 0 to 85 of 411]
-9999 -9999 -9999 -9999 -9999 -9999 -9999 -9999 -9999 -9999 -9999 -9999 -9999 -9999 -9999 308 309 310 312 314 315 318 322 323 324 326 329 331 334 335 337 339 344 345 347 351 353 355 357 359 361 362 364 366 367 367 368 368 369 370 371 375 377 372 379 377 378 380 381 382 382 386 391 385 385 384 384 383 384 385 384 388 378 375 374 373 374 374 374 374 374 373 378 -9999 -9999 -9999
-9999 -9999 -9999 -9999 -9999 -9999 -9999 -9999 -9999 -9999 -9999 -9999 -9999 -9999 -9999 309 311 312 313 315 317 319 321 324 326 329 333 338 337 338 338 341 344 346 348 350 352 355 357 358 361 363 370 367 367 368 369 370 371 372 372 372 373 374 384 392 387 386 382 387 383 383 390 387 387 386 385 385 382 383 381 381 379 377 375 375 375 376 377 376 376 375 392 373 371 -9999
-9999 -9999 -9999 -9999 -9999 -9999 -9999 -9999 -9999 -9999 -9999 -9999 -9999 -9999 -9999 -9999 312 313 315 317 319 321 323 325 328 331 332 334 336 338 339 341 344 347 349 352 353 355 358 359 361 363 377 374 368 369 370 371 372 373 373 374 375 376 381 391 399 394 387 391 385 383 389 392 398 391 398 389 388 383 382 382 381 379 379 378 378 379 401 406 378 377 376 375 373 377
-9999 -9999 -9999 -9999 -9999 -9999 -9999 -9999 -9999 -9999 -9999 -9999 -9999 -9999 -9999 -9999 313 315 317 319 321 322 325 328 330 332 333 334 335 337 340 344 346 347 350 356 354 359 363 367 369 374 378 367 369 370 371 372 373 375 375 375 378 378 381 396 400 401 393 396 385 384 384 393 402 398 399 406 402 387 385 384 383 385 385 384 382 382 405 399 384 380 378 376 375 383
-9999 -9999 -9999 -9999 -9999 -9999 -9999 -9999 -9999 -9999 -9999 -9999 -9999 -9999 -9999 -9999 -9999 316 318 321 324 325 329 334 332 332 333 334 336 338 341 345 347 349 351 361 365 370 377 377 381 374 369 368 370 371 372 374 376 375 376 378 380 380 389 399 400 400 395 397 390 385 386 386 396 405 405 407 405 394 388 387 388 403 397 406 386 390 408 407 385 387 381 378 379 374
-9999 -9999 -9999 -9999 -9999 -9999 -9999 -9999 -9999 -9999 -9999 -9999 -9999 -9999 -9999 -9999 -9999 318 320 323 326 328 330 335 341 333 333 334 337 341 342 346 367 350 361 373 377 376 374 376 382 376 372 370 370 371 373 375 378 377 378 380 382 384 385 389 389 395 397 403 387 388 391 391 389 390 394 408 405 395 392 389 394 406 411 411 398 390 390 391 401 395 400 401 387 375
-9999 -9999 -9999 -9999 -9999 -9999 -9999 -9999 -9999 -9999 -9999 -9999 -9999 -9999 -9999 -9999 -9999 319 321 323 327 327 329 332 335 333 334 336 339 343 358 366 366 366 370 376 373 378 374 374 377 371 367 370 371 372 374 376 377 378 380 382 393 391 392 387 388 390 401 400 398 393 405 403 395 391 392 395 407 400 398 393 397 402 404 411 407 398 394 394 394 395 401 412 400 381
-9999 -9999 -9999 -9999 -9999 -9999 -9999 -9999 -9999 -9999 -9999 -9999 -9999 -9999 -9999 -9999 -9999 320 322 324 326 327 330 333 335 333 334 337 339 343 359 364 370 372 371 374 373 369 367 369 368 366 368 369 371 374 375 376 378 380 381 386 396 397 396 391 389 391 392 395 401 405 405 405 393 393 393 394 400 406 398 397 401 404 407 410 412 407 399 399 397 395 398 396 391 391
-9999 -9999 -9999 -9999 -9999 -9999 -9999 -9999 -9999 -9999 -9999 -9999 -9999 -9999 -9999 -9999 -9999 -9999 323 325 326 328 332 335 332 334 335 340 341 345 357 364 373 379 367 374 377 374 365 365 366 367 374 383 379 374 376 388 379 380 390 387 385 399 397 394 394 392 394 394 400 403 403 398 395 394 395 395 397 398 400 402 405 409 410 412 410 411 408 402 401 398 396 395 398 402
-9999 -9999 -9999 -9999 -9999 -9999 -9999 -9999 -9999 -9999 -9999 -9999 -9999 -9999 -9999 -9999 -9999 -9999 324 326 328 328 330 331 333 336 338 342 345 347 349 373 371 371 368 370 380 379 377 364 372 378 385 383 375 375 382 393 379 390 398 399 391 400 401 399 399 400 394 395 397 404 403 398 398 395 398 397 398 399 403 404 406 411 410 410 408 409 411 409 406 402 398 396 397 392
-9999 -9999 -9999 -9999 -9999 -9999 -9999 -9999 -9999 -9999 -9999 -9999 -9999 -9999 -9999 -9999 -9999 -9999 -9999 327 329 329 331 334 337 338 343 345 354 359 358 369 369 360 363 367 377 380 380 368 383 388 391 379 378 376 382 392 386 393 401 401 397 401 401 400 402 396 396 396 397 398 404 404 403 397 401 403 401 403 405 405 407 410 411 408 417 418 410 411 407 403 400 397 394 387
-9999 -9999 -9999 -9999 -9999 -9999 -9999 -9999 -9999 -9999 -9999 -9999 -9999 -9999 -9999 -9999 -9999 -9999 -9999 -9999 330 330 333 335 340 341 344 346 352 350 360 374 359 356 358 359 365 375 386 374 375 389 391 388 381 376 381 389 397 397 401 401 402 402 402 402 402 401 398 396 398 399 400 400 401 403 404 405 404 403 404 405 407 411 411 413 415 413 408 406 405 403 400 406 401 387
-9999 -9999 -9999 -9999 -9999 -9999 -9999 -9999 -9999 -9999 -9999 -9999 -9999 -9999 -9999 -9999 -9999 -9999 -9999 -9999 330 331 334 336 339 342 344 346 349 350 352 354 355 356 358 363 376 384 389 378 385 397 395 387 385 377 386 391 401 400 402 403 402 403 403 402 400 401 403 398 399 401 401 401 402 403 407 408 406 403 403 404 407 411 412 409 410 407 406 405 404 401 412 408 393 382
-9999 -9999 -9999 -9999 -9999 -9999 -9999 -9999 -9999 -9999 -9999 -9999 -9999 -9999 -9999 -9999 -9999 -9999 -9999 -9999 331 333 335 337 339 343 344 346 349 352 352 354 355 358 360 372 368 386 391 390 392 398 393 388 388 378 380 398 400 403 403 402 402 402 402 402 397 402 403 400 399 401 402 403 403 403 405 409 409 407 405 405 404 405 406 406 405 403 401 400 398 394 411 402 387 379
-9999 -9999 -9999 -9999 -9999 -9999 -9999 -9999 -9999 -9999 -9999 -9999 -9999 -9999 -9999 -9999 -9999 -9999 -9999 -9999 -9999 334 336 337 339 343 345 349 352 353 352 355 356 360 361 362 377 384 388 395 400 400 392 388 380 381 389 396 402 403 402 401 399 401 401 398 398 404 404 401 399 401 403 403 403 403 403 407 407 408 408 407 405 404 404 403 402 400 397 394 391 388 386 381 376 376
-9999 -9999 -9999 -9999 -9999 -9999 -9999 -9999 -9999 -9999 -9999 -9999 -9999 -9999 -9999 -9999 -9999 -9999 -9999 -9999 -9999 335 337 338 341 343 345 348 347 351 352 355 358 360 368 372 381 385 378 387 397 402 387 384 384 388 399 402 400 401 401 399 396 394 402 397 395 404 405 405 402 401 403 403 402 402 403 404 404 405 408 408 407 406 402 400 398 396 393 389 386 383 380 376 373 371
-9999 -9999 -9999 -9999 -9999 -9999 -9999 -9999 -9999 -9999 -9999 -9999 -9999 -9999 -9999 -9999 -9999 -9999 -9999 -9999 -9999 -9999 339 340 343 346 348 348 347 356 357 358 359 360 363 366 371 378 378 393 400 403 395 395 389 397 403 401 396 396 399 397 392 395 392 393 395 404 402 401 400 400 404 401 402 400 399 399 402 403 407 409 409 406 400 399 395 393 391 387 382 379 376 374 371 368
-9999 -9999 -9999 -9999 -9999 -9999 -9999 -9999 -9999 -9999 -9999 -9999 -9999 -9999 -9999 -9999 -9999 -9999 -9999 -9999 -9999 -9999 339 341 344 347 349 354 348 353 358 360 361 368 365 365 368 376 386 395 399 404 404 402 396 402 401 401 399 389 389 394 391 397 398 393 395 398 401 405 401 399 403 403 403 402 401 399 399 402 403 404 405 404 403 394 393 390 388 386 381 377 374 370 368 365
-9999 -9999 -9999 -9999 -9999 -9999 -9999 -9999 -9999 -9999 -9999 -9999 -9999 -9999 -9999 -9999 -9999 -9999 -9999 -9999 -9999 -9999 340 343 345 348 349 351 349 355 359 361 362 368 382 380 385 390 397 396 399 402 404 403 402 403 401 393 394 395 395 393 390 392 396 394 395 401 403 407 403 401 402 403 401 403 403 401 401 399 399 398 402 396 395 394 391 393 390 384 382 375 371 368 365 363
-9999 -9999 -9999 -9999 -9999 -9999 -9999 -9999 -9999 -9999 -9999 -9999 -9999 -9999 -9999 -9999 -9999 -9999 -9999 -9999 -9999 -9999 341 343 346 348 350 348 352 358 358 360 363 369 377 384 388 392 392 398 393 402 402 399 402 405 405 403 395 392 388 395 391 392 394 394 401 403 397 407 405 401 402 402 403 405 407 404 402 401 398 397 396 396 405 400 405 406 390 392 388 382 372 368 362 359
-9999 -9999 -9999 -9999 -9999 -9999 -9999 -9999 -9999 -9999 -9999 -9999 -9999 -9999 -9999 -9999 -9999 -9999 -9999 -9999 -9999 -9999 -9999 344 346 349 350 348 355 358 360 361 365 367 378 377 383 386 381 389 387 399 400 394 399 404 404 405 401 400 389 390 391 393 393 394 401 405 398 398 399 401 401 405 408 408 407 408 402 401 402 396 395 396 405 414 413 415 414 415 413 395 373 365 360 356
-9999 -9999 -9999 -9999 -9999 -9999 -9999 -9999 -9999 -9999 -9999 -9999 -9999 -9999 -9999 -9999 -9999 -9999 -9999 -9999 -9999 -9999 -9999 -9999 346 346 348 349 356 357 360 363 365 367 378 375 370 379 378 382 389 391 398 390 396 398 402 403 397 398 397 391 392 393 394 398 400 399 398 399 399 400 400 401 410 411 408 407 406 405 404 399 393 391 387 395 400 415 410 417 417 416 394 369 356 353
-9999 -9999 -9999 -9999 -9999 -9999 -9999 -9999 -9999 -9999 -9999 -9999 -9999 -9999 -9999 -9999 -9999 -9999 -9999 -9999 -9999 -9999 -9999 -9999 346 347 353 355 356 358 360 363 362 367 369 370 371 373 388 385 386 382 399 385 391 395 399 404 396 391 390 391 392 393 400 401 398 397 397 398 399 399 401 400 408 412 412 409 408 409 405 396 394 393 389 381 389 386 383 388 395 410 399 360 353 350
-9999 -9999 -9999 -9999 -9999 -9999 -9999 -9999 -9999 -9999 -9999 -9999 -9999 -9999 -9999 -9999 -9999 -9999 -9999 -9999 -9999 -9999 -9999 -9999 -9999 348 353 356 358 354 361 357 362 364 365 368 373 378 386 381 383 387 393 392 387 390 394 405 402 394 390 390 392 398 403 397 396 396 397 398 398 400 407 412 412 410 414 413 412 404 397 395 394 391 389 385 384 374 371 369 366 388 379 359 349 347
-9999 -9999 -9999 -9999 -9999 -9999 -9999 -9999 -9999 -9999 -9999 -9999 -9999 -9999 -9999 -9999 -9999 -9999 -9999 -9999 -9999 -9999 -9999 -9999 -9999 -9999 351 355 355 355 359 359 365 367 370 373 374 374 376 387 385 380 385 388 384 391 401 401 403 396 392 391 394 400 399 395 395 396 396 398 398 398 407 410 410 410 410 411 409 401 403 396 398 398 394 394 402 394 382 388 365 359 356 352 349 346
-9999 -9999 -9999 -9999 -9999 -9999 -9999 -9999 -9999 -9999 -9999 -9999 -9999 -9999 -9999 -9999 -9999 -9999 -9999 -9999 -9999 -9999 -9999 -9999 -9999 -9999 -9999 353 355 361 362 360 367 367 370 372 374 380 387 385 387 381 381 383 385 393 404 395 400 401 391 391 390 392 392 393 395 395 397 400 399 401 408 409 409 409 410 411 411 409 412 409 401 412 414 402 402 403 382 391 392 362 354 352 348 347
-9999 -9999 -9999 -9999 -9999 -9999 -9999 -9999 -9999 -9999 -9999 -9999 -9999 -9999 -9999 -9999 -9999 -9999 -9999 -9999 -9999 -9999 -9999 -9999 -9999 -9999 -9999 354 357 360 360 365 364 367 372 374 379 382 385 383 390 382 389 391 392 396 388 388 395 400 391 389 393 394 394 394 396 396 402 406 401 398 401 408 408 409 411 411 413 413 416 416 406 413 418 411 417 405 382 407 406 380 362 351 348 347
-9999 -9999 -9999 -9999 -9999 -9999 -9999 -9999 -9999 -9999 -9999 -9999 -9999 -9999 -9999 -9999 -9999 -9999 -9999 -9999 -9999 -9999 -9999 -9999 -9999 -9999 -9999 -9999 357 358 361 361 367 371 373 376 379 379 380 381 382 381 385 392 394 391 387 389 397 400 392 390 393 399 395 394 394 395 398 397 396 397 397 401 409 413 413 412 415 418 418 414 416 410 420 416 417 406 394 402 400 369 380 366 355 352
-9999 -9999 -9999 -9999 -9999 -9999 -9999 -9999 -9999 -9999 -9999 -9999 -9999 -9999 -9999 -9999 -9999 -9999 -9999 -9999 -9999 -9999 -9999 -9999 -9999 -9999 -9999 -9999 354 360 360 366 369 371 374 373 378 380 379 382 380 382 385 386 395 388 387 389 391 400 394 391 393 399 397 394 393 396 395 401 407 397 400 410 414 414 416 415 414 418 418 419 420 420 420 419 413 403 408 415 414 411 408 369 360 352
-9999 -9999 -9999 -9999 -9999 -9999 -9999 -9999 -9999 -9999 -9999 -9999 -9999 -9999 -9999 -9999 -9999 -9999 -9999 -9999 -9999 -9999 -9999 -9999 -9999 -9999 -9999 -9999 -9999 -9999 362 365 369 371 375 372 378 380 379 382 379 385 391 395 400 391 384 386 392 403 393 391 393 395 390 396 394 401 410 413 414 406 399 413 415 418 418 418 416 419 419 420 421 421 422 422 410 407 412 419 423 424 424 386 358 353
-9999 -9999 -9999 -9999 -9999 -9999 -9999 -9999 -9999 -9999 -9999 -9999 -9999 -9999 -9999 -9999 -9999 -9999 -9999 -9999 -9999 -9999 -9999 -9999 -9999 -9999 -9999 -9999 -9999 -9999 -9999 363 367 367 367 369 378 378 376 377 381 390 387 390 389 387 387 391 392 393 388 387 385 388 397 408 399 398 410 414 417 409 404 412 415 419 419 419 419 420 420 420 422 422 422 420 411 407 414 423 425 425 421 381 359 367
-9999 -9999 -9999 -9999 -9999 -9999 -9999 -9999 -9999 -9999 -9999 -9999 -9999 -9999 -9999 -9999 -9999 -9999 -9999 -9999 -9999 -9999 -9999 -9999 -9999 -9999 -9999 -9999 -9999 -9999 -9999 -9999 365 363 363 365 375 373 381 383 388 389 388 385 382 387 394 390 379 381 393 395 398 400 406 409 396 400 410 416 418 414 403 409 410 413 419 420 421 421 421 421 422 423 421 418 413 408 411 417 425 398 394 368 400 387
-9999 -9999 -9999 -9999 -9999 -9999 -9999 -9999 -9999 -9999 -9999 -9999 -9999 -9999 -9999 -9999 -9999 -9999 -9999 -9999 -9999 -9999 -9999 -9999 -9999 -9999 -9999 -9999 -9999 -9999 -9999 -9999 -9999 363 363 365 370 375 380 383 386 386 385 383 382 391 387 384 391 395 403 403 403 409 408 407 399 402 413 417 418 416 397 399 407 412 415 420 421 422 423 423 424 424 424 424 425 424 419 422 426 424 424 422 401 367
-9999 -9999 -9999 -9999 -9999 -9999 -9999 -9999 -9999 -9999 -9999 -9999 -9999 -9999 -9999 -9999 -9999 -9999 -9999 -9999 -9999 -9999 -9999 -9999 -9999 -9999 -9999 -9999 -9999 -9999 -9999 -9999 -9999 363 364 365 367 377 380 369 373 371 372 379 385 386 389 395 395 404 410 411 414 410 402 405 404 408 415 418 417 410 403 393 413 410 417 420 421 423 423 424 424 425 425 424 426 427 425 426 414 418 428 429 407 375
-9999 -9999 -9999 -9999 -9999 -9999 -9999 -9999 -9999 -9999 -9999 -9999 -9999 -9999 -9999 -9999 -9999 -9999 -9999 -9999 -9999 -9999 -9999 -9999 -9999 -9999 -9999 -9999 -9999 -9999 -9999 -9999 -9999 -9999 365 365 369 367 368 369 370 372 384 391 400 394 400 406 410 411 408 412 414 409 398 399 399 413 416 419 420 415 408 401 401 400 405 420 422 423 423 425 425 425 423 425 427 423 403 423 405 422 430 430 420 413
-9999 -9999 -9999 -9999 -9999 -9999 -9999 -9999 -9999 -9999 -9999 -9999 -9999 -9999 -9999 -9999 -9999 -9999 -9999 -9999 -9999 -9999 -9999 -9999 -9999 -9999 -9999 -9999 -9999 -9999 -9999 -9999 -9999 -9999 -9999 366 367 368 369 371 385 390 389 388 399 397 400 402 409 410 407 411 411 405 397 397 403 406 407 419 418 417 402 390 399 416 422 423 424 424 413 405 425 419 422 424 407 399 391 395 400 413 430 432 432 430
-9999 -9999 -9999 -9999 -9999 -9999 -9999 -9999 -9999 -9999 -9999 -9999 -9999 -9999 -9999 -9999 -9999 -9999 -9999 -9999 -9999 -9999 -9999 -9999 -9999 -9999 -9999 -9999 -9999 -9999 -9999 -9999 -9999 -9999 -9999 366 368 369 372 379 389 390 395 395 396 394 397 402 406 401 399 407 408 403 395 395 402 400 404 407 414 417 407 388 389 412 424 424 425 426 415 403 421 415 413 393 407 380 379 398 415 417 428 433 434 432
-9999 -9999 -9999 -9999 -9999 -9999 -9999 -9999 -9999 -9999 -9999 -9999 -9999 -9999 -9999 -9999 -9999 -9999 -9999 -9999 -9999 -9999 -9999 -9999 -9999 -9999 -9999 -9999 -9999 -9999 -9999 -9999 -9999 -9999 -9999 -9999 369 375 378 384 385 390 392 395 392 396 404 402 399 394 400 403 405 400 394 393 399 406 413 412 418 420 407 393 395 414 418 408 425 427 410 401 418 424 399 387 382 377 392 426 432 433 433 431 431 433
