worldclim/bio19_cr.asc
ncols        411
nrows        382
xllcorner    -85.979072453958
yllcorner    8.036441368777
cellsize     0.008333330000
NODATA_value  -9999
[rows 114 to 151 of 382, columns 258 to 343 of 411]
1145 1149 1151 1256 1260 1259 1152 1238 1224 1221 1209 1201 1130 1180 1122 1120 1158 1158 1125 1158 1159 1163 1168 1175 1182 1187 1188 1197 1209 1215 1217 1219 1229 1233 1234 1238 1241 1243 1245 1247 1251 1254 1261 1268 1268 1270 1277 1283 1287 1291 1290 1293 1295 1299 1301 1301 1308 1307 1308 1304 1309 -9999 -9999 -9999 -9999 -9999 -9999 -9999 -9999 -9999 -9999 -9999 -9999 -9999 -9999 -9999 -9999 -9999 -9999 -9999 -9999 -9999 -9999 -9999 -9999 -9999
1148 1151 1153 1156 1270 1265 1246 1240 1234 1220 1208 1200 1187 1114 1164 1106 1106 1142 1108 1141 1145 1150 1155 1160 1168 1165 1175 1184 1195 1204 1208 1207 1218 1220 1223 1225 1228 1230 1234 1236 1240 1242 1247 1251 1255 1259 1265 1273 1277 1282 1281 1288 1292 1290 1293 1294 1298 1299 1300 1299 1296 1298 -9999 -9999 -9999 -9999 -9999 -9999 -9999 -9999 -9999 -9999 -9999 -9999 -9999 -9999 -9999 -9999 -9999 -9999 -9999 -9999 -9999 -9999 -9999 -9999
1262 1265 1272 1271 1164 1275 1265 1255 1233 1229 1209 1205 1117 1171 1101 1096 1091 1090 1125 1097 1104 1134 1140 1147 1155 1162 1161 1171 1184 1189 1196 1200 1206 1208 1212 1213 1217 1219 1221 1223 1227 1230 1235 1240 1243 1252 1256 1260 1270 1267 1275 1275 1279 1283 1284 1286 1292 1292 1292 1292 1293 1285 1288 -9999 -9999 -9999 -9999 -9999 -9999 -9999 -9999 -9999 -9999 -9999 -9999 -9999 -9999 -9999 -9999 -9999 -9999 -9999 -9999 -9999 -9999 -9999
1159 1283 1280 1298 1283 1292 1284 1254 1243 1230 1232 1210 1193 1104 1152 1088 1126 1075 1110 1110 1087 1120 1127 1135 1143 1150 1147 1157 1167 1176 1181 1187 1193 1197 1200 1201 1204 1208 1209 1213 1214 1219 1223 1228 1233 1238 1243 1249 1256 1259 1263 1268 1271 1275 1276 1278 1279 1279 1285 1285 1284 1282 1280 1281 -9999 -9999 -9999 -9999 -9999 -9999 -9999 -9999 -9999 -9999 -9999 -9999 -9999 -9999 -9999 -9999 -9999 -9999 -9999 -9999 -9999 -9999
1293 1296 1305 1309 1177 1302 1303 1283 1287 1249 1239 1226 1129 1177 1158 1084 1068 1060 1059 1065 1072 1106 1114 1121 1129 1139 1135 1144 1154 1162 1168 1175 1181 1184 1187 1191 1193 1194 1198 1204 1203 1208 1211 1217 1223 1228 1234 1239 1244 1250 1255 1260 1263 1267 1271 1271 1272 1272 1270 1271 1274 1270 1268 1272 1267 -9999 -9999 -9999 -9999 -9999 -9999 -9999 -9999 -9999 -9999 -9999 -9999 -9999 -9999 -9999 -9999 -9999 -9999 -9999 -9999 -9999
1305 1311 1319 1325 1329 1330 1326 1312 1300 1282 1261 1257 1251 1115 1172 1146 1117 1051 1042 1078 1058 1065 1075 1084 1103 1112 1122 1130 1141 1148 1157 1163 1170 1175 1178 1179 1181 1184 1188 1190 1199 1195 1198 1205 1212 1218 1224 1229 1236 1241 1245 1251 1255 1259 1263 1264 1265 1265 1263 1261 1262 1258 1260 1263 1264 1258 -9999 -9999 -9999 -9999 -9999 -9999 -9999 -9999 -9999 -9999 -9999 -9999 -9999 -9999 -9999 -9999 -9999 -9999 -9999 -9999
1304 1314 1186 1192 1332 1335 1338 1336 1325 1302 1289 1261 1238 1216 1198 1157 1125 1037 1067 1029 1069 1050 1061 1077 1090 1116 1123 1119 1129 1138 1145 1153 1159 1165 1167 1171 1172 1175 1177 1181 1179 1183 1187 1194 1201 1207 1214 1221 1226 1231 1235 1242 1248 1252 1256 1257 1258 1256 1255 1253 1252 1250 1250 1248 1252 1252 1249 -9999 -9999 -9999 -9999 -9999 -9999 -9999 -9999 -9999 -9999 -9999 -9999 -9999 -9999 -9999 -9999 -9999 -9999 -9999
1303 1172 1315 1320 1324 1329 1330 1331 1200 1315 1301 1295 1173 1237 1204 1156 1115 1086 1074 1054 1025 1067 1049 1064 1074 1084 1094 1121 1130 1127 1135 1142 1149 1154 1159 1163 1164 1169 1169 1167 1169 1171 1176 1185 1191 1198 1203 1209 1216 1222 1228 1233 1239 1244 1250 1250 1248 1246 1246 1242 1241 1241 1238 1238 1242 1242 1243 1240 -9999 -9999 -9999 -9999 -9999 -9999 -9999 -9999 -9999 -9999 -9999 -9999 -9999 -9999 -9999 -9999 -9999 -9999
1153 1163 1306 1310 1181 1318 1191 1324 1324 1316 1331 1322 1297 1292 1245 1169 1137 1120 1106 1073 1059 1061 1039 1054 1062 1073 1084 1095 1107 1118 1127 1135 1140 1147 1151 1155 1157 1160 1161 1160 1161 1163 1170 1177 1183 1190 1194 1201 1207 1212 1219 1225 1229 1234 1240 1240 1237 1235 1233 1232 1230 1229 1226 1233 1233 1231 1232 1233 -9999 -9999 -9999 -9999 -9999 -9999 -9999 -9999 -9999 -9999 -9999 -9999 -9999 -9999 -9999 -9999 -9999 -9999
1142 1288 1157 1164 1171 1308 1181 1186 1192 1320 1323 1326 1323 1324 1304 1210 1165 1093 1134 1110 1035 1084 1027 1038 1082 1059 1072 1108 1098 1110 1119 1128 1134 1140 1147 1151 1151 1154 1155 1153 1159 1159 1164 1169 1176 1182 1185 1192 1199 1203 1210 1216 1220 1223 1226 1226 1225 1228 1221 1219 1220 1220 1220 1222 1222 1222 1222 1223 1224 -9999 -9999 -9999 -9999 -9999 -9999 -9999 -9999 -9999 -9999 -9999 -9999 -9999 -9999 -9999 -9999 -9999
1128 1135 1143 1150 1158 1164 1171 1177 1183 1305 1310 1316 1318 1319 1313 1269 1226 1217 1180 1138 1158 1134 1055 1073 1041 1092 1097 1078 1091 1102 1112 1121 1131 1138 1142 1140 1151 1151 1147 1148 1152 1155 1158 1163 1170 1172 1177 1184 1190 1195 1200 1204 1208 1211 1213 1212 1211 1212 1209 1208 1207 1207 1208 1211 1212 1212 1212 1213 1215 1215 -9999 -9999 -9999 -9999 -9999 -9999 -9999 -9999 -9999 -9999 -9999 -9999 -9999 -9999 -9999 -9999
1111 1120 1127 1129 1136 1145 1154 1286 1168 1170 1179 1306 1193 1311 1313 1282 1244 1242 1196 1174 1185 1183 1150 1118 1101 1102 1100 1072 1113 1097 1126 1119 1128 1134 1138 1143 1146 1139 1140 1146 1148 1150 1153 1158 1161 1165 1170 1175 1182 1186 1191 1193 1196 1198 1199 1198 1198 1202 1196 1202 1195 1194 1197 1196 1201 1202 1203 1204 1204 1207 1206 -9999 -9999 -9999 -9999 -9999 -9999 -9999 -9999 -9999 -9999 -9999 -9999 -9999 -9999 -9999
1088 1097 1106 1102 1120 1125 1128 1139 1146 1152 1160 1175 1181 1187 1304 1195 1201 1244 1229 1213 1217 1215 1188 1165 1132 1118 1108 1073 1084 1094 1105 1116 1125 1132 1140 1142 1141 1141 1145 1143 1144 1145 1148 1150 1153 1158 1163 1168 1173 1185 1179 1182 1184 1186 1187 1188 1192 1184 1183 1182 1182 1184 1188 1189 1188 1192 1194 1195 1196 1196 1196 -9999 -9999 -9999 -9999 -9999 -9999 -9999 -9999 -9999 -9999 -9999 -9999 -9999 -9999 -9999
1061 1069 1082 1075 1083 1097 1099 1108 1113 1122 1140 1153 1161 1171 1180 1185 1189 1294 1280 1267 1253 1242 1223 1183 1162 1138 1136 1136 1127 1095 1104 1115 1125 1134 1140 1142 1143 1144 1141 1141 1140 1141 1142 1144 1146 1150 1155 1161 1165 1173 1178 1174 1175 1175 1175 1174 1172 1170 1168 1169 1170 1171 1179 1181 1181 1183 1185 1185 1187 1190 1191 1192 -9999 -9999 -9999 -9999 -9999 -9999 -9999 -9999 -9999 -9999 -9999 -9999 -9999 -9999
1025 1036 1059 1050 1030 1053 1060 1066 1080 1095 1108 1126 1111 1142 1164 1161 1178 1184 1188 1287 1270 1238 1222 1195 1207 1162 1160 1107 1148 1100 1108 1139 1124 1134 1143 1146 1148 1144 1143 1139 1137 1137 1136 1137 1139 1144 1147 1152 1165 1165 1165 1163 1164 1164 1164 1161 1159 1156 1155 1155 1158 1167 1162 1165 1166 1173 1174 1176 1178 1183 1183 1182 1183 -9999 -9999 -9999 -9999 -9999 -9999 -9999 -9999 -9999 -9999 -9999 -9999 -9999
992 998 1033 1011 984 1000 1003 1044 1042 1047 1066 1078 1083 1120 1120 1142 1158 1171 1177 1181 1183 1269 1237 1218 1203 1182 1187 1185 1159 1150 1149 1112 1144 1130 1141 1150 1149 1145 1144 1138 1134 1130 1129 1130 1133 1136 1141 1146 1159 1154 1155 1156 1155 1155 1157 1150 1148 1145 1144 1144 1145 1148 1152 1153 1157 1159 1165 1165 1172 1170 1175 1176 1177 1175 -9999 -9999 -9999 -9999 -9999 -9999 -9999 -9999 -9999 -9999 -9999 -9999
947 952 984 976 949 934 948 964 950 1012 1023 1036 1048 1077 1082 1127 1139 1149 1160 1171 1282 1164 1142 1220 1231 1222 1210 1202 1187 1172 1165 1144 1144 1126 1136 1146 1152 1149 1142 1136 1130 1125 1123 1123 1125 1128 1133 1139 1145 1145 1147 1145 1144 1144 1141 1138 1135 1133 1133 1133 1135 1138 1141 1145 1150 1150 1153 1158 1163 1163 1163 1166 1169 1171 1173 -9999 -9999 -9999 -9999 -9999 -9999 -9999 -9999 -9999 -9999 -9999
921 919 917 904 917 901 925 910 920 948 974 978 984 1013 1036 1072 1094 1118 1141 1156 1164 1275 1263 1262 1236 1218 1217 1208 1203 1126 1166 1153 1147 1146 1128 1154 1149 1147 1142 1131 1123 1120 1116 1115 1116 1122 1124 1130 1135 1146 1148 1138 1135 1133 1128 1126 1124 1122 1121 1124 1126 1128 1132 1136 1140 1144 1145 1147 1151 1154 1156 1158 1159 1161 1163 1164 -9999 -9999 -9999 -9999 -9999 -9999 -9999 -9999 -9999 -9999
826 877 836 855 875 864 881 879 884 898 923 928 936 958 993 1026 1052 1077 1115 1139 1151 1158 1267 1165 1241 1157 1147 1216 1202 1187 1167 1163 1151 1116 1145 1136 1142 1143 1139 1125 1116 1111 1106 1106 1109 1112 1117 1124 1135 1135 1140 1133 1130 1128 1120 1115 1112 1110 1110 1114 1116 1119 1123 1127 1135 1142 1137 1141 1145 1148 1150 1151 1153 1153 1155 1156 1156 -9999 -9999 -9999 -9999 -9999 -9999 -9999 -9999 -9999
753 809 830 797 814 832 836 844 860 876 892 906 923 934 961 985 1005 1036 1056 1108 1119 1136 1260 1263 1262 1158 1151 1233 1136 1132 1178 1159 1155 1115 1138 1122 1132 1140 1127 1116 1112 1111 1103 1104 1098 1106 1114 1135 1142 1150 1155 1152 1124 1119 1110 1102 1100 1097 1099 1103 1109 1111 1115 1121 1125 1127 1131 1135 1138 1141 1143 1144 1145 1145 1149 1153 1152 -9999 -9999 -9999 -9999 -9999 -9999 -9999 -9999 -9999
706 749 789 776 789 801 818 838 858 878 890 906 922 938 941 950 963 997 1034 1069 1074 1116 1137 1144 1149 1152 1152 1242 1243 1214 1126 1186 1175 1100 1168 1160 1144 1133 1122 1098 1081 1134 1143 1153 1155 1140 1154 1135 1144 1144 1145 1144 1134 1112 1099 1089 1086 1084 1087 1093 1098 1102 1108 1112 1117 1122 1125 1129 1132 1136 1137 1138 1139 1140 1145 1145 1144 1146 -9999 -9999 -9999 -9999 -9999 -9999 -9999 -9999
701 747 738 759 776 798 818 835 850 868 910 934 919 929 944 960 980 968 989 1020 1028 1064 1104 1128 1133 1141 1144 1146 1146 1139 1079 1079 1133 1129 1175 1204 1139 1155 1133 1127 1132 1153 1153 1155 1161 1162 1165 1157 1149 1142 1143 1136 1125 1108 1088 1081 1071 1071 1077 1084 1089 1096 1102 1107 1113 1117 1120 1124 1127 1130 1130 1132 1133 1133 1138 1139 1140 1140 1139 -9999 -9999 -9999 -9999 -9999 -9999 -9999
691 711 736 752 771 798 828 836 844 872 959 978 756 974 776 999 967 983 968 984 1003 1024 1041 1075 1104 1127 1133 1136 1138 1140 1117 1121 1118 1132 1141 1140 1141 1143 1174 1096 1137 1146 1148 1144 1148 1154 1155 1155 1152 1134 1133 1133 1123 1100 1078 1071 1065 1062 1068 1076 1084 1091 1097 1103 1107 1111 1115 1118 1121 1123 1125 1126 1127 1127 1132 1131 1133 1133 1133 1133 -9999 -9999 -9999 -9999 -9999 -9999
683 774 814 822 849 857 859 905 946 720 933 671 629 680 735 1013 1019 983 978 967 976 995 1013 1028 1038 1099 1122 1125 1128 1074 1131 1130 1132 1132 1130 1140 1133 1127 1134 1120 1136 1134 1128 1133 1143 1145 1146 1149 1146 1139 1154 1156 1142 1121 1072 1069 1062 1061 1065 1073 1080 1086 1094 1099 1103 1108 1111 1114 1116 1118 1119 1121 1121 1122 1122 1123 1125 1129 1128 1128 -9999 -9999 -9999 -9999 -9999 -9999
678 702 868 886 894 677 662 604 651 650 723 634 667 748 995 995 958 985 990 968 966 974 983 1006 1064 1083 1106 1116 1125 1118 1120 1130 1126 1124 1125 1147 1126 1133 1121 1094 1099 1122 1121 1133 1122 1109 1125 1132 1141 1135 1143 1145 1149 1145 1075 1069 1063 1060 1065 1069 1078 1084 1088 1092 1099 1103 1107 1110 1111 1113 1114 1114 1116 1116 1117 1118 1121 1121 1123 1124 1123 -9999 -9999 -9999 -9999 -9999
675 691 621 596 598 639 594 552 563 641 681 595 660 714 996 989 961 975 994 970 957 966 984 1056 1086 1092 1103 1092 1063 1183 1114 1132 1134 1130 1138 1140 1128 1115 1114 1104 1094 1120 1109 1120 1111 1118 1104 1113 1130 1135 1135 1139 1139 1126 1075 1101 1060 1060 1062 1067 1073 1080 1086 1092 1096 1101 1104 1107 1107 1108 1109 1110 1110 1110 1112 1112 1112 1112 1117 1117 1117 1115 -9999 -9999 -9999 -9999
743 688 857 500 512 540 430 378 406 578 677 577 571 660 742 999 950 975 992 955 960 955 975 980 1071 1096 1096 1164 1168 1103 1209 1099 1126 1062 1108 1102 1100 1187 1102 1100 1092 1110 1083 1090 1083 1100 1102 1093 1125 1121 1105 1129 1130 1099 1102 1108 1058 1058 1060 1064 1071 1076 1083 1088 1094 1098 1102 1104 1104 1105 1105 1105 1105 1105 1105 1106 1106 1110 1111 1111 1112 1111 -9999 -9999 -9999 -9999
579 801 701 565 396 372 362 326 396 543 588 537 476 605 701 712 976 966 921 935 950 985 967 1054 1075 1185 1042 1047 1083 1087 1089 1055 1064 1056 1093 1109 1103 1095 1099 1083 1077 1102 1162 1073 1093 1081 1097 1095 1113 1099 1091 1119 1125 1109 1124 1112 1055 1056 996 1000 1069 1075 1081 1086 1090 1096 1099 1101 1101 1101 1100 1100 1100 1101 1100 1101 1101 1104 1105 1105 1101 1104 1105 -9999 -9999 -9999
429 574 795 567 351 341 322 256 332 385 390 366 582 677 749 761 973 967 996 917 941 947 957 985 1049 1195 1195 1068 1071 1072 1075 1040 1048 1088 1077 1081 1086 1075 1085 1079 1092 1162 1077 1085 1084 1069 1072 1079 1105 1110 1112 1110 1116 1090 1120 1113 1084 1061 1060 998 1001 1008 1078 1083 1087 1093 1097 1098 1097 1096 1096 1096 1096 1095 1096 1096 1096 1096 1096 1096 1099 1099 1099 1098 -9999 -9999
484 808 820 476 342 326 259 285 251 293 328 373 495 634 743 957 936 958 997 921 919 940 940 949 1012 1196 1070 1053 1058 1058 1064 1020 1073 1066 1073 1067 1072 1072 1079 1070 1157 1071 1075 1073 1074 1062 1083 1083 1098 1101 1104 1099 1075 1108 1112 1110 1086 1088 1061 996 1003 1007 1008 1079 1009 1013 1093 1093 1093 1092 1091 1091 1091 1090 1092 1092 1090 1091 1090 1090 1094 1092 1091 1089 1091 -9999
479 550 480 339 341 330 261 247 284 319 355 391 498 614 974 970 933 991 972 896 918 921 931 947 1016 1060 1040 1069 1063 1168 1046 1014 1055 1057 1057 1064 1155 1070 1156 1052 1063 1052 1048 1057 1140 1081 1085 1089 1086 1086 1087 1085 1099 1103 1105 1103 1093 1111 1104 1058 1064 1070 1006 1077 1009 1009 1010 1087 1088 1086 1086 1086 1086 1086 1086 1087 1087 1085 1088 1087 1088 1086 1084 1087 1086 1083
431 481 430 326 336 331 317 315 344 373 426 558 655 724 742 940 955 992 933 886 903 908 924 952 1018 1168 1163 1169 1182 1038 1026 1036 1044 1165 1164 1145 1043 1042 1044 1048 996 1018 1044 1042 1059 1074 1078 1070 1076 1084 1087 1086 1090 1072 1075 1097 1102 1104 1106 1103 1001 1004 1004 1073 1006 1006 1080 1002 1002 999 997 995 1081 1082 1006 1100 990 1085 1081 1081 1078 1080 1080 1080 1076 1076
306 404 362 317 330 334 341 351 388 505 602 685 714 951 923 910 956 993 903 875 891 897 908 942 992 1004 1178 1052 1049 1037 1027 1043 1042 1116 1049 1042 1031 1019 1033 1023 1000 1033 1034 1030 1033 1040 1070 1066 1067 1071 1076 1060 1056 1057 1076 1077 1088 1089 1094 1102 1063 1066 1004 1002 1072 1074 1059 1108 1033 995 1079 1092 1004 1004 992 1114 1122 1114 1082 1082 1079 1072 1072 1070 1071 1072
307 320 325 314 331 338 345 378 559 589 688 926 704 913 890 915 983 911 858 859 872 885 894 916 963 1009 1036 1042 1045 1034 1014 1150 1043 1147 1016 1014 975 984 967 962 983 1020 1021 1022 1023 1057 1045 1026 1014 1090 1013 1028 1037 1055 1058 1057 1063 1076 1091 1091 1006 1063 1064 1075 1083 1109 1105 1114 1116 1118 1122 1123 1048 1012 1077 1087 1016 1128 1129 1076 1074 1070 1069 1067 1064 1060
215 251 279 298 331 339 437 543 626 900 913 914 877 867 898 953 933 871 838 850 868 874 880 911 981 1023 1162 1155 1001 990 980 984 1017 1024 1013 998 949 953 944 956 963 1009 1012 1027 1013 1014 1030 1013 1018 1045 1013 984 1021 1033 1043 1069 1074 1080 1082 1072 1056 1060 1060 997 1066 1068 1093 1108 1109 1070 1107 1114 1115 1055 1026 1016 1003 1025 1047 1124 1104 1066 1066 1060 1057 1063
267 288 291 318 326 479 532 611 659 665 885 876 876 873 896 958 905 835 832 846 850 862 866 885 986 1024 1016 995 956 960 949 971 1001 1024 988 978 941 922 928 969 991 990 960 1001 1027 1020 1006 1003 1094 1016 984 946 994 1016 1046 1079 1070 1072 1061 1052 1064 1080 1031 994 996 998 1068 1072 1091 1108 1049 1113 1112 1117 1025 1114 1011 1010 994 1073 1061 1062 1082 1097 1093 1092
301 308 317 318 370 527 623 818 829 832 811 822 840 892 965 787 790 803 824 831 849 856 874 913 941 1155 955 942 927 922 920 917 966 1001 940 928 977 916 911 920 960 963 935 963 991 1012 994 1003 1012 994 978 954 953 992 992 998 1070 1065 1048 1048 1075 1078 1077 1084 1085 999 1063 1091 1098 1090 1105 1101 1108 1106 1114 1114 1034 1024 1067 1062 1060 1090 1055 1052 1062 1083
308 304 303 326 499 828 805 809 824 781 799 906 894 904 941 958 779 802 810 820 832 865 905 940 981 958 911 893 887 892 893 909 963 998 915 901 898 929 900 903 921 922 917 928 941 975 985 988 967 987 945 935 946 952 974 997 1036 1042 1044 1064 1068 1058 1050 1063 1080 1064 1079 1092 1094 1098 1100 1096 1095 1101 1105 1114 1042 1072 1064 1069 1060 1077 959 1056 1053 1046
