worldclim/bio15_cr.asc
ncols        411
nrows        382
xllcorner    -85.979072453958
yllcorner    8.036441368777
cellsize     0.008333330000
NODATA_value  -9999
[rows 0 to 40 of 382, columns 0 to 91 of 411]
-9999 -9999 -9999 -9999 -9999 -9999 -9999 -9999 -9999 -9999 -9999 -9999 -9999 -9999 -9999 -9999 -9999 -9999 -9999 -9999 -9999 -9999 -9999 -9999 -9999 -9999 -9999 -9999 -9999 -9999 -9999 -9999 -9999 -9999 -9999 -9999 -9999 -9999 -9999 -9999 -9999 -9999 -9999 67 66 65 74 74 -9999 -9999 -9999 -9999 -9999 -9999 -9999 -9999 -9999 -9999 -9999 -9999 -9999 -9999 -9999 -9999 -9999 -9999 -9999 -9999 -9999 -9999 -9999 -9999 -9999 -9999 -9999 -9999 -9999 -9999 -9999 -9999 -9999 -9999 -9999 -9999 -9999 -9999 -9999 -9999 -9999 -9999 -9999 -9999
-9999 -9999 -9999 -9999 -9999 -9999 -9999 -9999 -9999 -9999 -9999 -9999 -9999 -9999 -9999 -9999 -9999 -9999 -9999 -9999 -9999 -9999 -9999 -9999 -9999 -9999 -9999 -9999 -9999 -9999 -9999 -9999 -9999 -9999 -9999 -9999 -9999 -9999 -9999 -9999 -9999 -9999 -9999 67 66 67 73 74 74 73 -9999 -9999 -9999 -9999 -9999 -9999 -9999 -9999 -9999 -9999 -9999 -9999 -9999 -9999 -9999 -9999 -9999 -9999 -9999 -9999 -9999 -9999 -9999 -9999 -9999 -9999 -9999 -9999 -9999 -9999 -9999 -9999 -9999 -9999 -9999 -9999 -9999 -9999 -9999 -9999 -9999 -9999
-9999 -9999 -9999 -9999 -9999 -9999 -9999 -9999 -9999 -9999 -9999 -9999 -9999 -9999 -9999 -9999 -9999 -9999 -9999 -9999 -9999 -9999 -9999 -9999 -9999 -9999 -9999 -9999 -9999 -9999 -9999 -9999 -9999 -9999 -9999 -9999 -9999 -9999 -9999 -9999 -9999 -9999 66 67 67 67 68 74 73 72 73 -9999 -9999 -9999 -9999 -9999 -9999 -9999 -9999 -9999 -9999 -9999 -9999 -9999 -9999 -9999 -9999 -9999 -9999 -9999 -9999 -9999 -9999 -9999 -9999 -9999 -9999 -9999 -9999 -9999 -9999 -9999 -9999 -9999 -9999 -9999 -9999 -9999 -9999 -9999 -9999 -9999
-9999 -9999 -9999 -9999 -9999 -9999 -9999 -9999 -9999 -9999 -9999 -9999 -9999 -9999 -9999 -9999 -9999 -9999 -9999 -9999 -9999 -9999 -9999 -9999 -9999 -9999 -9999 -9999 -9999 -9999 -9999 -9999 -9999 -9999 -9999 -9999 -9999 -9999 -9999 -9999 -9999 -9999 68 67 67 67 69 73 74 73 73 70 -9999 -9999 -9999 -9999 -9999 -9999 -9999 -9999 -9999 -9999 -9999 -9999 -9999 -9999 -9999 -9999 -9999 -9999 -9999 -9999 -9999 -9999 -9999 -9999 -9999 -9999 -9999 -9999 -9999 -9999 -9999 -9999 -9999 -9999 -9999 -9999 -9999 -9999 -9999 -9999
-9999 -9999 -9999 -9999 -9999 -9999 -9999 -9999 -9999 -9999 -9999 -9999 -9999 -9999 -9999 -9999 -9999 -9999 -9999 -9999 -9999 -9999 -9999 -9999 -9999 -9999 -9999 -9999 -9999 -9999 -9999 -9999 -9999 -9999 -9999 -9999 -9999 -9999 -9999 -9999 -9999 69 68 68 68 68 68 73 73 74 71 70 70 -9999 -9999 -9999 -9999 -9999 -9999 -9999 -9999 -9999 -9999 -9999 -9999 -9999 -9999 -9999 -9999 -9999 -9999 -9999 -9999 -9999 -9999 -9999 -9999 -9999 -9999 -9999 -9999 -9999 -9999 -9999 -9999 -9999 -9999 -9999 -9999 -9999 -9999 -9999
-9999 -9999 -9999 -9999 -9999 -9999 -9999 -9999 -9999 -9999 -9999 -9999 -9999 -9999 -9999 -9999 -9999 -9999 -9999 -9999 -9999 -9999 -9999 -9999 -9999 -9999 -9999 -9999 -9999 -9999 -9999 -9999 -9999 -9999 -9999 -9999 -9999 -9999 -9999 -9999 71 70 69 69 69 69 70 70 73 72 71 71 70 70 -9999 -9999 -9999 -9999 -9999 -9999 -9999 -9999 -9999 -9999 -9999 -9999 -9999 -9999 -9999 -9999 -9999 -9999 -9999 -9999 -9999 -9999 -9999 -9999 -9999 -9999 -9999 -9999 -9999 -9999 -9999 -9999 -9999 -9999 -9999 -9999 -9999 -9999
-9999 -9999 -9999 -9999 -9999 -9999 -9999 -9999 -9999 -9999 -9999 -9999 -9999 -9999 -9999 -9999 -9999 -9999 -9999 -9999 -9999 -9999 -9999 -9999 -9999 -9999 -9999 -9999 -9999 -9999 -9999 -9999 -9999 -9999 -9999 -9999 -9999 -9999 -9999 -9999 71 70 70 69 69 69 70 70 72 71 72 70 71 71 71 71 -9999 -9999 -9999 -9999 -9999 -9999 -9999 -9999 -9999 -9999 -9999 -9999 -9999 -9999 -9999 -9999 -9999 -9999 -9999 -9999 -9999 -9999 -9999 -9999 -9999 -9999 -9999 -9999 -9999 -9999 -9999 -9999 -9999 -9999 -9999 -9999
-9999 -9999 -9999 -9999 -9999 -9999 -9999 -9999 -9999 -9999 -9999 -9999 -9999 -9999 -9999 -9999 -9999 -9999 -9999 -9999 -9999 -9999 -9999 -9999 -9999 -9999 -9999 -9999 -9999 -9999 -9999 -9999 -9999 -9999 -9999 -9999 -9999 -9999 -9999 73 72 71 71 71 70 70 71 72 73 73 73 71 72 71 73 72 71 71 -9999 -9999 -9999 -9999 -9999 -9999 -9999 -9999 -9999 -9999 -9999 -9999 -9999 -9999 -9999 -9999 -9999 -9999 -9999 -9999 -9999 -9999 -9999 -9999 -9999 -9999 -9999 -9999 -9999 -9999 -9999 -9999 -9999 -9999
-9999 -9999 -9999 -9999 -9999 -9999 -9999 -9999 -9999 -9999 -9999 -9999 -9999 -9999 -9999 -9999 -9999 -9999 -9999 -9999 -9999 -9999 -9999 -9999 -9999 -9999 -9999 -9999 -9999 -9999 -9999 -9999 -9999 -9999 -9999 -9999 -9999 -9999 -9999 76 74 73 72 73 71 71 72 73 75 75 73 73 73 71 72 73 72 71 71 71 71 -9999 -9999 -9999 -9999 -9999 -9999 -9999 -9999 -9999 -9999 -9999 -9999 -9999 -9999 -9999 -9999 -9999 -9999 -9999 -9999 -9999 -9999 -9999 -9999 -9999 -9999 -9999 -9999 -9999 -9999 -9999
-9999 -9999 -9999 -9999 -9999 -9999 -9999 -9999 -9999 -9999 -9999 -9999 -9999 -9999 -9999 -9999 -9999 -9999 -9999 -9999 -9999 -9999 -9999 -9999 -9999 -9999 -9999 -9999 -9999 -9999 -9999 -9999 -9999 -9999 -9999 -9999 -9999 -9999 77 77 77 74 73 75 73 73 73 74 75 75 74 74 72 73 72 73 73 72 71 71 71 71 71 71 -9999 -9999 -9999 -9999 -9999 -9999 -9999 -9999 -9999 -9999 -9999 -9999 -9999 -9999 -9999 -9999 -9999 -9999 -9999 -9999 -9999 -9999 -9999 -9999 -9999 -9999 -9999 -9999
-9999 -9999 -9999 -9999 -9999 -9999 -9999 -9999 -9999 -9999 -9999 -9999 -9999 -9999 -9999 -9999 -9999 -9999 -9999 -9999 -9999 -9999 -9999 -9999 -9999 -9999 -9999 -9999 -9999 -9999 -9999 -9999 -9999 -9999 -9999 -9999 -9999 79 80 79 78 75 74 76 74 74 76 75 76 76 75 72 74 73 73 73 71 72 72 71 71 71 71 71 70 70 -9999 -9999 -9999 -9999 -9999 -9999 -9999 -9999 -9999 -9999 -9999 -9999 -9999 -9999 -9999 -9999 -9999 -9999 -9999 -9999 -9999 -9999 -9999 -9999 -9999 -9999
-9999 -9999 -9999 -9999 -9999 -9999 -9999 -9999 -9999 -9999 -9999 -9999 -9999 -9999 -9999 -9999 -9999 -9999 -9999 -9999 -9999 -9999 -9999 -9999 -9999 -9999 -9999 -9999 -9999 -9999 -9999 -9999 -9999 -9999 -9999 -9999 -9999 81 80 79 76 78 76 77 75 74 74 76 76 74 75 74 75 74 74 73 72 73 73 72 72 71 71 71 71 70 70 70 70 69 69 69 68 68 68 -9999 -9999 -9999 -9999 -9999 -9999 -9999 -9999 -9999 -9999 -9999 -9999 -9999 -9999 -9999 -9999 -9999
-9999 -9999 -9999 -9999 -9999 -9999 -9999 -9999 -9999 -9999 -9999 -9999 -9999 -9999 -9999 -9999 -9999 -9999 -9999 -9999 -9999 -9999 -9999 -9999 -9999 -9999 -9999 -9999 -9999 -9999 -9999 -9999 -9999 -9999 -9999 -9999 81 81 80 79 78 79 77 76 74 74 74 76 77 75 73 71 75 74 74 74 73 73 73 72 72 72 71 71 71 70 70 70 69 69 69 68 69 68 68 68 68 -9999 -9999 -9999 -9999 -9999 -9999 -9999 -9999 -9999 -9999 -9999 -9999 -9999 -9999 -9999
-9999 -9999 -9999 -9999 -9999 -9999 -9999 -9999 -9999 -9999 -9999 -9999 -9999 -9999 -9999 -9999 -9999 -9999 -9999 -9999 -9999 -9999 -9999 -9999 -9999 -9999 -9999 -9999 -9999 -9999 -9999 -9999 -9999 -9999 -9999 -9999 81 82 82 79 79 79 77 75 77 75 76 77 77 77 75 74 75 75 74 74 74 73 73 73 72 72 72 71 71 71 70 70 70 69 68 68 68 68 68 68 67 67 67 66 -9999 -9999 -9999 -9999 -9999 -9999 -9999 -9999 -9999 -9999 -9999 -9999
-9999 -9999 -9999 -9999 -9999 -9999 -9999 -9999 -9999 -9999 -9999 -9999 -9999 -9999 -9999 -9999 -9999 -9999 -9999 -9999 -9999 -9999 -9999 -9999 -9999 -9999 -9999 -9999 -9999 -9999 -9999 -9999 -9999 -9999 -9999 79 79 81 81 80 78 78 77 79 77 76 77 78 78 77 77 76 75 73 72 74 74 74 73 73 73 72 71 72 71 71 70 70 70 69 68 68 68 68 67 67 67 67 66 66 66 66 -9999 -9999 -9999 -9999 -9999 -9999 -9999 -9999 -9999 -9999
-9999 -9999 -9999 -9999 -9999 -9999 -9999 -9999 -9999 -9999 -9999 -9999 -9999 -9999 -9999 -9999 -9999 -9999 -9999 -9999 -9999 -9999 -9999 -9999 -9999 -9999 -9999 -9999 -9999 -9999 -9999 -9999 -9999 -9999 80 79 79 78 82 82 79 78 80 80 77 80 79 76 78 78 77 76 75 74 74 75 75 74 74 73 73 72 72 71 71 70 70 70 70 69 69 69 68 67 67 67 67 67 66 66 66 65 65 65 -9999 -9999 -9999 -9999 -9999 -9999 -9999 -9999
-9999 -9999 -9999 -9999 -9999 -9999 -9999 -9999 -9999 -9999 -9999 -9999 -9999 -9999 -9999 -9999 -9999 -9999 -9999 -9999 -9999 -9999 -9999 -9999 -9999 -9999 -9999 -9999 -9999 -9999 -9999 -9999 -9999 -9999 -9999 80 79 79 79 81 80 82 81 80 80 80 79 78 78 78 77 77 77 76 76 75 75 74 74 73 73 72 72 72 71 71 70 70 69 69 69 69 68 66 67 67 66 66 66 65 65 65 65 65 65 64 -9999 -9999 -9999 -9999 -9999 -9999
-9999 -9999 -9999 -9999 -9999 -9999 -9999 -9999 -9999 -9999 -9999 -9999 -9999 -9999 -9999 -9999 -9999 -9999 -9999 -9999 -9999 -9999 -9999 -9999 -9999 -9999 -9999 -9999 -9999 -9999 -9999 -9999 -9999 -9999 -9999 -9999 80 79 79 79 81 82 81 81 81 81 80 79 79 79 78 78 77 76 76 76 75 75 74 74 73 73 72 71 71 71 70 69 69 68 68 68 67 66 66 66 65 66 66 66 66 65 65 65 65 65 64 63 -9999 -9999 -9999 -9999
-9999 -9999 -9999 -9999 -9999 -9999 -9999 -9999 -9999 -9999 -9999 -9999 -9999 -9999 -9999 -9999 -9999 -9999 -9999 -9999 -9999 -9999 -9999 -9999 -9999 -9999 -9999 -9999 -9999 -9999 -9999 -9999 -9999 -9999 -9999 -9999 -9999 80 79 79 79 82 82 81 81 81 80 79 79 79 78 78 77 77 77 76 75 75 75 74 74 73 73 72 72 72 70 69 69 68 68 68 67 66 66 66 65 66 66 66 66 66 65 65 65 64 64 64 63 63 -9999 -9999
-9999 -9999 -9999 -9999 -9999 -9999 -9999 -9999 -9999 -9999 -9999 -9999 -9999 -9999 -9999 -9999 -9999 -9999 -9999 -9999 -9999 -9999 -9999 -9999 -9999 -9999 -9999 -9999 -9999 -9999 -9999 -9999 -9999 -9999 -9999 -9999 -9999 80 80 79 82 83 82 82 81 80 80 80 80 79 79 78 78 78 77 76 76 76 75 75 74 73 73 72 71 70 70 69 69 68 68 68 67 67 66 66 66 66 66 66 65 65 65 65 65 64 64 64 64 63 63 63
-9999 -9999 -9999 -9999 -9999 -9999 -9999 -9999 -9999 -9999 -9999 -9999 -9999 -9999 -9999 -9999 -9999 -9999 -9999 -9999 -9999 -9999 -9999 -9999 -9999 -9999 -9999 -9999 -9999 84 -9999 -9999 -9999 -9999 -9999 -9999 -9999 81 80 80 82 83 83 82 81 81 81 80 80 80 79 79 78 78 77 77 76 76 76 75 75 74 73 73 71 70 70 70 68 68 68 68 67 67 66 66 66 66 66 66 66 65 65 65 64 64 64 64 63 63 63 63
-9999 -9999 -9999 -9999 -9999 -9999 -9999 -9999 -9999 -9999 -9999 -9999 -9999 -9999 -9999 -9999 -9999 -9999 -9999 -9999 -9999 -9999 -9999 -9999 -9999 -9999 -9999 -9999 -9999 85 84 -9999 -9999 -9999 -9999 -9999 82 81 82 83 84 84 83 82 82 82 81 81 81 80 80 79 79 78 78 77 77 76 76 75 74 74 73 73 70 69 70 70 69 68 67 68 67 66 67 67 67 67 66 66 66 65 65 64 64 64 64 64 63 62 63 62
-9999 -9999 -9999 -9999 -9999 -9999 -9999 -9999 -9999 -9999 -9999 -9999 -9999 -9999 -9999 -9999 -9999 -9999 -9999 -9999 -9999 -9999 -9999 -9999 -9999 -9999 -9999 86 85 85 85 -9999 -9999 -9999 -9999 83 82 82 82 85 84 84 83 83 83 82 82 81 81 80 80 80 79 79 78 77 77 77 76 75 74 73 73 72 70 69 71 70 68 68 68 67 67 67 67 66 67 66 65 66 66 66 65 64 64 64 63 63 63 63 63 63
-9999 -9999 -9999 -9999 -9999 -9999 -9999 -9999 -9999 -9999 -9999 -9999 -9999 -9999 -9999 -9999 -9999 -9999 -9999 -9999 -9999 -9999 -9999 -9999 -9999 -9999 -9999 86 86 86 85 85 84 84 83 83 83 83 82 83 84 84 84 84 83 82 82 82 81 81 80 80 79 79 78 78 77 77 76 75 74 73 70 70 69 66 67 67 66 68 68 67 67 68 67 66 66 66 66 66 66 66 65 65 64 64 64 63 62 62 62 63
-9999 -9999 -9999 -9999 -9999 -9999 -9999 -9999 -9999 -9999 -9999 -9999 -9999 -9999 -9999 -9999 -9999 -9999 -9999 -9999 -9999 -9999 -9999 -9999 -9999 -9999 -9999 -9999 87 87 85 86 85 84 84 84 83 84 83 84 85 85 84 84 83 83 83 82 82 80 78 78 80 79 79 78 78 76 75 72 72 69 70 68 66 65 64 65 65 67 67 67 68 68 67 67 66 66 65 66 66 66 65 65 65 64 63 63 63 62 62 62
-9999 -9999 -9999 -9999 -9999 -9999 -9999 -9999 -9999 -9999 -9999 -9999 -9999 -9999 -9999 -9999 -9999 -9999 -9999 -9999 -9999 -9999 -9999 -9999 -9999 -9999 -9999 -9999 -9999 -9999 -9999 86 85 86 84 84 84 83 84 83 86 85 85 84 84 84 83 83 82 76 74 72 80 79 78 78 76 74 70 67 66 65 65 64 63 63 62 63 66 66 66 67 67 67 67 67 66 66 66 66 66 66 66 65 65 64 64 63 63 62 63 62
-9999 -9999 -9999 -9999 -9999 -9999 -9999 -9999 -9999 -9999 -9999 -9999 -9999 -9999 -9999 -9999 -9999 -9999 -9999 -9999 -9999 -9999 -9999 -9999 -9999 -9999 -9999 -9999 -9999 -9999 -9999 -9999 86 86 85 85 85 84 84 84 85 85 85 85 85 84 84 83 83 81 74 70 75 79 78 76 73 68 64 62 61 61 62 62 60 60 60 60 63 65 65 67 67 67 67 66 66 64 66 66 66 66 66 66 65 65 64 63 63 63 63 62
-9999 -9999 -9999 -9999 -9999 -9999 -9999 -9999 -9999 -9999 -9999 -9999 -9999 -9999 -9999 -9999 -9999 -9999 -9999 -9999 -9999 -9999 -9999 -9999 -9999 -9999 -9999 -9999 -9999 -9999 -9999 -9999 -9999 86 86 86 85 86 85 84 84 86 86 85 85 84 84 84 83 83 82 75 81 80 78 74 70 65 61 58 54 58 57 58 57 59 59 60 63 65 65 68 67 67 66 66 65 65 66 66 67 66 66 66 66 65 64 64 63 63 62 62
-9999 -9999 -9999 -9999 -9999 -9999 -9999 -9999 -9999 -9999 -9999 -9999 -9999 -9999 -9999 -9999 -9999 -9999 -9999 -9999 -9999 -9999 -9999 -9999 -9999 -9999 -9999 -9999 -9999 -9999 -9999 -9999 -9999 -9999 86 87 86 85 86 86 85 84 86 86 85 85 85 84 83 83 83 82 82 80 78 73 70 65 59 50 50 54 56 54 53 57 59 59 61 64 65 67 66 66 66 67 65 66 66 67 67 66 66 66 66 65 65 64 63 63 63 62
-9999 -9999 -9999 -9999 -9999 -9999 -9999 -9999 -9999 -9999 -9999 -9999 -9999 -9999 -9999 -9999 -9999 -9999 -9999 -9999 -9999 -9999 -9999 -9999 -9999 -9999 -9999 -9999 -9999 -9999 -9999 -9999 -9999 -9999 86 86 87 88 86 86 86 86 87 86 86 85 85 85 84 83 83 82 82 80 79 75 71 64 60 56 52 53 54 53 56 57 60 59 61 64 66 66 66 66 66 65 65 66 66 67 67 67 67 66 66 66 65 64 64 63 62 62
-9999 -9999 -9999 -9999 -9999 -9999 -9999 -9999 -9999 -9999 -9999 -9999 -9999 -9999 -9999 -9999 -9999 -9999 -9999 -9999 -9999 -9999 -9999 -9999 -9999 -9999 -9999 -9999 -9999 -9999 -9999 -9999 -9999 87 87 87 88 89 88 88 87 87 87 86 87 86 85 85 84 84 84 83 83 81 78 75 70 65 62 60 56 53 53 52 53 58 61 61 64 65 65 66 65 65 66 66 65 65 64 66 68 67 67 66 66 66 65 65 64 64 63 63
-9999 -9999 -9999 -9999 -9999 -9999 -9999 -9999 -9999 -9999 -9999 -9999 -9999 -9999 -9999 -9999 -9999 -9999 -9999 -9999 -9999 -9999 -9999 -9999 -9999 -9999 -9999 -9999 -9999 -9999 -9999 -9999 87 88 89 89 88 88 89 87 87 87 87 87 87 86 86 85 85 85 84 84 83 82 79 76 73 66 63 60 57 55 51 53 57 58 60 62 63 64 65 65 65 64 64 66 65 63 63 65 67 66 67 67 66 66 66 65 64 63 63 63
-9999 -9999 -9999 -9999 -9999 -9999 -9999 -9999 -9999 -9999 -9999 -9999 -9999 93 -9999 -9999 -9999 -9999 91 -9999 -9999 -9999 -9999 -9999 -9999 -9999 -9999 -9999 -9999 -9999 -9999 -9999 -9999 88 87 87 87 89 89 89 88 88 88 87 87 87 86 86 86 85 85 84 83 82 80 74 73 67 64 62 55 51 52 53 55 57 59 60 62 66 65 65 64 65 65 66 65 64 63 62 67 62 65 65 66 66 66 65 64 63 63 63
-9999 -9999 -9999 -9999 -9999 -9999 -9999 -9999 -9999 -9999 -9999 -9999 -9999 -9999 93 93 93 93 93 91 -9999 -9999 -9999 -9999 90 90 90 89 89 -9999 -9999 -9999 -9999 88 88 88 88 87 87 88 89 88 88 88 88 88 87 86 86 86 85 85 84 83 83 74 71 68 64 61 56 51 49 49 52 53 56 60 61 65 64 64 64 64 66 66 66 65 65 63 63 64 63 64 65 66 66 66 65 64 63 63
-9999 -9999 -9999 -9999 -9999 -9999 -9999 -9999 -9999 -9999 -9999 -9999 -9999 -9999 93 93 93 93 92 -9999 -9999 -9999 91 91 91 91 91 91 91 90 -9999 -9999 90 89 88 88 87 87 87 88 90 90 89 89 88 89 87 86 86 86 86 85 85 84 84 83 76 70 63 58 56 54 50 48 52 54 56 60 63 65 66 64 64 65 66 66 67 67 67 65 66 65 64 63 64 65 66 66 65 65 64 63
-9999 -9999 -9999 -9999 -9999 -9999 -9999 -9999 -9999 -9999 -9999 94 93 94 94 93 93 93 92 -9999 -9999 -9999 -9999 93 93 93 93 92 92 91 89 89 90 91 88 88 90 90 88 88 89 89 89 89 89 89 88 88 88 87 86 85 85 85 84 83 77 67 62 59 56 56 53 51 53 56 57 59 65 66 66 66 66 66 67 67 67 68 67 66 68 66 65 64 62 64 65 65 65 65 65 64
-9999 -9999 -9999 -9999 -9999 -9999 -9999 -9999 -9999 94 95 95 94 94 93 94 93 94 94 92 92 -9999 -9999 91 92 93 93 93 93 92 90 89 92 92 89 89 88 89 89 89 88 88 90 90 89 89 90 89 89 87 87 86 86 83 83 82 75 68 64 61 58 57 55 54 54 56 56 60 65 66 67 66 66 65 66 67 68 68 68 68 68 66 66 65 63 62 60 65 66 65 65 64
-9999 -9999 -9999 -9999 -9999 -9999 94 94 95 94 93 93 90 94 88 94 90 93 93 94 93 93 92 91 92 92 92 92 91 91 90 90 90 90 90 91 92 91 92 91 90 89 91 90 90 90 90 90 89 89 89 87 86 85 84 83 77 72 65 61 61 60 57 57 56 58 59 60 63 62 63 65 64 62 63 64 66 67 68 68 68 66 65 65 64 63 63 63 65 65 64 64
-9999 -9999 -9999 -9999 95 -9999 -9999 -9999 95 95 90 91 87 91 87 90 90 93 95 94 93 94 93 94 94 94 94 94 94 93 93 93 93 92 92 93 93 92 92 92 92 92 91 90 91 91 90 90 90 90 89 88 86 86 85 84 81 76 67 63 63 61 60 60 58 57 59 60 62 63 63 64 62 61 63 64 66 67 67 67 67 66 66 65 64 63 63 62 64 65 64 63
-9999 -9999 -9999 -9999 -9999 -9999 -9999 -9999 -9999 -9999 -9999 95 93 92 85 87 89 94 94 94 94 94 95 94 92 91 92 91 90 94 94 94 91 85 85 92 94 92 92 93 93 91 91 91 91 91 91 91 91 90 89 89 89 88 87 86 84 82 74 65 64 63 62 62 61 60 60 61 62 62 64 62 61 60 61 63 64 64 66 67 66 65 65 64 64 63 63 63 65 65 64 63
-9999 -9999 -9999 -9999 -9999 -9999 -9999 -9999 -9999 -9999 -9999 -9999 -9999 95 95 93 84 90 95 95 95 95 93 94 95 94 93 91 90 91 92 92 90 89 87 89 92 89 90 93 93 92 92 91 91 91 91 92 91 90 90 89 89 89 88 87 84 82 79 70 65 64 63 63 63 62 62 61 63 62 61 59 60 59 60 62 60 61 63 62 63 63 63 63 62 63 64 63 63 66 64 62
