worldclim/bio16_cr.asc
ncols        411
nrows        382
xllcorner    -85.979072453958
yllcorner    8.036441368777
cellsize     0.008333330000
NODATA_value  -9999
[rows 259 to 295 of 382, columns 328 to 409 of 411]
1221 1159 1209 1236 1171 1159 1094 1093 1193 1142 1255 1296 1292 1255 1282 1284 1288 1296 1298 1301 1324 1322 1341 1356 1355 1351 1345 1316 1275 1254 1227 1235 1235 1218 1197 1164 1147 1143 1154 1149 1135 1131 1135 1121 1091 1087 -9999 -9999 -9999 -9999 -9999 -9999 -9999 -9999 -9999 -9999 -9999 -9999 -9999 -9999 -9999 -9999 -9999 -9999 -9999 -9999 -9999 -9999 -9999 -9999 -9999 -9999 -9999 -9999 -9999 -9999 -9999 -9999 -9999 -9999 -9999 -9999
1232 1199 1155 1165 1204 1143 1092 1107 1147 1148 1236 1259 1193 1266 1280 1279 1283 1292 1296 1292 1306 1313 1338 1353 1359 1356 1332 1302 1263 1254 1242 1253 1262 1221 1206 1179 1163 1143 1165 1161 1152 1147 1141 1129 1122 1106 1085 -9999 -9999 -9999 -9999 -9999 -9999 -9999 -9999 -9999 -9999 -9999 -9999 -9999 -9999 -9999 -9999 -9999 -9999 -9999 -9999 -9999 -9999 -9999 -9999 -9999 -9999 -9999 -9999 -9999 -9999 -9999 -9999 -9999 -9999 -9999
1226 1161 1148 1139 1124 1145 1106 1103 1079 1105 1140 1131 1192 1224 1269 1286 1286 1289 1296 1289 1298 1315 1331 1342 1365 1362 1341 1298 1277 1277 1270 1305 1275 1228 1203 1188 1179 1169 1169 1163 1156 1148 1142 1133 1127 1116 1097 1093 -9999 -9999 -9999 -9999 -9999 -9999 -9999 -9999 -9999 -9999 -9999 -9999 -9999 -9999 -9999 -9999 -9999 -9999 -9999 -9999 -9999 -9999 -9999 -9999 -9999 -9999 -9999 -9999 -9999 -9999 -9999 -9999 -9999 -9999
1213 1253 1238 1155 1148 1095 1127 1070 1069 1101 1078 1119 1109 1172 1244 1279 1284 1278 1285 1292 1298 1309 1333 1348 1355 1366 1361 1339 1346 1312 1284 1310 1273 1228 1223 1200 1187 1181 1177 1173 1161 1149 1145 1135 1127 1122 1116 1107 1088 1075 1061 -9999 -9999 -9999 -9999 -9999 -9999 -9999 -9999 -9999 -9999 -9999 -9999 -9999 -9999 -9999 -9999 -9999 -9999 -9999 -9999 -9999 -9999 -9999 -9999 -9999 -9999 -9999 -9999 -9999 -9999 -9999
1206 1192 1248 1194 1158 1127 1163 1111 1070 1074 1076 1091 1091 1125 1216 1274 1278 1258 1283 1283 1298 1324 1322 1328 1340 1370 1370 1367 1363 1350 1336 1344 1291 1277 1268 1236 1229 1184 1191 1191 1164 1150 1158 1136 1127 1122 1116 1109 1100 1090 1079 -9999 -9999 -9999 -9999 -9999 -9999 -9999 -9999 -9999 -9999 -9999 -9999 -9999 -9999 -9999 -9999 -9999 -9999 -9999 -9999 -9999 -9999 -9999 -9999 -9999 -9999 -9999 -9999 -9999 -9999 -9999
1184 1213 1261 1229 1175 1202 1157 1102 1102 1108 1079 1081 1100 1098 1155 1268 1249 1269 1255 1287 1294 1308 1316 1319 1319 1344 1365 1369 1368 1366 1364 1351 1310 1300 1313 1289 1236 1198 1225 1195 1167 1158 1177 1151 1132 1122 1117 1111 1105 1092 1092 1084 1076 -9999 -9999 -9999 -9999 -9999 -9999 -9999 -9999 -9999 -9999 -9999 -9999 -9999 -9999 -9999 -9999 -9999 -9999 -9999 -9999 -9999 -9999 -9999 -9999 -9999 -9999 -9999 -9999 -9999
1190 1198 1279 1174 1236 1220 1176 1168 1167 1133 1129 1104 1088 1088 1112 1207 1187 1228 1255 1282 1295 1294 1297 1300 1317 1344 1360 1369 1373 1373 1368 1346 1305 1300 1341 1300 1262 1243 1262 1224 1185 1167 1184 1175 1150 1122 1114 1108 1103 1102 1096 1091 1082 1080 -9999 -9999 -9999 -9999 -9999 -9999 -9999 -9999 -9999 -9999 -9999 -9999 -9999 -9999 -9999 -9999 -9999 -9999 -9999 -9999 -9999 -9999 -9999 -9999 -9999 -9999 -9999 -9999
1288 1305 1269 1220 1143 1157 1218 1202 1186 1111 1112 1119 1111 1101 1118 1120 1118 1181 1221 1256 1259 1266 1288 1313 1328 1349 1365 1368 1374 1379 1376 1370 1362 1345 1356 1345 1303 1325 1306 1254 1235 1183 1230 1191 1155 1129 1116 1106 1098 1093 1092 1092 1086 1083 1079 1073 1070 1066 -9999 -9999 -9999 -9999 -9999 -9999 -9999 -9999 -9999 -9999 -9999 -9999 -9999 -9999 -9999 -9999 -9999 -9999 -9999 -9999 -9999 -9999 -9999 -9999
1231 1320 1310 1277 1255 1145 1130 1122 1162 1111 1109 1113 1105 1102 1108 1105 1114 1140 1189 1190 1244 1267 1298 1324 1333 1346 1364 1364 1382 1382 1380 1379 1376 1371 1366 1362 1327 1336 1327 1289 1287 1266 1246 1217 1181 1148 1120 1106 1099 1091 1091 1084 1079 1073 1070 1065 1062 1061 1056 -9999 -9999 -9999 -9999 -9999 -9999 -9999 -9999 -9999 -9999 -9999 -9999 -9999 -9999 -9999 -9999 -9999 -9999 -9999 -9999 -9999 -9999 -9999
1207 1346 1184 1185 1276 1151 1151 1136 1172 1140 1120 1114 1119 1110 1106 1110 1138 1102 1168 1208 1249 1255 1265 1295 1325 1349 1363 1377 1385 1385 1382 1382 1380 1378 1375 1369 1365 1360 1346 1323 1328 1311 1265 1214 1140 1121 1113 1105 1110 1092 1089 1078 1070 1064 1058 1053 1048 1047 1044 1048 -9999 -9999 -9999 -9999 -9999 -9999 -9999 -9999 -9999 -9999 -9999 -9999 -9999 -9999 -9999 -9999 -9999 -9999 -9999 -9999 -9999 -9999
1243 1201 1192 1184 1192 1161 1152 1157 1144 1133 1127 1123 1126 1123 1114 1106 1104 1121 1126 1134 1146 1166 1192 1253 1265 1301 1288 1354 1358 1333 1360 1377 1388 1385 1382 1379 1372 1368 1359 1356 1348 1306 1255 1184 1158 1139 1115 1116 1135 1092 1087 1077 1073 1063 1055 1053 1041 1044 1050 1047 -9999 -9999 -9999 -9999 -9999 -9999 -9999 -9999 -9999 -9999 -9999 -9999 -9999 -9999 -9999 -9999 -9999 -9999 -9999 -9999 -9999 -9999
1246 1231 1250 1222 1254 1214 1160 1163 1146 1146 1131 1124 1123 1114 1115 1119 1112 1107 1103 1104 1109 1115 1158 1201 1204 1237 1241 1285 1295 1318 1313 1364 1396 1393 1387 1385 1381 1376 1371 1369 1360 1321 1290 1233 1242 1220 1172 1151 1190 1094 1093 1077 1076 1064 1058 1055 1040 1040 1044 1041 1036 -9999 -9999 -9999 -9999 -9999 -9999 -9999 -9999 -9999 -9999 -9999 -9999 -9999 -9999 -9999 -9999 -9999 -9999 -9999 -9999 -9999
1219 1264 1264 1261 1267 1201 1193 1208 1166 1173 1147 1128 1119 1112 1112 1108 1111 1113 1112 1110 1110 1173 1213 1231 1228 1249 1273 1301 1353 1395 1393 1408 1345 1390 1395 1391 1387 1383 1380 1376 1372 1365 1352 1314 1308 1294 1235 1226 1218 1153 1168 1179 1121 1117 1117 1057 1050 1036 1033 1033 1022 1024 -9999 -9999 -9999 -9999 -9999 -9999 -9999 -9999 -9999 -9999 -9999 -9999 -9999 -9999 -9999 -9999 -9999 -9999 -9999 -9999
1215 1219 1240 1273 1315 1289 1263 1168 1163 1143 1138 1129 1128 1167 1129 1115 1111 1107 1140 1119 1115 1114 1149 1228 1225 1219 1242 1270 1396 1412 1418 1417 1414 1410 1403 1401 1396 1390 1384 1383 1379 1376 1370 1367 1365 1352 1321 1296 1272 1234 1213 1205 1190 1165 1123 1116 1113 1061 1026 1022 1012 1009 1032 -9999 -9999 -9999 -9999 -9999 -9999 -9999 -9999 -9999 -9999 -9999 -9999 -9999 -9999 -9999 -9999 -9999 -9999 -9999
1278 1213 1217 1261 1324 1346 1365 1242 1275 1213 1249 1167 1121 1244 1255 1163 1124 1182 1195 1195 1166 1120 1158 1193 1187 1221 1250 1293 1400 1422 1428 1426 1421 1415 1410 1406 1400 1396 1392 1388 1384 1381 1372 1370 1354 1332 1345 1330 1329 1306 1278 1260 1172 1195 1166 1129 1083 1049 1028 1019 1019 1019 1019 -9999 -9999 -9999 -9999 -9999 -9999 -9999 -9999 -9999 -9999 -9999 -9999 -9999 -9999 -9999 -9999 -9999 -9999 -9999
1222 1212 1227 1250 1314 1295 1336 1383 1373 1309 1287 1229 1127 1222 1324 1277 1191 1186 1209 1230 1210 1125 1128 1133 1181 1230 1296 1292 1409 1426 1430 1433 1432 1425 1419 1412 1408 1403 1398 1396 1393 1387 1384 1378 1363 1347 1331 1303 1302 1269 1248 1205 1207 1189 1159 1125 1106 1066 1026 1023 1030 1038 1034 -9999 -9999 -9999 -9999 -9999 -9999 -9999 -9999 -9999 -9999 -9999 -9999 -9999 -9999 -9999 -9999 -9999 -9999 -9999
1226 1222 1220 1256 1285 1277 1294 1341 1416 1379 1361 1347 1265 1220 1350 1382 1326 1252 1234 1239 1240 1149 1174 1183 1147 1190 1272 1313 1344 1379 1437 1444 1442 1437 1428 1422 1417 1411 1406 1402 1398 1394 1391 1383 1371 1357 1345 1340 1335 1308 1274 1197 1239 1220 1222 1240 1151 1076 1033 1018 1033 1040 1046 -9999 -9999 -9999 -9999 -9999 -9999 -9999 -9999 -9999 -9999 -9999 -9999 -9999 -9999 -9999 -9999 -9999 -9999 -9999
1221 1215 1210 1217 1273 1259 1295 1318 1392 1430 1431 1374 1266 1202 1324 1350 1372 1389 1323 1233 1189 1195 1212 1219 1158 1258 1268 1342 1401 1419 1447 1447 1451 1447 1441 1432 1425 1417 1414 1410 1405 1400 1399 1395 1387 1385 1379 1370 1367 1335 1310 1303 1320 1350 1327 1256 1194 1106 1028 1023 1025 -9999 -9999 -9999 -9999 -9999 -9999 -9999 -9999 -9999 -9999 -9999 -9999 -9999 -9999 -9999 -9999 -9999 -9999 -9999 -9999 -9999
1245 1249 1213 1206 1238 1260 1310 1341 1383 1438 1436 1409 1298 1209 1334 1404 1400 1379 1354 1342 1294 1252 1243 1209 1185 1247 1280 1284 1291 1421 1450 1458 1461 1458 1449 1438 1433 1424 1421 1415 1412 1408 1404 1402 1400 1396 1392 1388 1378 1373 1349 1377 1376 1372 1349 1297 1208 1115 1029 -9999 -9999 -9999 -9999 -9999 -9999 -9999 -9999 -9999 -9999 -9999 -9999 -9999 -9999 -9999 -9999 -9999 -9999 -9999 -9999 -9999 -9999 -9999
1306 1280 1226 1239 1246 1266 1332 1367 1418 1434 1436 1424 1342 1243 1303 1313 1437 1426 1416 1412 1361 1319 1268 1244 1213 1192 1249 1271 1351 1322 1451 1468 1463 1469 1464 1456 1447 1436 1429 1424 1419 1414 1412 1408 1404 1405 1400 1399 1391 1393 1391 1389 1385 1378 1363 1339 1270 1165 1032 -9999 -9999 -9999 -9999 -9999 -9999 -9999 -9999 -9999 -9999 -9999 -9999 -9999 -9999 -9999 -9999 -9999 -9999 -9999 -9999 -9999 -9999 -9999
1407 1287 1271 1271 1231 1296 1305 1368 1408 1428 1437 1429 1401 1328 1200 1313 1377 1442 1444 1441 1427 1393 1326 1328 1266 1235 1367 1378 1443 1321 1370 1461 1477 1478 1474 1467 1459 1449 1439 1431 1427 1422 1418 1415 1412 1407 1408 1402 1404 1395 1398 1396 1394 1388 1343 1327 1299 1221 -9999 -9999 -9999 -9999 -9999 -9999 -9999 -9999 -9999 -9999 -9999 -9999 -9999 -9999 -9999 -9999 -9999 -9999 -9999 -9999 -9999 -9999 -9999 -9999
1332 1261 1355 1359 1267 1307 1330 1363 1387 1437 1440 1438 1418 1346 1269 1229 1228 1387 1374 1416 1456 1427 1402 1372 1293 1286 1295 1411 1395 1399 1347 1443 1484 1482 1481 1478 1470 1459 1452 1444 1434 1429 1425 1420 1417 1414 1412 1408 1410 1409 1407 1404 1391 1389 1378 1354 -9999 -9999 -9999 -9999 -9999 -9999 -9999 -9999 -9999 -9999 -9999 -9999 -9999 -9999 -9999 -9999 -9999 -9999 -9999 -9999 -9999 -9999 -9999 -9999 -9999 -9999
1332 1273 1358 1409 1384 1298 1316 1381 1421 1437 1447 1450 1440 1412 1360 1325 1267 1282 1323 1353 1374 1444 1444 1394 1325 1337 1346 1400 1476 1483 1434 1474 1498 1428 1465 1476 1481 1473 1459 1451 1448 1437 1432 1428 1423 1421 1418 1414 1416 1416 1414 1410 -9999 -9999 -9999 -9999 -9999 -9999 -9999 -9999 -9999 -9999 -9999 -9999 -9999 -9999 -9999 -9999 -9999 -9999 -9999 -9999 -9999 -9999 -9999 -9999 -9999 -9999 -9999 -9999 -9999 -9999
1299 1272 1322 1373 1448 1420 1397 1358 1384 1439 1449 1450 1454 1448 1443 1388 1298 1353 1338 1343 1374 1425 1480 1428 1381 1403 1391 1499 1474 1452 1451 1459 1509 1503 1498 1495 1487 1480 1470 1461 1449 1446 1438 1434 1431 1426 1423 1421 1420 1419 1421 -9999 -9999 -9999 -9999 -9999 -9999 -9999 -9999 -9999 -9999 -9999 -9999 -9999 -9999 -9999 -9999 -9999 -9999 -9999 -9999 -9999 -9999 -9999 -9999 -9999 -9999 -9999 -9999 -9999 -9999 -9999
1329 1362 1376 1383 1432 1453 1451 1446 1440 1437 1451 1455 1447 1450 1403 1353 1321 1421 1443 1394 1390 1404 1463 1498 1421 1463 1452 1518 1511 1501 1498 1497 1517 1503 1499 1503 1497 1491 1482 1474 1459 1454 1448 1441 1436 1433 -9999 -9999 -9999 -9999 -9999 -9999 -9999 -9999 -9999 -9999 -9999 -9999 -9999 -9999 -9999 -9999 -9999 -9999 -9999 -9999 -9999 -9999 -9999 -9999 -9999 -9999 -9999 -9999 -9999 -9999 -9999 -9999 -9999 -9999 -9999 -9999
1350 1375 1394 1440 1447 1453 1436 1453 1455 1455 1455 1458 1458 1455 1458 1379 1345 1437 1421 1381 1362 1362 1392 1503 1505 1516 1521 1525 1527 1528 1528 1516 1522 1511 1504 1508 1504 1496 1486 1478 1469 1461 1454 1449 1444 -9999 -9999 -9999 -9999 -9999 -9999 -9999 -9999 -9999 -9999 -9999 -9999 -9999 -9999 -9999 -9999 -9999 -9999 -9999 -9999 -9999 -9999 -9999 -9999 -9999 -9999 -9999 -9999 -9999 -9999 -9999 -9999 -9999 -9999 -9999 -9999 -9999
1281 1276 1294 1354 1454 1453 1441 1444 1457 1458 1459 1461 1461 1462 1462 1468 1452 1311 1318 1326 1334 1387 1410 1419 1475 1522 1527 1523 1520 1535 1518 1506 1499 1500 1496 1497 1494 1501 1492 1484 1474 1467 1461 1455 -9999 -9999 -9999 -9999 -9999 -9999 -9999 -9999 -9999 -9999 -9999 -9999 -9999 -9999 -9999 -9999 -9999 -9999 -9999 -9999 -9999 -9999 -9999 -9999 -9999 -9999 -9999 -9999 -9999 -9999 -9999 -9999 -9999 -9999 -9999 -9999 -9999 -9999
1258 1257 1259 1294 1390 1429 1440 1456 1455 1454 1459 1459 1459 1467 1467 1462 1413 1381 1380 1365 1442 1418 1380 1433 1430 1456 1482 1530 1523 1530 1537 1513 1520 1497 1494 1487 1495 1501 1499 1490 1480 1477 1469 -9999 -9999 -9999 -9999 -9999 -9999 -9999 -9999 -9999 -9999 -9999 -9999 -9999 -9999 -9999 -9999 -9999 -9999 -9999 -9999 -9999 -9999 -9999 -9999 -9999 -9999 -9999 -9999 -9999 -9999 -9999 -9999 -9999 -9999 -9999 -9999 -9999 -9999 -9999
1302 1316 1269 1276 1340 1417 1415 1454 1427 1432 1449 1436 1437 1459 1470 1476 1436 1397 1477 1487 1441 1508 1510 1518 1499 1509 1485 1507 1540 1541 1513 1513 1506 1485 1487 1497 1498 1500 1503 1498 1493 1484 1476 1469 -9999 -9999 -9999 -9999 -9999 -9999 -9999 -9999 -9999 -9999 -9999 -9999 -9999 -9999 -9999 -9999 -9999 -9999 -9999 -9999 -9999 -9999 -9999 -9999 -9999 -9999 -9999 -9999 -9999 -9999 -9999 -9999 -9999 -9999 -9999 -9999 -9999 -9999
1429 1331 1268 1267 1319 1314 1408 1457 1432 1425 1403 1420 1448 1472 1473 1476 1475 1474 1488 1500 1505 1486 1484 1521 1512 1520 1529 1505 1540 1543 1525 1507 1497 1477 1473 1483 1496 1508 1508 1505 1500 1494 1487 1479 1472 -9999 -9999 -9999 -9999 -9999 -9999 -9999 -9999 -9999 -9999 -9999 -9999 -9999 -9999 -9999 -9999 -9999 -9999 -9999 -9999 -9999 -9999 -9999 -9999 -9999 -9999 -9999 -9999 -9999 -9999 -9999 -9999 -9999 -9999 -9999 -9999 -9999
1367 1301 1298 1280 1274 1297 1370 1462 1441 1439 1425 1439 1470 1465 1476 1470 1481 1484 1487 1499 1483 1478 1471 1495 1478 1478 1479 1478 1484 1498 1499 1499 1497 1482 1465 1476 1486 1500 1507 1506 1503 1495 1488 1481 1475 -9999 -9999 -9999 -9999 -9999 -9999 -9999 -9999 -9999 -9999 -9999 -9999 -9999 -9999 -9999 -9999 -9999 -9999 -9999 -9999 -9999 -9999 -9999 -9999 -9999 -9999 -9999 -9999 -9999 -9999 -9999 -9999 -9999 -9999 -9999 -9999 -9999
1564 1407 1378 1300 1371 1279 1373 1423 1449 1467 1458 1437 1422 1430 1473 1466 1465 1471 1469 1487 1472 1450 1464 1488 1435 1436 1449 1461 1425 1445 1471 1482 1490 1487 1468 1458 1483 1498 1506 1499 1492 1497 1489 -9999 -9999 -9999 -9999 -9999 -9999 -9999 -9999 -9999 -9999 -9999 -9999 -9999 -9999 -9999 -9999 -9999 -9999 -9999 -9999 -9999 -9999 -9999 -9999 -9999 -9999 -9999 -9999 -9999 -9999 -9999 -9999 -9999 -9999 -9999 -9999 -9999 -9999 -9999
1853 1707 1498 1375 1317 1298 1293 1368 1378 1428 1440 1474 1444 1422 1442 1445 1412 1399 1436 1467 1441 1409 1420 1443 1394 1397 1446 1458 1414 1405 1398 1434 1485 1487 1472 1485 1488 1493 1488 1490 1492 1494 -9999 -9999 -9999 -9999 -9999 -9999 -9999 -9999 -9999 -9999 -9999 -9999 -9999 -9999 -9999 -9999 -9999 -9999 -9999 -9999 -9999 -9999 -9999 -9999 -9999 -9999 -9999 -9999 -9999 -9999 -9999 -9999 -9999 -9999 -9999 -9999 -9999 -9999 -9999 -9999
1863 1731 1541 1426 1328 1311 1302 1296 1298 1315 1384 1456 1479 1471 1460 1441 1389 1386 1407 1424 1404 1433 1402 1401 1428 1467 1488 1456 1443 1484 1464 1449 1463 1481 1487 1493 1494 1491 1490 1489 1489 1491 -9999 -9999 -9999 -9999 -9999 -9999 -9999 -9999 -9999 -9999 -9999 -9999 -9999 -9999 -9999 -9999 -9999 -9999 -9999 -9999 -9999 -9999 -9999 -9999 -9999 -9999 -9999 -9999 -9999 -9999 -9999 -9999 -9999 -9999 -9999 -9999 -9999 -9999 -9999 -9999
1895 1878 1775 1603 1410 1313 1304 1297 1301 1299 1330 1383 1443 1477 1485 1486 1470 1455 1471 1482 1477 1499 1485 1433 1484 1532 1524 1537 1537 1522 1503 1493 1464 1481 1494 1497 1495 1495 1493 -9999 -9999 -9999 -9999 -9999 -9999 -9999 -9999 -9999 -9999 -9999 -9999 -9999 -9999 -9999 -9999 -9999 -9999 -9999 -9999 -9999 -9999 -9999 -9999 -9999 -9999 -9999 -9999 -9999 -9999 -9999 -9999 -9999 -9999 -9999 -9999 -9999 -9999 -9999 -9999 -9999 -9999 -9999
1749 1866 1864 1644 1489 1473 1328 1307 1351 1312 1302 1306 1347 1413 1453 1448 1407 1402 1409 1449 1399 1516 1496 1479 1492 1529 1478 1453 1473 1536 1455 1469 1476 1486 1502 1499 1497 1495 1494 -9999 -9999 -9999 -9999 -9999 -9999 -9999 -9999 -9999 -9999 -9999 -9999 -9999 -9999 -9999 -9999 -9999 -9999 -9999 -9999 -9999 -9999 -9999 -9999 -9999 -9999 -9999 -9999 -9999 -9999 -9999 -9999 -9999 -9999 -9999 -9999 -9999 -9999 -9999 -9999 -9999 -9999 -9999
1668 1850 1875 1857 1667 1538 1487 1373 1417 1326 1309 1310 1331 1366 1373 1415 1364 1368 1419 1398 1367 1520 1493 1483 1497 1533 1480 1393 1477 1505 1453 1457 1489 1486 1505 1506 1503 1499 1498 1497 -9999 -9999 -9999 -9999 -9999 -9999 -9999 -9999 -9999 -9999 -9999 -9999 -9999 -9999 -9999 -9999 -9999 -9999 -9999 -9999 -9999 -9999 -9999 -9999 -9999 -9999 -9999 -9999 -9999 -9999 -9999 -9999 -9999 -9999 -9999 -9999 -9999 -9999 -9999 -9999 -9999 -9999
