worldclim/bio17_cr.asc
ncols        411
nrows        382
xllcorner    -85.979072453958
yllcorner    8.036441368777
cellsize     0.008333330000
NODATA_value  -9999
[rows 273 to 311 of 382, columns 261 to 347 of 411]
-9999 -9999 -9999 -9999 -9999 -9999 -9999 -9999 -9999 -9999 -9999 -9999 -9999 -9999 -9999 -9999 -9999 -9999 -9999 -9999 -9999 205 207 208 210 207 209 206 206 205 203 202 202 201 202 204 208 213 219 222 227 235 228 221 220 209 210 215 171 129 114 119 144 193 205 204 261 194 125 110 122 107 112 122 148 144 146 188 140 129 134 155 163 167 138 147 138 146 133 129 152 156 140 134 149 154 157
-9999 -9999 -9999 -9999 -9999 -9999 -9999 -9999 -9999 -9999 -9999 -9999 -9999 -9999 -9999 -9999 -9999 -9999 -9999 -9999 -9999 215 210 210 211 209 209 212 210 208 209 206 205 202 206 210 214 221 227 233 235 240 246 251 228 230 261 243 220 183 136 114 135 134 128 109 144 176 152 149 107 109 117 113 139 130 129 137 127 128 132 152 148 162 171 173 160 155 143 126 147 176 163 149 149 155 162
-9999 -9999 -9999 -9999 -9999 -9999 -9999 -9999 -9999 -9999 -9999 -9999 -9999 -9999 -9999 -9999 -9999 -9999 -9999 -9999 -9999 216 -9999 215 216 213 213 215 214 214 213 212 211 211 214 217 222 229 236 241 245 251 254 260 262 263 271 263 240 231 203 178 129 107 106 93 104 124 106 109 107 127 118 121 128 120 121 140 142 127 131 142 141 149 163 165 176 176 175 151 145 183 194 179 160 159 162
-9999 -9999 -9999 -9999 -9999 -9999 -9999 -9999 -9999 -9999 -9999 -9999 -9999 -9999 -9999 -9999 -9999 -9999 -9999 -9999 -9999 -9999 -9999 221 218 215 216 219 217 217 218 219 219 220 222 226 232 239 246 253 256 259 264 273 277 280 281 261 240 236 255 224 213 191 168 94 97 106 106 105 110 110 115 113 127 119 125 127 133 135 129 138 136 146 157 173 157 160 181 151 142 172 183 192 200 180 160
-9999 -9999 -9999 -9999 -9999 -9999 -9999 -9999 -9999 -9999 -9999 -9999 -9999 -9999 -9999 -9999 -9999 -9999 -9999 -9999 -9999 -9999 -9999 224 219 219 222 222 221 223 223 226 228 230 233 237 243 250 258 265 267 273 278 286 290 290 294 278 279 272 246 267 260 239 165 141 100 98 102 107 107 115 112 114 117 132 132 124 126 130 134 130 136 151 162 172 145 153 182 158 143 174 196 199 195 189 187
-9999 -9999 -9999 -9999 -9999 -9999 -9999 -9999 -9999 -9999 -9999 -9999 -9999 -9999 -9999 -9999 -9999 -9999 -9999 -9999 -9999 -9999 -9999 -9999 -9999 -9999 -9999 227 228 229 229 233 233 237 241 247 255 263 272 279 283 294 299 302 304 306 306 306 288 294 301 296 286 245 217 167 141 100 105 114 108 111 112 117 126 118 138 138 133 127 129 131 136 156 166 166 156 159 177 170 148 164 168 200 204 207 207
-9999 -9999 -9999 -9999 -9999 -9999 -9999 -9999 -9999 -9999 -9999 -9999 -9999 -9999 -9999 -9999 -9999 -9999 -9999 -9999 -9999 -9999 236 230 234 231 232 232 234 235 236 240 243 246 250 256 266 278 286 298 305 313 317 317 319 319 318 317 314 313 311 304 305 288 273 274 206 154 104 106 113 119 113 117 127 118 122 143 135 132 133 129 143 148 165 171 166 162 176 185 168 143 167 189 205 208 213
-9999 -9999 -9999 -9999 -9999 -9999 -9999 -9999 -9999 -9999 -9999 -9999 -9999 -9999 -9999 -9999 -9999 -9999 -9999 -9999 -9999 -9999 237 234 235 236 237 240 240 241 243 246 253 255 261 267 278 292 306 316 328 334 336 335 333 332 330 326 326 322 320 318 319 315 290 325 316 229 186 133 120 110 116 121 118 119 137 142 128 149 152 134 145 153 164 170 159 161 169 185 171 153 147 149 192 190 206
-9999 -9999 -9999 -9999 -9999 -9999 -9999 -9999 -9999 -9999 -9999 -9999 -9999 -9999 -9999 -9999 -9999 -9999 -9999 -9999 -9999 -9999 -9999 -9999 240 242 243 243 246 248 251 258 263 265 273 280 290 304 322 338 350 354 353 350 346 342 339 334 334 327 327 325 328 332 335 338 319 313 314 213 153 125 116 115 117 120 141 140 130 149 151 157 142 148 166 168 161 148 138 177 188 176 168 155 161 173 185
-9999 -9999 -9999 -9999 -9999 -9999 -9999 -9999 -9999 -9999 -9999 -9999 -9999 -9999 -9999 -9999 -9999 -9999 -9999 -9999 -9999 -9999 -9999 -9999 -9999 247 248 247 252 254 258 260 265 275 284 290 302 320 337 355 369 373 368 363 358 354 349 345 343 341 336 337 338 341 346 352 269 284 344 324 272 182 118 115 120 124 137 133 129 142 152 131 156 163 159 167 163 153 154 151 180 191 184 161 179 175 180
-9999 -9999 -9999 -9999 -9999 -9999 -9999 -9999 -9999 -9999 -9999 -9999 -9999 -9999 -9999 -9999 -9999 -9999 -9999 -9999 -9999 -9999 -9999 -9999 -9999 -9999 252 255 256 260 265 269 279 286 293 304 313 329 329 364 379 381 378 372 367 362 358 353 351 350 348 351 351 353 356 348 362 332 317 339 292 238 165 123 121 125 132 138 146 149 152 147 124 121 147 158 165 153 143 174 182 186 173 166 197 205 193
-9999 -9999 -9999 -9999 -9999 -9999 -9999 -9999 -9999 -9999 -9999 -9999 -9999 -9999 -9999 -9999 -9999 -9999 -9999 -9999 -9999 -9999 -9999 255 -9999 -9999 257 261 264 266 271 275 285 288 299 310 308 336 292 321 276 381 379 377 373 370 363 361 359 358 358 360 362 366 371 372 376 371 379 381 388 329 215 185 170 140 125 141 146 149 138 136 120 112 122 130 144 152 133 160 180 186 179 171 200 197 187
-9999 -9999 -9999 -9999 -9999 -9999 -9999 -9999 -9999 -9999 -9999 -9999 -9999 -9999 -9999 -9999 -9999 -9999 -9999 -9999 -9999 -9999 -9999 -9999 260 262 263 267 268 273 278 284 275 246 305 316 279 269 273 302 358 379 379 379 377 374 369 369 367 366 364 367 371 370 380 383 387 389 394 401 398 393 263 294 275 242 145 127 128 133 147 128 117 112 114 127 130 130 144 154 164 186 189 197 162 166 170
-9999 -9999 -9999 -9999 -9999 -9999 -9999 -9999 -9999 -9999 -9999 -9999 -9999 -9999 -9999 -9999 -9999 -9999 -9999 -9999 -9999 -9999 -9999 262 262 268 266 270 273 277 280 286 294 245 220 245 250 279 337 357 370 376 378 378 367 377 375 375 372 372 372 372 376 382 389 396 397 401 407 413 418 412 396 304 301 215 160 127 134 138 134 154 153 153 118 119 119 125 123 125 148 163 192 187 179 180 178
-9999 -9999 -9999 -9999 -9999 -9999 -9999 -9999 -9999 -9999 -9999 -9999 -9999 -9999 -9999 -9999 -9999 -9999 -9999 -9999 267 265 207 260 263 268 271 273 277 280 282 289 296 304 254 189 230 266 271 324 367 373 377 374 361 375 380 379 379 375 380 382 385 391 396 404 401 413 421 429 436 440 437 294 214 153 176 160 171 143 132 144 155 161 115 109 108 112 109 110 122 150 177 190 183 202 206
-9999 -9999 -9999 -9999 -9999 -9999 -9999 -9999 -9999 -9999 -9999 -9999 -9999 -9999 -9999 -9999 -9999 -9999 -9999 242 229 227 213 254 271 271 275 278 279 282 286 294 300 310 233 214 195 198 226 333 365 370 371 362 317 380 382 383 382 365 383 375 393 398 403 414 420 421 425 441 447 454 449 425 360 278 314 227 176 137 135 139 140 158 115 108 106 107 106 112 160 165 163 194 197 174 193
-9999 -9999 -9999 -9999 -9999 -9999 -9999 -9999 -9999 -9999 -9999 -9999 -9999 -9999 -9999 -9999 -9999 -9999 -9999 197 265 270 -9999 -9999 272 276 280 281 284 287 291 296 300 293 246 153 198 233 200 257 362 366 365 337 316 379 379 383 385 392 330 277 388 411 412 418 431 439 448 454 457 464 473 487 495 414 316 190 156 156 147 144 136 152 139 107 107 106 107 133 122 152 128 164 165 166 180
-9999 -9999 -9999 -9999 -9999 -9999 -9999 -9999 -9999 -9999 -9999 -9999 -9999 -9999 -9999 -9999 -9999 -9999 270 222 253 271 -9999 276 277 279 280 283 284 287 293 297 299 285 238 195 223 272 243 349 357 362 370 301 309 362 384 386 389 396 371 305 412 417 425 427 407 449 459 457 474 488 496 504 506 505 406 301 213 199 157 202 138 151 160 160 124 113 105 104 105 128 119 119 125 123 151
-9999 -9999 -9999 -9999 -9999 -9999 -9999 -9999 -9999 -9999 -9999 -9999 -9999 -9999 -9999 -9999 -9999 -9999 -9999 275 274 -9999 276 276 234 235 263 283 287 291 294 299 306 240 204 167 177 231 267 344 356 362 363 245 271 301 330 383 389 370 402 267 418 419 427 440 451 459 464 452 475 498 508 515 524 528 530 507 397 267 199 168 157 139 152 155 165 169 134 106 102 106 107 100 99 105 118
-9999 -9999 -9999 -9999 -9999 -9999 -9999 -9999 -9999 -9999 -9999 -9999 -9999 -9999 -9999 -9999 -9999 -9999 -9999 -9999 -9999 -9999 277 278 250 198 206 233 260 288 297 295 245 191 182 207 223 240 339 347 335 358 361 305 258 219 381 390 396 314 404 370 421 429 433 447 459 467 470 434 397 431 433 526 534 543 541 514 412 289 224 171 162 158 141 143 145 158 170 142 118 111 104 99 98 99 102
-9999 -9999 -9999 -9999 -9999 -9999 -9999 -9999 -9999 -9999 -9999 -9999 -9999 -9999 -9999 -9999 -9999 -9999 -9999 265 282 280 282 281 217 154 173 234 267 270 234 256 203 174 234 280 323 329 336 277 271 355 359 343 240 191 275 288 253 317 345 341 364 416 346 341 386 472 450 486 353 342 352 533 535 545 534 538 528 448 331 215 159 155 150 156 145 148 158 171 171 172 143 115 107 117 126
-9999 -9999 -9999 -9999 -9999 -9999 -9999 -9999 -9999 -9999 -9999 -9999 -9999 -9999 -9999 -9999 -9999 -9999 -9999 215 207 233 254 274 284 138 139 200 175 252 168 200 216 217 305 309 321 320 331 254 214 266 354 361 315 288 216 254 278 286 275 250 334 358 297 282 316 357 390 371 355 520 530 481 542 539 446 416 516 520 355 258 252 169 154 186 163 152 148 152 167 176 178 171 172 175 186
-9999 -9999 -9999 -9999 -9999 -9999 -9999 -9999 -9999 -9999 -9999 -9999 -9999 -9999 -9999 -9999 -9999 -9999 -9999 277 273 282 284 286 263 220 131 180 131 165 132 148 205 257 278 310 280 244 322 267 216 347 353 359 364 372 246 251 281 299 348 245 282 276 222 313 277 308 319 358 355 526 354 321 334 311 339 358 498 525 517 372 289 261 194 222 168 156 150 149 156 159 170 160 162 175 172
-9999 -9999 -9999 -9999 -9999 -9999 -9999 -9999 -9999 -9999 -9999 -9999 -9999 -9999 -9999 -9999 -9999 -9999 -9999 287 284 285 277 279 283 177 128 118 99 107 129 154 193 246 201 259 302 224 289 257 217 340 349 356 361 300 284 267 293 342 407 342 290 276 281 270 375 302 324 361 511 526 260 270 304 277 301 504 500 522 514 505 488 382 380 280 171 151 149 151 154 152 155 155 158 166 175
-9999 -9999 -9999 -9999 -9999 -9999 -9999 -9999 -9999 -9999 -9999 -9999 -9999 -9999 -9999 -9999 -9999 -9999 -9999 290 256 232 201 233 270 280 194 136 90 104 137 178 238 190 142 233 282 226 288 226 224 277 344 328 323 320 304 376 354 342 -9999 -9999 -9999 384 447 282 475 489 351 383 524 528 318 239 251 220 221 256 320 410 515 408 390 450 449 336 235 156 155 152 151 153 172 159 160 175 161
-9999 -9999 -9999 -9999 -9999 -9999 -9999 -9999 -9999 -9999 -9999 -9999 -9999 -9999 -9999 -9999 -9999 -9999 291 291 240 213 180 165 196 248 224 155 107 90 108 209 192 135 178 222 243 250 258 248 278 271 291 296 295 319 348 -9999 -9999 -9999 -9999 -9999 -9999 -9999 -9999 465 461 476 490 496 524 528 359 189 186 189 199 235 328 383 430 459 377 366 460 445 325 241 200 167 154 160 240 226 161 201 164
-9999 -9999 -9999 -9999 -9999 -9999 -9999 -9999 -9999 -9999 -9999 -9999 -9999 -9999 -9999 -9999 -9999 -9999 295 293 290 281 197 179 159 160 155 183 175 98 132 136 106 107 129 135 210 238 -9999 -9999 -9999 -9999 -9999 325 304 356 -9999 -9999 -9999 -9999 -9999 -9999 -9999 -9999 -9999 -9999 471 480 449 447 510 512 250 168 177 168 171 177 242 337 453 458 456 361 362 452 413 351 259 237 182 195 258 196 211 221 275
-9999 -9999 -9999 -9999 -9999 -9999 -9999 -9999 -9999 -9999 -9999 -9999 -9999 -9999 -9999 -9999 -9999 -9999 291 295 289 281 279 224 202 149 208 228 223 120 95 101 137 127 120 140 201 287 -9999 -9999 -9999 -9999 -9999 -9999 -9999 -9999 -9999 -9999 -9999 -9999 -9999 -9999 -9999 -9999 -9999 -9999 458 477 366 302 507 425 274 164 151 142 151 156 173 427 453 386 460 458 455 448 431 420 390 303 248 250 259 219 212 220 218
-9999 -9999 -9999 -9999 -9999 -9999 -9999 -9999 -9999 -9999 -9999 -9999 -9999 -9999 -9999 -9999 -9999 -9999 284 286 291 279 254 251 157 164 224 228 212 164 132 154 232 277 228 250 244 301 -9999 -9999 -9999 -9999 -9999 -9999 -9999 -9999 -9999 -9999 -9999 -9999 -9999 -9999 -9999 -9999 -9999 -9999 453 417 255 272 449 337 238 148 142 141 150 160 184 348 446 392 445 452 441 324 258 417 405 368 324 315 358 266 253 221 274
-9999 -9999 -9999 -9999 -9999 -9999 -9999 -9999 -9999 -9999 -9999 -9999 -9999 -9999 -9999 -9999 -9999 304 279 281 292 288 257 157 146 189 224 228 230 153 198 157 160 237 281 283 231 263 -9999 304 -9999 -9999 -9999 -9999 -9999 -9999 -9999 -9999 -9999 -9999 -9999 -9999 -9999 -9999 -9999 -9999 -9999 319 405 426 442 254 158 140 152 207 218 338 414 432 252 362 450 392 425 275 258 250 315 362 395 425 408 355 284 220 239
-9999 -9999 -9999 -9999 -9999 -9999 -9999 -9999 -9999 -9999 -9999 317 288 278 290 299 297 262 233 249 253 283 262 260 196 143 213 226 230 164 242 241 191 245 271 281 283 288 294 298 -9999 -9999 -9999 -9999 -9999 -9999 -9999 -9999 -9999 -9999 -9999 -9999 -9999 -9999 -9999 -9999 -9999 341 318 306 417 292 143 133 153 164 200 236 402 276 248 274 440 343 280 205 220 238 235 329 419 420 409 410 400 377 379
-9999 -9999 -9999 -9999 -9999 -9999 -9999 -9999 -9999 -9999 -9999 272 264 294 283 291 283 266 235 197 211 240 262 248 207 145 158 211 226 222 209 257 276 270 239 277 279 284 290 296 299 -9999 -9999 -9999 -9999 -9999 -9999 -9999 -9999 -9999 -9999 -9999 -9999 -9999 -9999 -9999 -9999 453 336 296 272 286 206 185 193 179 151 210 355 304 250 257 289 229 198 182 207 233 231 251 429 422 414 407 401 396 390
-9999 -9999 -9999 -9999 -9999 -9999 -9999 -9999 -9999 -9999 254 260 250 251 262 268 285 271 247 190 162 197 236 209 173 134 134 207 215 223 207 250 269 276 272 277 280 284 287 291 294 301 306 -9999 -9999 -9999 -9999 -9999 -9999 -9999 -9999 -9999 -9999 -9999 -9999 -9999 -9999 -9999 -9999 -9999 245 251 393 216 295 325 175 291 359 320 338 348 249 271 215 160 174 197 232 230 316 416 407 401 395 389 384
-9999 -9999 -9999 -9999 -9999 -9999 -9999 -9999 -9999 -9999 307 278 249 255 246 245 263 262 248 225 185 152 146 139 144 128 123 176 210 228 164 248 266 277 278 279 281 281 284 285 291 294 300 -9999 -9999 -9999 -9999 -9999 -9999 -9999 -9999 -9999 -9999 -9999 -9999 -9999 -9999 -9999 -9999 -9999 372 455 465 332 474 454 281 157 233 243 285 323 351 344 219 167 175 167 307 395 415 407 311 355 386 381 376
-9999 -9999 -9999 -9999 -9999 -9999 -9999 -9999 -9999 -9999 331 299 291 273 239 241 235 235 222 227 217 201 140 109 123 119 102 120 177 215 165 191 223 270 274 279 281 281 282 283 286 289 294 302 -9999 -9999 -9999 -9999 -9999 -9999 -9999 -9999 -9999 -9999 -9999 -9999 -9999 -9999 -9999 -9999 -9999 -9999 -9999 -9999 -9999 -9999 277 196 274 205 252 292 292 485 393 182 174 193 194 213 407 238 284 354 328 355 366
-9999 -9999 -9999 -9999 -9999 -9999 -9999 -9999 -9999 -9999 281 285 284 269 279 236 231 225 229 220 217 201 185 128 107 145 121 120 139 206 196 168 245 260 268 277 276 279 279 280 282 285 290 297 -9999 -9999 -9999 -9999 -9999 -9999 -9999 -9999 -9999 -9999 -9999 -9999 -9999 -9999 -9999 -9999 -9999 -9999 -9999 -9999 -9999 -9999 322 287 455 278 203 272 400 483 476 346 168 171 210 320 235 210 219 271 251 359 355
-9999 -9999 -9999 -9999 -9999 -9999 -9999 -9999 289 256 257 258 246 249 237 260 254 217 222 219 214 206 195 176 167 132 150 149 132 152 208 232 241 274 271 273 273 277 277 278 279 281 285 293 -9999 -9999 -9999 -9999 -9999 -9999 -9999 -9999 -9999 -9999 -9999 -9999 -9999 -9999 -9999 -9999 -9999 -9999 -9999 -9999 -9999 -9999 -9999 364 -9999 -9999 234 417 455 475 467 -9999 350 160 170 210 285 185 194 219 265 330 330
-9999 -9999 -9999 -9999 -9999 -9999 -9999 -9999 275 254 247 245 244 248 240 238 251 255 245 220 219 245 224 186 150 126 143 168 147 128 148 181 238 236 258 265 274 273 275 275 277 281 281 289 -9999 -9999 -9999 -9999 -9999 -9999 -9999 -9999 -9999 -9999 -9999 -9999 -9999 -9999 -9999 -9999 -9999 -9999 -9999 -9999 -9999 -9999 -9999 -9999 -9999 -9999 -9999 -9999 344 296 458 -9999 -9999 351 210 224 198 195 178 178 221 265 305
-9999 -9999 -9999 -9999 -9999 -9999 -9999 -9999 279 259 233 247 243 234 231 239 256 252 248 233 233 215 211 207 179 155 161 152 179 151 151 165 192 215 253 261 268 273 273 274 275 278 281 287 296 -9999 -9999 -9999 -9999 -9999 -9999 -9999 -9999 -9999 -9999 -9999 -9999 -9999 -9999 -9999 -9999 -9999 -9999 -9999 -9999 -9999 -9999 -9999 -9999 -9999 -9999 -9999 -9999 -9999 -9999 439 -9999 -9999 403 216 168 179 171 167 188 241 279
