worldclim/bio17_cr.asc
ncols        411
nrows        382
xllcorner    -85.979072453958
yllcorner    8.036441368777
cellsize     0.008333330000
NODATA_value  -9999
[rows 156 to 194 of 382, columns 174 to 260 of 411]
39 40 42 43 48 53 45 45 47 46 45 40 41 40 46 42 41 41 46 42 41 45 42 42 43 46 50 53 48 45 44 45 52 46 44 47 58 40 49 51 56 52 38 49 38 52 48 46 49 48 47 43 41 40 38 32 30 29 30 30 32 40 67 65 75 77 85 75 93 114 137 152 173 182 188 159 133 147 171 182 191 213 278 293 301 276 286
39 40 52 47 45 43 41 42 42 43 42 43 54 44 42 43 46 51 53 48 42 43 42 50 51 52 52 53 56 47 50 45 46 48 48 52 56 36 37 61 62 56 54 54 46 35 39 41 41 49 48 48 44 44 38 35 32 30 30 29 31 33 42 49 58 68 78 77 68 92 122 145 154 163 192 204 206 218 231 228 262 276 283 275 271 273 266
42 45 52 46 40 40 42 42 41 41 40 51 66 59 46 53 53 57 58 54 53 48 45 46 51 56 57 56 59 61 49 55 51 48 48 52 58 38 47 51 62 52 34 58 55 40 36 38 41 44 47 49 46 41 36 35 34 33 32 29 29 33 38 49 62 72 63 69 86 69 77 92 148 160 171 189 209 224 237 239 251 259 256 257 254 254 238
44 44 53 46 43 42 43 46 44 43 40 45 64 74 71 71 62 68 65 67 58 52 50 49 54 57 56 58 60 63 58 52 62 56 52 51 61 68 35 51 52 43 32 51 67 46 50 49 49 42 39 40 44 42 39 36 37 32 29 30 30 49 61 62 91 97 105 108 100 65 69 80 103 133 146 179 191 208 207 214 228 233 243 247 242 245 231
45 45 48 47 52 48 52 49 46 47 46 43 60 77 78 73 74 69 69 68 68 55 57 53 57 58 59 58 56 59 62 56 55 68 67 66 69 44 39 39 59 45 45 52 82 69 62 65 54 44 42 40 43 43 41 38 37 44 31 31 43 55 52 60 89 83 102 56 66 74 78 79 82 90 102 126 163 168 194 197 206 224 223 220 230 229 243
46 47 49 49 48 53 52 50 50 49 48 45 44 53 60 82 79 71 71 73 70 70 62 59 60 64 67 64 59 59 59 57 60 71 78 71 64 37 56 37 48 66 66 57 87 94 77 75 54 48 42 38 42 44 42 39 36 35 33 35 48 52 50 50 56 52 68 61 76 76 78 80 84 93 102 107 119 135 166 178 187 207 207 221 223 225 297
49 51 54 49 49 49 53 53 53 51 50 43 42 42 49 84 84 76 75 64 75 75 73 69 62 65 68 70 69 67 64 66 64 68 68 66 69 85 62 38 42 65 66 75 91 96 88 72 57 62 45 38 42 39 41 39 38 37 43 47 46 58 57 57 60 63 68 72 74 79 83 85 88 98 107 109 119 129 143 171 169 184 191 188 239 240 245
50 54 52 51 47 46 50 50 53 52 43 42 42 43 47 65 52 81 78 80 79 82 80 75 74 75 77 76 71 65 64 67 63 65 64 63 66 75 91 36 38 38 47 71 91 96 91 68 79 56 39 38 39 40 42 42 41 41 46 44 45 71 46 47 53 64 69 73 77 83 90 94 106 106 113 125 126 132 140 147 155 169 185 236 251 211 212
53 53 52 45 42 43 45 44 48 52 51 44 48 45 44 46 48 75 87 84 82 83 80 86 93 93 77 76 70 67 67 66 71 67 69 67 70 80 81 37 40 36 42 51 71 90 95 92 88 53 41 37 40 39 43 42 43 43 43 64 75 72 44 54 56 63 70 74 80 87 96 103 114 132 133 133 132 137 147 155 168 185 203 233 196 202 208
53 52 49 44 50 84 56 43 46 47 50 52 52 44 48 61 64 62 78 87 88 86 84 91 95 90 83 73 68 69 70 71 73 69 73 78 79 88 106 102 52 36 39 51 72 81 69 88 84 64 63 37 37 38 39 40 40 48 45 84 97 81 61 53 57 66 71 77 83 90 94 111 127 139 147 141 137 143 158 179 198 224 245 190 198 203 207
50 49 45 44 64 82 104 52 44 45 45 48 48 48 46 59 89 88 90 90 90 90 96 83 100 91 88 81 70 69 71 72 74 75 91 86 78 104 90 114 53 62 34 34 39 59 57 71 58 61 58 49 49 47 54 52 71 93 73 100 68 53 44 50 55 47 51 73 86 93 74 103 132 146 152 160 167 156 168 193 211 239 184 191 201 209 205
49 45 44 46 80 104 108 60 51 54 49 46 46 47 51 52 55 74 96 95 95 97 96 82 91 90 83 74 75 72 71 72 75 75 76 77 79 79 80 83 100 123 78 62 34 49 41 47 39 57 52 53 52 36 44 44 55 61 85 102 103 69 59 84 115 98 80 64 64 96 72 88 84 129 139 142 174 175 190 219 191 188 198 192 207 201 206
46 45 47 63 104 67 100 97 84 90 61 67 50 51 55 64 83 72 70 87 94 82 85 89 70 69 81 92 80 73 71 69 75 74 81 83 86 84 83 85 87 91 117 126 38 34 33 34 35 48 49 41 45 40 36 35 42 53 67 71 113 115 84 99 126 155 144 93 73 66 72 78 115 126 124 143 158 168 206 151 179 177 200 204 198 262 276
46 45 52 106 63 46 73 68 89 113 80 109 76 67 65 69 71 58 69 79 60 65 82 94 78 66 85 95 87 77 69 71 77 80 82 84 84 85 102 130 103 112 115 128 197 110 55 59 33 34 34 34 36 39 40 36 47 38 48 59 84 124 133 142 152 157 169 149 125 104 149 151 132 137 153 176 175 138 155 164 172 205 257 260 246 290 314
46 47 60 109 85 51 40 44 43 83 92 99 87 95 112 99 79 70 59 58 66 102 102 93 68 65 95 83 98 76 69 74 80 88 89 90 86 112 131 154 130 174 160 209 172 180 101 76 102 85 38 33 51 56 41 37 36 37 53 57 66 127 133 123 137 140 168 131 148 125 140 80 93 149 173 165 196 194 225 235 173 182 301 311 267 292 382
47 47 56 68 106 65 42 48 43 59 51 53 55 46 76 107 112 106 73 58 67 93 83 67 62 67 74 70 75 75 70 75 85 95 111 96 108 111 99 142 129 102 188 186 129 186 250 240 215 112 50 34 65 75 53 44 43 39 39 49 77 129 98 149 158 127 100 126 120 71 75 135 146 168 170 176 187 194 211 257 263 179 186 296 292 355 398
49 49 51 76 99 54 73 67 72 88 51 38 66 100 91 106 87 70 70 64 62 82 84 63 73 79 67 77 69 71 75 86 86 92 87 86 91 93 92 95 97 99 100 107 104 106 110 161 183 135 52 39 155 86 71 44 41 39 40 58 71 97 90 143 113 102 104 71 72 83 91 88 147 125 154 177 156 178 225 258 250 225 203 333 355 388 412
51 50 63 111 86 95 116 93 114 95 62 68 100 107 118 96 72 63 63 67 62 66 66 92 85 92 77 77 75 75 79 77 82 79 80 83 91 89 96 99 100 101 103 108 138 214 180 120 202 166 46 62 154 76 62 52 54 54 41 45 49 65 81 88 124 116 104 91 93 82 114 145 188 169 137 209 176 250 330 273 269 298 249 243 335 393 413
52 52 65 77 93 74 61 107 106 98 108 112 119 68 75 119 115 89 60 61 62 74 92 85 79 68 75 71 74 84 85 77 78 82 82 90 95 96 99 140 154 232 125 199 262 36 69 336 161 135 162 107 115 100 58 67 54 49 45 45 47 61 61 86 96 164 123 117 127 122 166 195 268 250 199 254 359 376 404 291 296 333 322 383 391 358 402
54 52 53 58 57 64 56 68 96 82 70 60 59 64 83 113 119 95 68 69 72 82 87 66 70 69 84 88 82 97 114 99 96 89 94 94 116 114 109 136 171 122 279 216 98 59 34 49 118 239 183 81 47 36 36 39 43 48 59 55 63 76 81 88 104 166 125 128 175 158 204 264 293 260 284 347 327 309 428 358 295 322 348 380 366 394 459
56 54 55 56 57 57 58 65 60 60 65 60 80 69 111 116 107 85 78 65 81 82 95 70 79 89 95 122 107 109 150 151 137 107 125 137 188 190 224 204 40 33 93 232 57 33 39 46 51 37 142 169 143 83 40 40 46 44 48 55 87 76 82 156 157 190 198 216 215 247 264 264 238 303 324 339 282 351 436 358 353 352 373 399 420 459 475
57 58 57 57 62 65 65 68 69 70 61 73 87 118 101 97 121 122 121 85 72 73 98 71 79 94 115 136 146 151 162 169 170 181 188 177 114 87 86 33 33 37 33 33 34 42 68 79 34 37 65 36 55 113 80 60 55 45 51 54 55 75 75 94 100 153 196 209 195 203 222 185 188 214 219 300 313 395 436 470 497 515 562 576 639 465 487
59 60 61 64 66 67 68 71 62 65 68 63 69 67 69 91 103 115 123 122 79 80 89 85 73 77 90 101 103 121 143 119 167 149 146 115 163 200 103 76 33 39 36 39 73 82 90 71 38 47 40 38 39 50 42 41 54 53 68 71 70 81 119 136 154 197 208 185 156 136 144 148 194 230 303 320 305 375 399 473 420 473 315 293 644 659 674
59 59 58 60 66 69 70 70 69 67 66 65 68 66 74 113 77 92 124 129 84 71 92 93 78 74 77 79 100 144 147 111 140 120 110 98 122 118 144 79 42 37 63 54 79 91 89 87 53 78 75 62 53 43 43 58 88 66 70 141 82 115 134 173 188 163 156 143 128 121 124 145 165 199 202 243 309 261 277 363 354 243 196 217 241 359 472
62 63 62 64 63 68 74 73 74 74 71 69 71 69 72 69 69 98 128 130 89 74 78 104 89 88 86 113 116 124 103 118 108 90 93 107 162 232 36 37 40 51 77 86 86 57 68 84 95 98 100 103 107 76 55 56 95 73 122 143 152 162 170 175 192 169 145 131 119 116 121 134 169 156 156 178 219 233 175 180 241 218 204 206 306 481 762
63 64 64 68 70 71 75 75 76 77 78 80 80 77 69 73 72 85 90 85 82 74 80 94 108 98 79 82 93 112 102 94 90 91 111 174 145 237 52 35 58 74 85 87 89 44 42 46 48 82 100 105 101 111 110 78 114 128 138 139 153 163 168 166 197 205 215 195 141 113 118 125 146 137 144 152 162 162 173 161 185 198 200 218 289 494 771
66 67 66 70 71 72 75 76 78 79 81 70 70 70 75 82 79 75 80 74 77 76 84 90 99 110 100 81 84 86 86 87 90 90 103 127 121 226 193 42 41 83 84 75 58 43 64 39 46 83 74 96 104 112 116 97 69 73 87 139 158 138 102 164 171 210 226 215 142 121 114 121 120 122 128 144 145 145 133 132 173 213 206 247 298 500 741
67 70 71 72 74 77 78 76 76 81 80 72 72 74 79 82 86 88 84 87 87 88 85 81 84 103 114 93 92 92 87 98 100 91 107 103 145 186 80 39 73 49 83 41 39 53 67 42 58 63 65 73 84 82 98 105 69 63 74 92 157 167 106 114 189 209 230 194 147 130 141 120 132 134 141 132 150 150 131 131 146 197 227 211 221 231 281
68 70 72 73 76 75 78 81 80 80 84 80 76 82 87 89 89 92 91 91 90 92 91 90 87 87 115 109 105 96 106 107 93 95 95 99 181 192 209 39 40 49 85 48 273 245 41 68 72 53 53 54 55 60 62 69 72 60 64 82 92 94 97 129 171 218 163 248 222 129 187 142 133 125 143 132 145 166 145 131 131 196 223 228 229 231 228
70 69 70 76 76 78 78 81 84 81 82 87 86 88 89 90 92 92 94 95 96 95 95 97 100 96 110 118 105 107 113 111 98 99 94 128 169 204 176 246 162 61 64 267 187 147 46 47 86 58 48 48 53 59 56 60 68 59 73 69 80 87 98 120 179 151 148 222 263 201 239 148 131 160 180 155 158 162 151 139 138 179 188 198 200 241 215
71 71 75 77 76 79 80 82 87 82 76 81 89 89 81 91 94 94 94 96 102 105 106 106 105 111 115 116 116 117 106 111 93 96 127 179 165 124 121 150 229 246 156 152 131 182 200 77 94 62 54 55 54 59 54 58 59 60 64 68 72 83 93 117 147 150 135 189 202 232 309 170 167 224 242 157 156 160 171 191 133 137 158 154 172 149 162
71 75 76 77 78 79 79 85 89 86 82 84 90 90 93 93 94 95 92 95 96 105 107 110 110 112 114 118 119 121 118 122 122 97 96 101 122 104 111 219 231 142 115 122 190 195 228 235 62 52 62 54 103 203 67 64 61 74 86 102 83 82 93 103 115 131 134 148 180 239 306 322 343 334 372 199 201 185 188 181 148 131 148 182 241 185 179
76 74 75 79 79 80 83 87 90 92 91 90 93 93 92 94 95 95 93 92 96 98 100 108 110 107 115 115 119 118 117 115 107 116 113 121 99 102 107 119 113 106 112 245 53 47 209 243 88 170 150 174 185 146 60 71 76 76 76 86 84 92 107 125 137 167 142 177 230 273 300 294 323 367 387 377 307 185 172 188 126 125 129 135 152 218 196
77 76 78 78 79 82 86 86 87 87 87 88 91 93 94 95 96 96 97 97 97 96 96 98 104 114 114 114 116 112 115 105 96 100 99 99 118 120 103 104 106 113 192 59 63 57 85 241 222 152 88 89 66 78 67 66 78 77 74 81 87 106 119 137 172 169 165 193 264 238 313 325 299 351 274 212 241 163 125 130 126 133 125 124 133 165 189
78 79 80 80 81 82 84 85 86 86 88 90 92 94 94 95 96 97 97 97 97 97 105 108 110 111 110 115 117 118 120 118 103 97 110 131 110 104 117 106 107 180 187 48 81 86 71 216 124 66 136 60 65 68 81 71 83 78 80 86 92 123 145 203 207 214 185 253 243 261 235 319 206 252 144 147 130 151 134 145 142 141 150 127 123 127 126
76 80 81 81 81 83 83 85 86 87 89 90 94 95 96 96 97 96 98 97 97 100 105 108 110 112 107 111 115 117 116 116 116 99 102 122 127 108 108 108 114 215 147 66 64 74 54 69 57 59 65 63 73 91 82 78 78 108 83 122 92 138 193 209 187 213 247 244 221 290 212 171 135 138 152 126 122 124 141 116 114 117 140 153 142 138 122
77 78 79 81 82 83 84 84 85 87 89 91 93 95 96 96 98 98 98 98 97 100 104 102 104 108 108 114 112 113 118 119 115 113 104 102 102 107 106 108 114 117 227 61 55 57 56 57 60 64 65 65 70 78 76 78 111 154 171 194 97 110 165 153 220 223 242 212 223 294 277 211 162 137 135 122 127 139 139 119 124 142 128 136 149 145 135
78 79 80 82 83 84 84 86 86 87 89 91 93 96 96 96 98 99 100 98 102 103 105 107 102 102 108 107 112 115 117 115 120 122 122 108 104 108 116 129 141 222 146 224 92 168 62 63 61 72 65 68 79 136 84 103 201 191 208 133 105 118 117 138 196 224 211 253 232 294 303 301 312 187 143 124 136 134 133 140 139 124 141 123 140 148 134
78 82 81 83 84 85 85 86 87 87 90 91 93 95 96 94 97 99 100 100 103 104 106 101 100 103 106 107 113 115 114 119 119 121 123 121 115 108 125 155 130 191 217 198 188 117 76 180 181 82 197 189 227 213 152 157 216 218 207 219 213 195 150 159 150 162 172 178 237 285 237 324 296 307 145 134 128 127 160 122 126 132 191 118 123 141 119
