worldclim/bio19_cr.asc
ncols        411
nrows        382
xllcorner    -85.979072453958
yllcorner    8.036441368777
cellsize     0.008333330000
NODATA_value  -9999
[rows 0 to 37 of 382, columns 0 to 85 of 411]
-9999 -9999 -9999 -9999 -9999 -9999 -9999 -9999 -9999 -9999 -9999 -9999 -9999 -9999 -9999 -9999 -9999 -9999 -9999 -9999 -9999 -9999 -9999 -9999 -9999 -9999 -9999 -9999 -9999 -9999 -9999 -9999 -9999 -9999 -9999 -9999 -9999 -9999 -9999 -9999 -9999 -9999 -9999 339 356 366 328 336 -9999 -9999 -9999 -9999 -9999 -9999 -9999 -9999 -9999 -9999 -9999 -9999 -9999 -9999 -9999 -9999 -9999 -9999 -9999 -9999 -9999 -9999 -9999 -9999 -9999 -9999 -9999 -9999 -9999 -9999 -9999 -9999 -9999 -9999 -9999 -9999 -9999 -9999
-9999 -9999 -9999 -9999 -9999 -9999 -9999 -9999 -9999 -9999 -9999 -9999 -9999 -9999 -9999 -9999 -9999 -9999 -9999 -9999 -9999 -9999 -9999 -9999 -9999 -9999 -9999 -9999 -9999 -9999 -9999 -9999 -9999 -9999 -9999 -9999 -9999 -9999 -9999 -9999 -9999 -9999 -9999 347 658 363 331 329 334 337 -9999 -9999 -9999 -9999 -9999 -9999 -9999 -9999 -9999 -9999 -9999 -9999 -9999 -9999 -9999 -9999 -9999 -9999 -9999 -9999 -9999 -9999 -9999 -9999 -9999 -9999 -9999 -9999 -9999 -9999 -9999 -9999 -9999 -9999 -9999 -9999
-9999 -9999 -9999 -9999 -9999 -9999 -9999 -9999 -9999 -9999 -9999 -9999 -9999 -9999 -9999 -9999 -9999 -9999 -9999 -9999 -9999 -9999 -9999 -9999 -9999 -9999 -9999 -9999 -9999 -9999 -9999 -9999 -9999 -9999 -9999 -9999 -9999 -9999 -9999 -9999 -9999 -9999 667 353 658 361 356 329 345 351 341 -9999 -9999 -9999 -9999 -9999 -9999 -9999 -9999 -9999 -9999 -9999 -9999 -9999 -9999 -9999 -9999 -9999 -9999 -9999 -9999 -9999 -9999 -9999 -9999 -9999 -9999 -9999 -9999 -9999 -9999 -9999 -9999 -9999 -9999 -9999
-9999 -9999 -9999 -9999 -9999 -9999 -9999 -9999 -9999 -9999 -9999 -9999 -9999 -9999 -9999 -9999 -9999 -9999 -9999 -9999 -9999 -9999 -9999 -9999 -9999 -9999 -9999 -9999 -9999 -9999 -9999 -9999 -9999 -9999 -9999 -9999 -9999 -9999 -9999 -9999 -9999 -9999 355 352 661 352 351 329 332 336 337 346 -9999 -9999 -9999 -9999 -9999 -9999 -9999 -9999 -9999 -9999 -9999 -9999 -9999 -9999 -9999 -9999 -9999 -9999 -9999 -9999 -9999 -9999 -9999 -9999 -9999 -9999 -9999 -9999 -9999 -9999 -9999 -9999 -9999 -9999
-9999 -9999 -9999 -9999 -9999 -9999 -9999 -9999 -9999 -9999 -9999 -9999 -9999 -9999 -9999 -9999 -9999 -9999 -9999 -9999 -9999 -9999 -9999 -9999 -9999 -9999 -9999 -9999 -9999 -9999 -9999 -9999 -9999 -9999 -9999 -9999 -9999 -9999 -9999 -9999 -9999 342 657 658 649 656 350 332 330 333 343 344 335 -9999 -9999 -9999 -9999 -9999 -9999 -9999 -9999 -9999 -9999 -9999 -9999 -9999 -9999 -9999 -9999 -9999 -9999 -9999 -9999 -9999 -9999 -9999 -9999 -9999 -9999 -9999 -9999 -9999 -9999 -9999 -9999 -9999
-9999 -9999 -9999 -9999 -9999 -9999 -9999 -9999 -9999 -9999 -9999 -9999 -9999 -9999 -9999 -9999 -9999 -9999 -9999 -9999 -9999 -9999 -9999 -9999 -9999 -9999 -9999 -9999 -9999 -9999 -9999 -9999 -9999 -9999 -9999 -9999 -9999 -9999 -9999 -9999 652 655 338 656 653 651 657 343 331 336 341 341 633 630 -9999 -9999 -9999 -9999 -9999 -9999 -9999 -9999 -9999 -9999 -9999 -9999 -9999 -9999 -9999 -9999 -9999 -9999 -9999 -9999 -9999 -9999 -9999 -9999 -9999 -9999 -9999 -9999 -9999 -9999 -9999 -9999
-9999 -9999 -9999 -9999 -9999 -9999 -9999 -9999 -9999 -9999 -9999 -9999 -9999 -9999 -9999 -9999 -9999 -9999 -9999 -9999 -9999 -9999 -9999 -9999 -9999 -9999 -9999 -9999 -9999 -9999 -9999 -9999 -9999 -9999 -9999 -9999 -9999 -9999 -9999 -9999 647 649 331 649 335 646 338 337 333 336 334 645 332 336 332 341 -9999 -9999 -9999 -9999 -9999 -9999 -9999 -9999 -9999 -9999 -9999 -9999 -9999 -9999 -9999 -9999 -9999 -9999 -9999 -9999 -9999 -9999 -9999 -9999 -9999 -9999 -9999 -9999 -9999 -9999
-9999 -9999 -9999 -9999 -9999 -9999 -9999 -9999 -9999 -9999 -9999 -9999 -9999 -9999 -9999 -9999 -9999 -9999 -9999 -9999 -9999 -9999 -9999 -9999 -9999 -9999 -9999 -9999 -9999 -9999 -9999 -9999 -9999 -9999 -9999 -9999 -9999 -9999 -9999 310 646 321 647 651 329 329 650 651 327 329 329 647 334 335 339 340 338 340 -9999 -9999 -9999 -9999 -9999 -9999 -9999 -9999 -9999 -9999 -9999 -9999 -9999 -9999 -9999 -9999 -9999 -9999 -9999 -9999 -9999 -9999 -9999 -9999 -9999 -9999 -9999 -9999
-9999 -9999 -9999 -9999 -9999 -9999 -9999 -9999 -9999 -9999 -9999 -9999 -9999 -9999 -9999 -9999 -9999 -9999 -9999 -9999 -9999 -9999 -9999 -9999 -9999 -9999 -9999 -9999 -9999 -9999 -9999 -9999 -9999 -9999 -9999 -9999 -9999 -9999 -9999 639 642 313 646 647 645 645 649 649 317 320 326 328 330 643 334 339 343 340 321 622 620 -9999 -9999 -9999 -9999 -9999 -9999 -9999 -9999 -9999 -9999 -9999 -9999 -9999 -9999 -9999 -9999 -9999 -9999 -9999 -9999 -9999 -9999 -9999 -9999 -9999
-9999 -9999 -9999 -9999 -9999 -9999 -9999 -9999 -9999 -9999 -9999 -9999 -9999 -9999 -9999 -9999 -9999 -9999 -9999 -9999 -9999 -9999 -9999 -9999 -9999 -9999 -9999 -9999 -9999 -9999 -9999 -9999 -9999 -9999 -9999 -9999 -9999 -9999 284 636 290 305 311 644 316 318 646 645 645 318 321 325 327 328 644 341 340 345 333 323 620 325 315 610 -9999 -9999 -9999 -9999 -9999 -9999 -9999 -9999 -9999 -9999 -9999 -9999 -9999 -9999 -9999 -9999 -9999 -9999 -9999 -9999 -9999 -9999
-9999 -9999 -9999 -9999 -9999 -9999 -9999 -9999 -9999 -9999 -9999 -9999 -9999 -9999 -9999 -9999 -9999 -9999 -9999 -9999 -9999 -9999 -9999 -9999 -9999 -9999 -9999 -9999 -9999 -9999 -9999 -9999 -9999 -9999 -9999 -9999 -9999 627 274 279 286 299 640 640 642 643 640 642 642 315 332 362 323 324 329 345 369 359 336 330 635 332 318 323 334 330 -9999 -9999 -9999 -9999 -9999 -9999 -9999 -9999 -9999 -9999 -9999 -9999 -9999 -9999 -9999 -9999 -9999 -9999 -9999 -9999
-9999 -9999 -9999 -9999 -9999 -9999 -9999 -9999 -9999 -9999 -9999 -9999 -9999 -9999 -9999 -9999 -9999 -9999 -9999 -9999 -9999 -9999 -9999 -9999 -9999 -9999 -9999 -9999 -9999 -9999 -9999 -9999 -9999 -9999 -9999 -9999 -9999 267 625 278 288 633 636 294 638 635 640 303 307 335 328 341 319 321 335 346 365 340 336 328 328 332 321 323 332 324 615 322 326 335 344 618 338 598 338 -9999 -9999 -9999 -9999 -9999 -9999 -9999 -9999 -9999 -9999 -9999
-9999 -9999 -9999 -9999 -9999 -9999 -9999 -9999 -9999 -9999 -9999 -9999 -9999 -9999 -9999 -9999 -9999 -9999 -9999 -9999 -9999 -9999 -9999 -9999 -9999 -9999 -9999 -9999 -9999 -9999 -9999 -9999 -9999 -9999 -9999 -9999 619 263 267 274 629 278 288 635 634 300 301 637 305 330 345 371 323 318 325 327 348 341 337 326 642 334 329 635 332 334 335 332 358 354 359 632 339 338 341 606 346 -9999 -9999 -9999 -9999 -9999 -9999 -9999 -9999 -9999
-9999 -9999 -9999 -9999 -9999 -9999 -9999 -9999 -9999 -9999 -9999 -9999 -9999 -9999 -9999 -9999 -9999 -9999 -9999 -9999 -9999 -9999 -9999 -9999 -9999 -9999 -9999 -9999 -9999 -9999 -9999 -9999 -9999 -9999 -9999 -9999 258 258 261 273 627 275 285 289 288 293 634 635 297 308 324 344 321 318 327 328 331 330 331 336 339 646 347 339 337 336 338 348 352 364 361 356 362 356 346 346 356 619 353 353 -9999 -9999 -9999 -9999 -9999 -9999
-9999 -9999 -9999 -9999 -9999 -9999 -9999 -9999 -9999 -9999 -9999 -9999 -9999 -9999 -9999 -9999 -9999 -9999 -9999 -9999 -9999 -9999 -9999 -9999 -9999 -9999 -9999 -9999 -9999 -9999 -9999 -9999 -9999 -9999 -9999 606 259 257 261 263 272 275 280 278 286 628 288 632 295 298 309 317 329 353 367 333 335 330 332 338 342 340 352 341 340 339 341 349 363 364 374 359 355 355 378 379 366 617 364 356 361 360 -9999 -9999 -9999 -9999
-9999 -9999 -9999 -9999 -9999 -9999 -9999 -9999 -9999 -9999 -9999 -9999 -9999 -9999 -9999 -9999 -9999 -9999 -9999 -9999 -9999 -9999 -9999 -9999 -9999 -9999 -9999 -9999 -9999 -9999 -9999 -9999 -9999 -9999 593 595 603 600 253 256 621 272 270 270 279 626 284 287 631 633 304 310 326 343 342 324 321 323 331 340 343 338 347 356 345 358 356 355 362 372 372 362 379 381 391 380 358 365 374 363 359 366 364 366 -9999 -9999
-9999 -9999 -9999 -9999 -9999 -9999 -9999 -9999 -9999 -9999 -9999 -9999 -9999 -9999 -9999 -9999 -9999 -9999 -9999 -9999 -9999 -9999 -9999 -9999 -9999 -9999 -9999 -9999 -9999 -9999 -9999 -9999 -9999 -9999 -9999 575 576 592 255 256 261 258 262 621 270 275 279 280 287 630 633 304 307 311 312 315 316 324 330 335 338 340 346 354 356 353 369 374 373 380 375 369 386 410 391 382 398 396 385 387 381 374 363 363 369 373
-9999 -9999 -9999 -9999 -9999 -9999 -9999 -9999 -9999 -9999 -9999 -9999 -9999 -9999 -9999 -9999 -9999 -9999 -9999 -9999 -9999 -9999 -9999 -9999 -9999 -9999 -9999 -9999 -9999 -9999 -9999 -9999 -9999 -9999 -9999 -9999 581 584 586 603 615 255 259 261 264 620 273 275 280 626 630 297 300 303 307 311 314 320 323 329 333 336 344 353 348 350 366 372 373 388 388 388 405 408 412 414 423 390 383 378 364 382 374 364 368 602
-9999 -9999 -9999 -9999 -9999 -9999 -9999 -9999 -9999 -9999 -9999 -9999 -9999 -9999 -9999 -9999 -9999 -9999 -9999 -9999 -9999 -9999 -9999 -9999 -9999 -9999 -9999 -9999 -9999 -9999 -9999 -9999 -9999 -9999 -9999 -9999 -9999 568 572 586 599 250 614 257 261 264 267 271 276 623 626 628 629 630 301 304 309 313 318 324 326 331 335 337 347 346 368 378 378 386 395 393 396 417 416 419 416 399 398 364 366 367 360 371 364 368
-9999 -9999 -9999 -9999 -9999 -9999 -9999 -9999 -9999 -9999 -9999 -9999 -9999 -9999 -9999 -9999 -9999 -9999 -9999 -9999 -9999 -9999 -9999 -9999 -9999 -9999 -9999 -9999 -9999 -9999 -9999 -9999 -9999 -9999 -9999 -9999 -9999 565 567 583 608 246 250 611 256 259 262 615 269 274 281 284 289 293 296 300 305 308 315 318 324 327 331 337 356 366 375 379 388 393 388 391 398 405 419 405 416 404 387 379 388 384 375 368 366 368
-9999 -9999 -9999 -9999 -9999 -9999 -9999 -9999 -9999 -9999 -9999 -9999 -9999 -9999 -9999 -9999 -9999 -9999 -9999 -9999 -9999 -9999 -9999 -9999 -9999 -9999 -9999 -9999 -9999 545 -9999 -9999 -9999 -9999 -9999 -9999 -9999 562 571 586 603 605 245 608 609 611 257 612 265 270 617 280 284 287 292 298 304 306 309 315 319 324 333 338 363 378 378 373 391 397 398 398 407 402 415 412 397 398 390 384 383 387 379 373 375 367
-9999 -9999 -9999 -9999 -9999 -9999 -9999 -9999 -9999 -9999 -9999 -9999 -9999 -9999 -9999 -9999 -9999 -9999 -9999 -9999 -9999 -9999 -9999 -9999 -9999 -9999 -9999 -9999 -9999 566 545 -9999 -9999 -9999 -9999 -9999 556 561 594 600 601 237 603 605 606 607 609 255 260 263 270 275 279 621 290 298 297 629 305 312 321 330 335 338 377 385 378 372 390 399 403 391 405 414 402 384 382 382 383 390 374 389 386 387 397 610
-9999 -9999 -9999 -9999 -9999 -9999 -9999 -9999 -9999 -9999 -9999 -9999 -9999 -9999 -9999 -9999 -9999 -9999 -9999 -9999 -9999 -9999 -9999 -9999 -9999 -9999 -9999 541 555 545 546 -9999 -9999 -9999 -9999 556 560 214 566 596 231 233 600 603 242 244 247 606 254 258 265 270 615 281 285 291 295 298 302 311 321 337 342 349 369 393 360 369 396 394 393 401 402 401 393 403 382 401 406 400 378 381 385 384 382 367
-9999 -9999 -9999 -9999 -9999 -9999 -9999 -9999 -9999 -9999 -9999 -9999 -9999 -9999 -9999 -9999 -9999 -9999 -9999 -9999 -9999 -9999 -9999 -9999 -9999 -9999 -9999 546 192 552 546 553 555 551 555 555 558 215 218 223 226 228 597 233 599 601 243 247 252 252 263 612 275 278 285 619 622 296 306 313 335 345 374 371 393 422 416 420 427 397 394 400 402 389 396 409 400 404 403 387 381 372 390 381 375 376
-9999 -9999 -9999 -9999 -9999 -9999 -9999 -9999 -9999 -9999 -9999 -9999 -9999 -9999 -9999 -9999 -9999 -9999 -9999 -9999 -9999 -9999 -9999 -9999 -9999 -9999 -9999 -9999 555 562 555 198 198 551 552 204 204 587 215 217 590 223 227 229 231 234 238 599 254 276 292 297 272 281 283 286 292 305 326 353 352 392 377 407 425 446 455 436 443 404 401 406 395 387 393 400 409 407 416 396 389 374 377 375 614 610
-9999 -9999 -9999 -9999 -9999 -9999 -9999 -9999 -9999 -9999 -9999 -9999 -9999 -9999 -9999 -9999 -9999 -9999 -9999 -9999 -9999 -9999 -9999 -9999 -9999 -9999 -9999 -9999 -9999 -9999 -9999 195 562 569 554 557 570 205 211 213 219 220 222 226 229 593 234 239 254 315 327 347 276 279 286 286 310 330 377 419 434 455 442 454 478 475 505 486 430 429 420 410 403 398 398 399 410 408 408 401 384 380 365 618 367 605
-9999 -9999 -9999 -9999 -9999 -9999 -9999 -9999 -9999 -9999 -9999 -9999 -9999 -9999 -9999 -9999 -9999 -9999 -9999 -9999 -9999 -9999 -9999 -9999 -9999 -9999 -9999 -9999 -9999 -9999 -9999 -9999 550 195 197 556 567 204 568 209 586 217 217 222 225 225 231 237 246 268 325 371 320 287 287 313 339 402 465 495 513 514 501 503 526 538 538 523 475 441 431 407 399 401 402 409 417 439 408 388 386 366 608 343 344 349
-9999 -9999 -9999 -9999 -9999 -9999 -9999 -9999 -9999 -9999 -9999 -9999 -9999 -9999 -9999 -9999 -9999 -9999 -9999 -9999 -9999 -9999 -9999 -9999 -9999 -9999 -9999 -9999 -9999 -9999 -9999 -9999 -9999 546 559 574 564 200 571 203 206 209 583 216 220 222 225 228 233 240 261 314 262 278 289 324 376 446 509 561 622 563 576 566 578 548 547 532 482 441 439 395 407 405 409 407 419 430 407 398 378 366 610 341 339 343
-9999 -9999 -9999 -9999 -9999 -9999 -9999 -9999 -9999 -9999 -9999 -9999 -9999 -9999 -9999 -9999 -9999 -9999 -9999 -9999 -9999 -9999 -9999 -9999 -9999 -9999 -9999 -9999 -9999 -9999 -9999 -9999 -9999 -9999 545 570 566 196 570 578 202 204 580 212 214 217 221 225 239 242 242 251 258 268 290 338 368 438 543 664 665 621 598 638 645 577 546 553 517 462 442 401 418 413 417 404 423 417 394 387 377 378 602 336 336 339
-9999 -9999 -9999 -9999 -9999 -9999 -9999 -9999 -9999 -9999 -9999 -9999 -9999 -9999 -9999 -9999 -9999 -9999 -9999 -9999 -9999 -9999 -9999 -9999 -9999 -9999 -9999 -9999 -9999 -9999 -9999 -9999 -9999 -9999 541 557 571 191 570 195 578 199 205 208 210 213 217 221 232 235 238 250 255 270 287 318 354 459 529 592 643 632 634 650 607 578 538 553 508 462 426 422 420 417 420 423 427 420 398 378 355 338 338 341 338 574
-9999 -9999 -9999 -9999 -9999 -9999 -9999 -9999 -9999 -9999 -9999 -9999 -9999 -9999 -9999 -9999 -9999 -9999 -9999 -9999 -9999 -9999 -9999 -9999 -9999 -9999 -9999 -9999 -9999 -9999 -9999 -9999 -9999 535 544 559 573 188 574 191 577 196 572 204 205 210 213 220 228 228 235 240 251 264 287 313 369 444 495 534 588 637 637 659 643 573 513 507 462 432 430 420 427 427 415 415 422 432 437 405 334 362 344 598 332 571
-9999 -9999 -9999 -9999 -9999 -9999 -9999 -9999 -9999 -9999 -9999 -9999 -9999 -9999 -9999 -9999 -9999 -9999 -9999 -9999 -9999 -9999 -9999 -9999 -9999 -9999 -9999 -9999 -9999 -9999 -9999 -9999 541 556 564 566 567 564 188 198 200 200 199 200 201 203 208 216 219 224 230 236 246 259 273 300 335 424 478 519 576 614 659 638 579 560 538 486 475 453 431 427 429 456 440 413 429 457 468 430 361 384 357 338 333 332
-9999 -9999 -9999 -9999 -9999 -9999 -9999 -9999 -9999 -9999 -9999 -9999 -9999 499 -9999 -9999 -9999 -9999 506 -9999 -9999 -9999 -9999 -9999 -9999 -9999 -9999 -9999 -9999 -9999 -9999 -9999 -9999 533 542 537 549 569 186 182 194 194 564 196 197 199 205 210 216 224 224 228 237 254 269 315 330 407 446 490 612 655 647 647 618 595 553 523 496 419 426 435 440 430 435 418 428 444 455 481 382 473 406 392 350 334
-9999 -9999 -9999 -9999 -9999 -9999 -9999 -9999 -9999 -9999 -9999 -9999 -9999 -9999 506 518 539 531 532 506 -9999 -9999 -9999 -9999 515 516 519 520 522 -9999 -9999 -9999 -9999 533 533 535 547 544 556 568 568 189 190 191 564 194 203 217 215 215 223 227 231 236 237 313 349 393 456 516 591 657 678 685 664 643 601 532 496 431 452 448 450 438 415 408 414 423 431 450 459 430 465 440 390 606
-9999 -9999 -9999 -9999 -9999 -9999 -9999 -9999 -9999 -9999 -9999 -9999 -9999 -9999 498 505 514 513 503 -9999 -9999 -9999 519 525 530 530 531 537 541 532 -9999 -9999 553 535 532 542 536 542 547 561 175 179 556 187 188 188 208 214 207 209 213 216 221 221 231 241 293 369 461 566 598 625 669 692 663 629 605 529 472 429 423 442 440 425 407 405 398 397 396 414 392 419 437 452 425 379
-9999 -9999 -9999 -9999 -9999 -9999 -9999 -9999 -9999 -9999 -9999 490 491 510 502 511 509 510 505 -9999 -9999 -9999 -9999 537 547 546 548 547 549 544 524 524 541 552 533 534 562 564 543 551 564 178 182 182 182 183 186 186 192 201 208 215 218 209 219 236 286 404 491 537 583 597 630 666 645 608 582 538 434 413 405 408 414 418 393 391 389 373 382 400 362 406 418 442 467 423
-9999 -9999 -9999 -9999 -9999 -9999 -9999 -9999 -9999 484 518 520 526 526 534 531 536 531 522 504 501 -9999 -9999 511 522 542 549 548 552 551 524 524 556 558 164 534 538 544 550 552 550 553 171 177 177 558 179 562 183 195 201 205 203 232 225 240 305 395 459 504 558 576 611 626 625 595 598 519 421 418 400 415 410 423 418 391 384 381 379 369 367 392 399 420 448 469
-9999 -9999 -9999 -9999 -9999 -9999 479 479 514 518 527 529 543 530 554 144 544 535 517 142 520 520 516 511 518 526 537 536 535 529 523 524 533 539 536 552 562 563 160 565 558 557 167 544 173 554 559 562 566 181 182 190 200 214 218 227 277 331 436 500 516 526 578 572 598 562 555 524 465 477 453 423 449 479 455 449 399 391 376 369 370 398 409 413 431 450
