worldclim/bio11_cr.asc
ncols        411
nrows        382
xllcorner    -85.979072453958
yllcorner    8.036441368777
cellsize     0.008333330000
NODATA_value  -9999
[rows 156 to 194 of 382, columns 86 to 171 of 411]
249 245 249 250 241 248 248 243 249 252 248 243 244 250 246 251 253 252 253 243 241 235 235 243 252 255 255 249 248 252 254 256 255 252 247 248 250 251 255 257 261 -9999 -9999 -9999 -9999 -9999 -9999 -9999 -9999 -9999 -9999 -9999 -9999 -9999 -9999 -9999 -9999 -9999 -9999 -9999 -9999 -9999 -9999 -9999 -9999 260 254 253 261 261 261 261 258 261 256 256 256 255 257 257 254 254 254 253 254 254
247 250 249 253 251 250 250 240 247 253 246 241 249 249 248 248 253 251 246 243 237 229 239 246 251 252 254 254 250 253 254 253 250 245 248 249 252 254 256 253 257 -9999 -9999 -9999 -9999 -9999 -9999 -9999 -9999 -9999 -9999 -9999 -9999 -9999 -9999 -9999 -9999 -9999 -9999 -9999 -9999 -9999 -9999 -9999 260 254 254 253 260 261 260 259 258 259 256 256 256 256 256 256 255 254 254 253 254 254
238 234 245 250 252 252 252 247 248 248 253 248 250 248 248 247 254 250 248 250 246 244 244 242 246 251 253 250 252 249 250 246 241 244 248 253 255 258 257 -9999 -9999 -9999 -9999 -9999 -9999 -9999 -9999 -9999 -9999 -9999 -9999 -9999 -9999 -9999 -9999 -9999 -9999 -9999 -9999 -9999 -9999 -9999 -9999 261 258 255 256 259 261 261 261 259 258 256 257 256 257 256 256 256 255 255 254 254 255 256
240 240 245 243 252 253 252 249 251 253 254 252 253 252 249 250 254 254 252 250 252 247 242 242 240 248 247 248 249 244 240 233 228 237 244 241 250 257 259 -9999 -9999 -9999 -9999 -9999 -9999 -9999 -9999 -9999 -9999 -9999 -9999 -9999 -9999 -9999 -9999 -9999 -9999 -9999 -9999 -9999 -9999 -9999 -9999 -9999 255 256 257 261 261 260 261 261 258 258 258 256 254 256 256 256 256 255 255 254 255 256
242 249 250 242 252 253 253 250 248 251 254 254 251 254 254 254 253 253 254 253 250 250 250 243 240 243 245 246 244 240 236 242 237 238 239 246 248 255 258 -9999 -9999 -9999 -9999 -9999 -9999 -9999 -9999 -9999 -9999 -9999 -9999 -9999 -9999 -9999 -9999 -9999 -9999 -9999 -9999 -9999 -9999 -9999 -9999 -9999 -9999 -9999 261 260 261 260 261 261 259 258 257 255 254 256 257 256 256 255 255 254 256 257
245 251 253 254 253 253 254 251 250 249 252 254 254 255 250 247 246 247 253 253 253 252 252 241 240 241 243 239 236 242 242 246 249 252 252 255 255 258 255 256 -9999 -9999 -9999 -9999 -9999 -9999 -9999 -9999 -9999 -9999 -9999 -9999 -9999 -9999 -9999 -9999 -9999 -9999 -9999 -9999 -9999 -9999 -9999 -9999 -9999 -9999 -9999 261 260 259 260 261 259 260 258 258 257 256 257 257 256 255 254 255 257 260
249 251 253 254 254 250 253 254 255 251 255 255 250 250 245 244 250 240 242 248 244 244 248 244 241 236 234 224 232 234 244 246 247 249 252 254 256 257 258 258 -9999 -9999 -9999 -9999 -9999 -9999 -9999 -9999 -9999 -9999 -9999 -9999 -9999 -9999 -9999 -9999 -9999 -9999 -9999 -9999 -9999 -9999 -9999 -9999 -9999 -9999 -9999 261 260 259 259 258 259 260 259 258 258 259 258 257 256 256 255 256 258 259
251 253 254 254 254 251 247 252 254 255 255 248 243 246 242 235 239 235 240 244 239 240 241 236 241 238 232 229 231 233 237 238 243 242 248 249 254 255 258 259 257 -9999 -9999 -9999 -9999 -9999 -9999 -9999 -9999 -9999 -9999 -9999 -9999 -9999 -9999 -9999 -9999 -9999 -9999 -9999 -9999 -9999 -9999 -9999 -9999 -9999 -9999 -9999 261 260 259 259 257 256 256 256 256 255 256 256 255 255 257 260 260 260
253 254 254 255 253 246 246 252 254 254 250 240 247 243 241 237 232 228 234 233 237 234 237 241 240 236 228 229 233 238 244 245 245 244 245 248 251 255 259 259 -9999 -9999 -9999 -9999 -9999 259 -9999 -9999 -9999 -9999 -9999 -9999 -9999 -9999 -9999 -9999 -9999 -9999 -9999 -9999 -9999 -9999 -9999 -9999 -9999 -9999 -9999 -9999 -9999 260 259 258 258 257 257 256 257 255 255 255 253 253 256 260 260 257
249 252 254 255 252 250 249 253 255 255 249 250 252 245 242 238 238 236 237 236 241 239 240 244 243 238 228 228 228 229 240 244 251 252 254 253 255 258 258 -9999 -9999 -9999 -9999 -9999 259 -9999 -9999 -9999 -9999 -9999 -9999 -9999 -9999 -9999 -9999 -9999 -9999 -9999 -9999 -9999 -9999 -9999 -9999 -9999 -9999 -9999 -9999 -9999 -9999 -9999 259 260 258 259 259 257 257 256 255 254 254 253 260 259 257 258
251 252 254 255 255 255 251 253 255 251 254 254 253 251 244 240 235 237 241 240 244 248 250 246 241 240 237 236 238 233 233 236 233 249 250 255 257 258 259 259 -9999 -9999 -9999 256 255 259 259 -9999 -9999 -9999 -9999 -9999 -9999 -9999 -9999 -9999 -9999 -9999 -9999 -9999 -9999 -9999 -9999 -9999 -9999 -9999 -9999 -9999 -9999 -9999 -9999 260 259 260 260 257 256 257 256 253 255 257 260 258 253 252
244 253 254 255 255 255 249 249 255 255 252 245 245 243 240 232 230 238 242 244 250 245 249 241 240 239 241 243 247 244 246 247 246 246 253 256 258 258 258 259 257 257 256 255 254 259 -9999 -9999 259 -9999 -9999 -9999 -9999 -9999 -9999 -9999 -9999 -9999 -9999 -9999 -9999 -9999 -9999 -9999 -9999 -9999 -9999 -9999 -9999 -9999 -9999 -9999 259 259 258 259 258 258 255 256 257 259 256 254 255 247
248 253 255 255 255 253 254 253 254 250 241 240 240 229 231 232 234 232 239 246 250 241 242 243 241 237 240 241 245 248 249 248 251 247 249 252 254 257 258 259 259 259 259 -9999 -9999 -9999 -9999 -9999 -9999 -9999 -9999 -9999 -9999 -9999 -9999 -9999 -9999 -9999 -9999 -9999 -9999 -9999 -9999 -9999 -9999 -9999 -9999 -9999 -9999 -9999 -9999 -9999 -9999 259 259 259 258 258 257 260 259 259 260 258 251 245
252 255 256 255 255 254 247 255 250 237 238 245 238 227 239 241 233 233 243 251 247 240 239 240 241 240 234 236 243 243 248 252 253 256 255 257 258 258 258 259 259 258 259 -9999 -9999 -9999 -9999 -9999 -9999 -9999 -9999 -9999 -9999 -9999 -9999 -9999 -9999 -9999 -9999 -9999 -9999 -9999 -9999 -9999 -9999 -9999 -9999 -9999 -9999 -9999 -9999 -9999 -9999 259 259 259 260 259 260 260 259 257 255 253 247 245
255 256 256 255 254 250 243 255 251 241 243 248 239 230 248 234 231 237 245 251 243 237 235 237 238 240 242 239 240 242 246 248 251 250 250 254 255 257 256 256 254 -9999 -9999 -9999 -9999 -9999 -9999 -9999 -9999 -9999 -9999 -9999 -9999 -9999 -9999 -9999 -9999 -9999 -9999 -9999 -9999 -9999 -9999 -9999 -9999 -9999 -9999 -9999 -9999 -9999 -9999 -9999 -9999 -9999 259 259 260 260 259 259 256 253 248 257 249 246
256 252 255 254 247 240 245 252 255 251 252 248 245 246 249 240 234 234 246 247 243 236 233 236 237 238 247 247 249 249 251 241 245 242 249 251 253 255 258 258 -9999 -9999 -9999 -9999 -9999 -9999 -9999 -9999 -9999 -9999 -9999 -9999 -9999 -9999 -9999 -9999 -9999 -9999 -9999 -9999 -9999 -9999 -9999 -9999 -9999 -9999 -9999 -9999 -9999 -9999 -9999 -9999 -9999 -9999 -9999 260 260 260 260 253 249 250 247 254 250 250
252 251 251 252 250 245 251 252 256 255 253 250 251 251 245 234 238 244 250 240 240 236 237 240 238 239 246 250 253 254 256 255 252 248 252 253 255 257 258 255 -9999 -9999 -9999 -9999 -9999 -9999 -9999 -9999 -9999 -9999 -9999 -9999 -9999 -9999 -9999 -9999 -9999 -9999 -9999 -9999 -9999 -9999 -9999 -9999 -9999 -9999 -9999 -9999 -9999 -9999 -9999 -9999 -9999 -9999 -9999 260 259 259 259 254 251 246 247 249 254 254
255 255 255 254 254 254 255 255 253 253 253 252 252 248 244 239 246 249 251 241 232 236 244 241 238 235 238 247 251 254 256 255 253 254 257 253 252 252 250 -9999 -9999 -9999 -9999 259 258 -9999 -9999 -9999 -9999 -9999 -9999 -9999 -9999 -9999 -9999 -9999 -9999 -9999 -9999 -9999 -9999 -9999 -9999 -9999 -9999 -9999 -9999 -9999 -9999 -9999 -9999 -9999 -9999 -9999 -9999 -9999 257 257 256 255 247 242 236 236 238 244
256 255 255 255 255 255 255 255 253 254 252 252 252 248 247 246 250 251 251 245 245 250 240 232 233 232 235 242 246 252 256 256 255 257 256 253 250 254 252 -9999 -9999 -9999 -9999 -9999 -9999 -9999 -9999 -9999 -9999 -9999 -9999 -9999 -9999 -9999 -9999 -9999 -9999 -9999 -9999 -9999 -9999 -9999 -9999 -9999 -9999 -9999 -9999 -9999 -9999 -9999 -9999 -9999 -9999 -9999 -9999 -9999 259 259 249 249 243 240 237 236 235 236
256 256 256 255 256 256 256 255 255 254 253 252 250 249 248 240 243 250 252 251 250 248 242 236 232 239 241 247 244 251 257 256 257 257 256 256 258 -9999 -9999 -9999 -9999 -9999 -9999 -9999 -9999 -9999 -9999 -9999 -9999 -9999 -9999 -9999 -9999 -9999 -9999 -9999 -9999 -9999 -9999 -9999 -9999 -9999 -9999 -9999 -9999 -9999 -9999 -9999 -9999 -9999 -9999 -9999 -9999 -9999 -9999 -9999 258 255 254 248 238 233 234 238 232 228
-9999 -9999 256 255 256 256 255 254 253 249 249 250 252 249 241 240 239 251 251 251 247 250 248 246 241 247 252 251 253 257 257 -9999 -9999 253 249 253 -9999 -9999 -9999 -9999 -9999 -9999 -9999 -9999 -9999 -9999 -9999 -9999 -9999 -9999 -9999 -9999 -9999 -9999 -9999 -9999 -9999 -9999 -9999 -9999 -9999 -9999 -9999 -9999 -9999 -9999 -9999 -9999 -9999 -9999 -9999 -9999 -9999 -9999 -9999 259 258 250 245 252 239 238 240 237 232 228
-9999 -9999 -9999 255 256 256 255 254 249 251 253 253 252 250 244 243 249 251 250 245 246 251 251 250 245 249 253 255 256 257 -9999 -9999 -9999 -9999 243 247 258 -9999 -9999 -9999 -9999 -9999 -9999 -9999 -9999 -9999 -9999 -9999 -9999 -9999 -9999 -9999 -9999 -9999 -9999 -9999 -9999 -9999 -9999 -9999 -9999 -9999 -9999 -9999 -9999 -9999 -9999 -9999 -9999 -9999 -9999 -9999 -9999 -9999 -9999 258 253 252 247 244 240 238 240 238 233 235
-9999 -9999 -9999 -9999 255 256 256 254 253 255 253 253 252 247 248 248 252 249 245 245 251 251 251 246 250 251 254 255 257 -9999 -9999 -9999 -9999 -9999 -9999 -9999 -9999 -9999 -9999 -9999 -9999 -9999 -9999 -9999 -9999 -9999 -9999 -9999 -9999 -9999 -9999 -9999 -9999 -9999 -9999 -9999 -9999 -9999 -9999 -9999 -9999 -9999 -9999 -9999 -9999 -9999 -9999 -9999 -9999 -9999 -9999 -9999 -9999 258 256 258 256 245 236 238 240 234 239 239 235 237
-9999 -9999 -9999 -9999 -9999 256 254 254 254 253 253 253 251 250 251 250 249 248 245 248 251 248 248 252 253 255 256 255 256 -9999 -9999 -9999 -9999 -9999 -9999 -9999 -9999 -9999 -9999 -9999 -9999 -9999 -9999 -9999 -9999 -9999 -9999 -9999 -9999 -9999 -9999 -9999 -9999 -9999 -9999 -9999 -9999 -9999 -9999 -9999 -9999 -9999 -9999 -9999 -9999 -9999 -9999 -9999 -9999 -9999 -9999 -9999 258 259 256 257 255 251 233 231 240 236 239 239 237 239
-9999 -9999 -9999 -9999 -9999 254 254 254 252 252 252 253 252 251 251 250 249 250 250 251 251 252 255 255 255 255 252 253 252 257 255 -9999 -9999 -9999 -9999 -9999 -9999 -9999 -9999 -9999 -9999 -9999 -9999 -9999 -9999 -9999 -9999 -9999 -9999 -9999 -9999 -9999 -9999 -9999 -9999 -9999 -9999 -9999 -9999 -9999 -9999 -9999 -9999 -9999 -9999 -9999 -9999 -9999 -9999 -9999 -9999 -9999 259 256 257 255 255 254 247 237 238 235 237 238 239 239
-9999 -9999 -9999 -9999 -9999 -9999 254 253 252 251 251 253 252 250 250 249 250 250 250 250 251 252 252 252 252 252 252 253 253 254 255 -9999 -9999 -9999 -9999 -9999 -9999 -9999 -9999 -9999 -9999 -9999 -9999 -9999 -9999 -9999 -9999 -9999 -9999 -9999 -9999 -9999 -9999 -9999 -9999 -9999 -9999 -9999 -9999 -9999 -9999 -9999 -9999 -9999 -9999 -9999 -9999 -9999 -9999 -9999 -9999 257 256 257 255 251 246 244 245 249 236 235 239 239 240 239
-9999 -9999 -9999 -9999 -9999 -9999 255 255 254 253 251 251 251 250 249 249 249 249 248 248 249 249 251 251 251 252 253 254 254 254 256 -9999 -9999 -9999 -9999 -9999 -9999 -9999 -9999 -9999 -9999 -9999 -9999 -9999 -9999 -9999 -9999 -9999 -9999 -9999 -9999 -9999 -9999 -9999 -9999 -9999 -9999 -9999 -9999 -9999 -9999 -9999 -9999 -9999 -9999 -9999 -9999 -9999 -9999 -9999 255 253 255 255 248 246 247 235 232 239 236 241 240 242 241 243
-9999 -9999 -9999 -9999 -9999 -9999 -9999 254 254 254 253 249 250 249 248 248 249 248 247 248 249 249 250 251 252 253 254 255 256 -9999 -9999 -9999 -9999 -9999 -9999 -9999 -9999 -9999 -9999 -9999 -9999 -9999 -9999 -9999 -9999 -9999 -9999 -9999 -9999 -9999 -9999 -9999 -9999 -9999 -9999 -9999 -9999 -9999 -9999 -9999 -9999 -9999 -9999 -9999 -9999 -9999 -9999 -9999 -9999 -9999 255 250 252 252 253 253 250 235 231 237 234 230 248 248 244 251
-9999 -9999 -9999 -9999 -9999 -9999 -9999 252 253 255 253 250 249 248 248 247 247 247 248 247 248 248 248 249 251 252 -9999 -9999 -9999 -9999 -9999 -9999 -9999 -9999 -9999 -9999 -9999 -9999 -9999 -9999 -9999 -9999 -9999 -9999 -9999 -9999 -9999 -9999 -9999 -9999 -9999 -9999 -9999 -9999 -9999 -9999 -9999 -9999 -9999 -9999 -9999 -9999 -9999 -9999 -9999 -9999 -9999 -9999 -9999 -9999 -9999 252 249 253 256 255 254 243 237 238 234 232 237 251 252 254
-9999 -9999 -9999 -9999 -9999 -9999 -9999 -9999 252 250 251 250 250 248 247 249 247 247 248 247 247 248 249 250 256 257 -9999 -9999 -9999 -9999 -9999 -9999 -9999 -9999 -9999 -9999 -9999 -9999 -9999 -9999 -9999 -9999 -9999 -9999 -9999 -9999 -9999 -9999 -9999 -9999 -9999 -9999 -9999 -9999 -9999 -9999 -9999 -9999 -9999 -9999 -9999 -9999 -9999 -9999 -9999 -9999 -9999 -9999 -9999 -9999 -9999 253 253 255 256 254 246 245 242 241 233 228 241 245 249 254
-9999 -9999 -9999 -9999 -9999 -9999 -9999 -9999 -9999 249 249 248 248 250 247 248 247 247 247 246 245 248 250 253 -9999 -9999 -9999 -9999 -9999 -9999 -9999 -9999 -9999 -9999 -9999 -9999 -9999 -9999 -9999 -9999 -9999 -9999 -9999 -9999 -9999 -9999 -9999 -9999 -9999 -9999 -9999 -9999 -9999 -9999 -9999 -9999 -9999 -9999 -9999 -9999 -9999 -9999 -9999 -9999 -9999 -9999 -9999 -9999 -9999 -9999 258 255 256 257 256 252 250 249 243 248 238 224 233 242 250 253
-9999 -9999 -9999 -9999 -9999 -9999 -9999 -9999 -9999 -9999 249 249 248 246 246 246 246 246 246 245 246 248 250 -9999 -9999 -9999 -9999 -9999 -9999 -9999 -9999 -9999 -9999 -9999 -9999 -9999 -9999 -9999 -9999 -9999 -9999 -9999 -9999 -9999 -9999 -9999 -9999 -9999 -9999 -9999 -9999 -9999 -9999 -9999 -9999 -9999 -9999 -9999 -9999 -9999 -9999 -9999 -9999 -9999 -9999 -9999 -9999 -9999 -9999 -9999 254 257 257 257 256 253 254 248 251 250 241 230 222 234 238 248
-9999 -9999 -9999 -9999 -9999 -9999 -9999 -9999 -9999 -9999 -9999 251 246 247 246 247 246 246 245 246 248 250 -9999 -9999 -9999 -9999 -9999 -9999 -9999 -9999 -9999 -9999 -9999 -9999 -9999 -9999 -9999 -9999 -9999 -9999 -9999 -9999 -9999 -9999 -9999 -9999 -9999 -9999 -9999 -9999 -9999 -9999 -9999 -9999 -9999 -9999 -9999 -9999 -9999 -9999 -9999 -9999 -9999 -9999 -9999 -9999 -9999 -9999 -9999 -9999 -9999 -9999 258 257 256 256 251 255 255 246 234 231 225 237 240 242
-9999 -9999 -9999 -9999 -9999 -9999 -9999 -9999 -9999 -9999 -9999 -9999 249 246 246 246 244 245 246 247 249 252 -9999 -9999 -9999 -9999 -9999 -9999 -9999 -9999 -9999 -9999 -9999 -9999 -9999 -9999 -9999 -9999 -9999 -9999 -9999 -9999 -9999 -9999 -9999 -9999 -9999 -9999 -9999 -9999 -9999 -9999 -9999 -9999 -9999 -9999 -9999 -9999 -9999 -9999 -9999 -9999 -9999 -9999 -9999 -9999 -9999 -9999 -9999 -9999 -9999 -9999 255 257 257 256 256 256 252 237 237 239 232 237 241 239
-9999 -9999 -9999 -9999 -9999 -9999 -9999 -9999 -9999 -9999 -9999 -9999 -9999 251 247 247 247 244 247 246 249 255 -9999 -9999 -9999 -9999 -9999 -9999 -9999 -9999 -9999 -9999 -9999 -9999 -9999 -9999 -9999 -9999 -9999 -9999 -9999 -9999 -9999 -9999 -9999 -9999 -9999 -9999 -9999 -9999 -9999 -9999 -9999 -9999 -9999 -9999 -9999 -9999 -9999 -9999 -9999 -9999 -9999 -9999 -9999 -9999 -9999 -9999 -9999 -9999 257 -9999 254 257 257 257 256 256 252 239 239 244 238 238 245 243
-9999 -9999 -9999 -9999 -9999 -9999 -9999 -9999 -9999 -9999 -9999 -9999 -9999 -9999 251 249 250 251 247 252 255 256 -9999 -9999 -9999 -9999 -9999 -9999 -9999 -9999 -9999 -9999 -9999 -9999 -9999 -9999 -9999 -9999 -9999 -9999 -9999 -9999 -9999 -9999 -9999 -9999 -9999 -9999 -9999 -9999 -9999 -9999 -9999 -9999 -9999 -9999 -9999 -9999 -9999 -9999 -9999 -9999 -9999 -9999 -9999 -9999 -9999 -9999 -9999 -9999 -9999 -9999 -9999 -9999 -9999 257 256 254 251 245 244 250 242 239 246 249
-9999 -9999 -9999 -9999 -9999 -9999 -9999 -9999 -9999 -9999 -9999 -9999 -9999 -9999 251 248 249 250 252 251 253 -9999 -9999 -9999 -9999 -9999 -9999 -9999 -9999 -9999 -9999 -9999 -9999 -9999 -9999 -9999 -9999 -9999 -9999 -9999 -9999 -9999 -9999 -9999 -9999 -9999 -9999 -9999 -9999 -9999 -9999 -9999 -9999 -9999 -9999 -9999 -9999 -9999 -9999 -9999 -9999 -9999 -9999 -9999 -9999 -9999 -9999 -9999 -9999 -9999 -9999 -9999 -9999 -9999 -9999 -9999 256 256 249 253 243 248 245 240 249 245
-9999 -9999 -9999 -9999 -9999 -9999 -9999 -9999 -9999 -9999 -9999 -9999 -9999 -9999 252 249 247 249 252 254 255 -9999 -9999 -9999 -9999 -9999 -9999 -9999 -9999 -9999 -9999 -9999 -9999 -9999 -9999 -9999 -9999 -9999 -9999 -9999 -9999 -9999 -9999 -9999 -9999 -9999 -9999 -9999 -9999 -9999 -9999 -9999 -9999 -9999 -9999 -9999 -9999 -9999 -9999 -9999 -9999 -9999 -9999 -9999 -9999 -9999 -9999 -9999 -9999 -9999 -9999 -9999 -9999 -9999 -9999 -9999 -9999 254 249 247 248 250 251 244 246 249
-9999 -9999 -9999 -9999 -9999 -9999 -9999 -9999 -9999 -9999 -9999 -9999 -9999 -9999 252 246 242 247 251 254 256 -9999 -9999 -9999 -9999 -9999 -9999 -9999 -9999 -9999 -9999 -9999 -9999 -9999 -9999 -9999 -9999 -9999 -9999 -9999 -9999 -9999 -9999 -9999 -9999 -9999 -9999 -9999 -9999 -9999 -9999 -9999 -9999 -9999 -9999 -9999 -9999 -9999 -9999 -9999 -9999 -9999 -9999 -9999 -9999 -9999 -9999 -9999 -9999 -9999 -9999 -9999 -9999 -9999 -9999 -9999 258 249 246 251 253 255 253 246 251 253
