worldclim/bio14_cr.asc
ncols        411
nrows        382
xllcorner    -85.979072453958
yllcorner    8.036441368777
cellsize     0.008333330000
NODATA_value  -9999
[rows 240 to 279 of 382, columns 270 to 359 of 411]
14 12 12 20 18 14 13 12 12 13 13 13 13 14 13 13 13 13 14 15 15 16 21 29 30 32 23 20 29 30 31 33 32 32 30 26 25 25 24 24 25 26 28 28 30 31 33 35 40 37 38 38 38 39 40 42 43 43 44 42 45 46 47 47 46 48 44 46 42 50 62 52 66 63 52 47 45 45 45 46 47 48 49 51 58 61 62 63 63 62
12 12 13 13 13 14 13 12 12 12 12 13 12 12 12 13 13 13 13 13 13 14 15 25 27 32 33 21 30 28 31 32 33 33 34 32 30 30 27 26 25 26 28 33 31 31 33 35 40 36 36 38 38 38 39 40 41 43 44 41 45 45 46 47 48 45 41 41 51 56 54 47 65 58 49 47 50 48 46 46 46 48 51 52 51 57 58 61 60 59
18 16 24 19 12 19 15 13 12 12 12 13 13 12 12 12 12 12 13 13 14 14 13 16 17 25 26 33 32 28 27 31 32 33 34 34 33 32 30 29 29 29 31 33 39 38 37 39 37 35 35 40 40 40 38 39 40 42 43 44 44 44 46 46 47 44 46 47 51 49 41 48 64 59 54 53 56 57 47 46 46 48 49 50 49 50 53 54 54 53
27 27 28 28 22 11 20 14 13 12 12 12 12 12 12 12 12 12 12 12 13 14 13 13 13 16 17 22 31 30 28 28 31 32 34 34 34 32 32 32 34 34 35 37 40 41 40 38 37 38 37 40 41 38 38 38 39 40 42 43 44 43 45 45 47 43 40 40 40 41 41 44 59 63 62 56 61 52 48 47 47 48 48 49 48 47 49 48 49 50
30 35 28 22 15 11 14 20 17 12 12 12 12 11 12 12 12 12 12 17 12 13 13 13 13 13 16 19 24 33 23 24 29 30 31 34 34 33 33 34 34 36 37 42 41 41 40 38 38 38 38 40 40 36 37 39 38 39 41 43 43 42 43 45 45 41 42 42 41 41 40 43 48 51 61 58 62 55 51 48 48 48 50 51 51 50 50 49 51 52
39 32 24 15 17 11 12 12 12 14 14 14 12 11 12 14 12 12 16 21 12 13 12 13 13 13 13 16 26 35 30 21 24 28 29 30 33 33 34 34 36 39 39 42 41 41 39 38 38 39 40 40 38 36 40 41 43 38 41 41 42 42 42 45 43 41 45 45 45 45 41 39 40 48 62 61 61 57 53 49 50 51 53 51 52 52 53 52 53 54
39 31 29 13 10 11 11 11 11 12 20 15 12 11 13 16 18 19 24 24 19 12 12 12 12 13 14 17 21 33 36 19 23 26 28 28 32 32 33 34 37 39 42 42 41 40 39 38 39 39 40 41 38 36 42 37 37 38 38 39 41 41 44 44 45 43 46 46 45 43 38 38 47 55 59 47 61 59 58 52 51 50 51 51 52 53 54 52 52 53
37 33 29 21 11 11 11 12 11 11 11 10 10 11 14 14 15 19 24 25 26 27 22 20 14 13 20 21 20 29 34 29 33 34 23 27 30 29 31 32 37 39 42 41 38 36 37 37 38 39 42 43 40 42 41 36 36 37 39 39 39 42 42 42 43 45 46 39 38 38 45 54 61 53 44 44 60 60 60 59 58 55 58 53 52 50 50 50 49 52
37 32 26 22 19 16 10 11 17 14 11 10 10 11 10 10 10 11 18 22 19 21 18 20 23 26 17 22 22 18 29 32 30 34 29 26 38 28 28 31 35 43 42 36 35 36 36 37 38 38 43 42 46 40 39 36 35 36 38 40 40 43 43 42 42 45 43 37 37 37 38 39 54 45 39 43 47 56 59 59 59 59 59 58 54 54 52 51 51 50
38 36 33 27 16 10 10 10 20 19 17 12 13 13 12 11 14 13 10 13 15 13 11 11 16 20 13 14 15 15 15 17 22 34 39 35 40 23 28 32 33 43 37 36 35 34 34 35 37 38 40 46 40 40 41 39 39 44 41 37 42 43 41 41 41 43 45 44 45 46 40 39 38 38 37 38 53 58 58 58 52 58 57 58 58 55 54 52 52 52
-9999 43 40 39 32 20 11 10 15 20 21 21 21 17 13 17 15 15 13 10 13 19 14 16 26 12 11 11 13 13 15 14 19 29 35 40 40 42 41 43 44 43 37 33 32 33 33 34 36 38 37 45 42 40 41 42 43 42 39 37 38 43 39 40 41 41 43 45 46 47 44 44 37 36 36 43 54 57 55 57 48 42 55 55 57 56 54 52 51 52
-9999 -9999 42 39 34 29 23 14 11 12 15 10 20 13 12 12 12 10 12 10 11 18 21 24 20 11 11 12 14 19 18 14 15 20 30 33 32 35 34 39 43 43 36 31 30 30 32 33 33 38 40 42 46 42 41 45 44 41 39 40 37 43 39 39 40 42 42 42 44 46 47 47 43 38 37 42 48 41 48 47 41 37 40 51 56 56 55 52 51 51
-9999 -9999 -9999 -9999 37 34 25 26 30 29 22 16 10 15 17 13 10 11 10 10 12 17 23 19 11 11 12 13 15 19 13 13 17 19 21 25 24 28 32 39 40 41 32 30 29 29 31 32 32 35 40 46 49 44 42 47 43 39 38 39 39 43 40 39 40 40 42 42 42 44 47 47 45 39 35 38 41 37 42 44 37 36 44 50 56 55 56 53 51 51
-9999 -9999 -9999 -9999 40 35 34 34 33 34 30 30 19 10 10 10 14 13 13 10 10 12 15 10 11 11 11 11 12 12 14 16 17 22 20 17 23 29 34 40 45 41 38 29 28 29 29 31 33 32 34 37 50 48 51 44 38 37 39 38 38 39 43 39 40 40 41 41 42 44 46 47 47 44 39 34 39 35 35 43 35 35 41 53 54 54 55 54 51 50
-9999 -9999 -9999 -9999 -9999 40 40 40 39 40 38 32 21 22 16 10 11 17 14 12 11 10 11 11 13 15 17 11 13 12 13 21 25 31 27 22 26 35 39 37 42 46 45 35 36 37 31 35 36 35 35 38 41 49 53 46 42 39 37 37 37 38 41 39 40 39 39 41 42 43 45 47 48 46 42 37 34 34 34 34 36 34 43 51 49 46 54 53 52 50
-9999 -9999 -9999 -9999 -9999 -9999 41 42 41 41 39 35 34 28 13 9 11 12 17 15 14 10 10 11 16 14 18 22 24 22 19 26 27 35 38 35 39 30 31 26 34 39 44 46 48 48 48 51 46 43 42 42 45 49 55 48 38 39 36 37 36 37 42 42 38 38 39 40 42 43 45 47 47 48 49 43 39 39 34 34 40 33 36 42 41 42 49 54 54 51
-9999 -9999 -9999 -9999 -9999 -9999 -9999 44 43 42 42 37 37 28 17 22 14 10 11 10 12 14 11 15 15 15 21 27 27 29 23 31 36 35 38 38 39 28 21 20 23 31 36 44 41 49 49 37 41 43 39 43 40 48 42 40 43 44 36 40 35 35 42 42 37 37 38 39 40 42 45 46 47 47 49 49 46 43 37 42 41 33 33 40 36 36 50 53 53 53
-9999 -9999 -9999 -9999 -9999 -9999 -9999 45 43 40 38 39 37 29 30 33 37 32 22 12 10 10 12 11 13 18 17 21 27 30 27 18 29 24 22 39 35 31 20 18 21 24 28 28 30 34 31 30 30 33 38 35 37 43 44 39 47 43 38 38 34 35 35 42 38 36 36 38 39 40 44 45 45 46 48 50 49 47 48 47 39 34 32 34 32 34 41 45 51 53
-9999 -9999 -9999 -9999 -9999 -9999 -9999 -9999 -9999 45 40 38 38 36 40 40 36 20 10 14 12 11 11 11 13 13 11 14 21 25 21 23 32 16 16 15 23 27 26 18 19 25 26 24 29 28 22 23 23 28 26 30 32 36 43 47 50 49 44 46 35 34 35 39 40 36 35 36 37 38 40 41 40 44 47 49 50 50 50 47 41 35 33 32 32 31 33 39 51 51
-9999 -9999 -9999 -9999 -9999 -9999 -9999 -9999 -9999 -9999 45 37 46 43 42 42 37 27 18 14 16 14 11 11 11 11 11 12 14 20 18 27 32 18 15 15 17 17 17 19 19 19 19 20 25 21 22 24 23 26 25 25 28 32 38 38 46 53 58 44 36 34 37 37 43 41 34 36 35 37 38 37 40 44 47 49 50 51 51 52 49 42 36 38 32 31 39 46 51 48
-9999 -9999 -9999 -9999 -9999 -9999 -9999 -9999 -9999 -9999 46 -9999 46 46 36 38 35 34 28 16 10 11 11 15 12 13 12 14 12 14 19 26 29 28 30 25 22 16 18 20 20 22 23 24 23 22 21 22 27 26 24 25 26 26 29 33 41 48 58 54 39 37 34 37 43 38 35 35 33 35 34 36 39 40 44 47 49 49 52 53 51 47 43 34 30 33 44 45 47 39
-9999 -9999 -9999 -9999 -9999 -9999 -9999 -9999 -9999 -9999 44 -9999 45 46 47 41 46 43 37 30 17 11 11 11 11 12 15 15 12 13 16 29 23 21 21 27 16 15 16 17 17 20 23 21 20 20 20 21 22 25 23 25 25 26 26 29 36 43 56 44 45 45 45 36 46 38 39 37 34 34 33 34 37 42 44 46 48 48 50 53 53 52 44 35 29 33 37 35 35 29
-9999 -9999 -9999 -9999 -9999 -9999 -9999 -9999 -9999 -9999 -9999 45 45 47 47 46 46 46 41 40 28 17 12 28 18 12 13 17 14 13 13 21 15 14 17 21 25 21 23 18 18 20 22 20 19 19 21 21 21 23 26 25 24 25 26 28 32 39 51 61 60 47 48 41 48 40 39 36 39 34 35 32 35 40 42 42 45 47 49 52 53 52 51 41 33 29 30 29 32 28
-9999 -9999 -9999 -9999 -9999 -9999 -9999 -9999 -9999 -9999 -9999 45 -9999 45 46 46 46 46 38 37 34 24 28 27 33 17 12 15 18 16 13 13 14 17 15 15 23 14 17 19 25 21 24 23 20 21 22 23 22 22 23 23 26 27 27 30 29 41 49 48 61 53 49 45 53 46 41 39 39 37 37 32 33 38 40 39 44 45 48 52 53 54 55 47 44 38 36 30 28 30
-9999 -9999 -9999 -9999 -9999 -9999 -9999 -9999 -9999 -9999 -9999 45 46 46 46 46 48 45 45 41 38 37 38 41 37 35 30 17 20 18 14 15 14 17 19 18 18 17 18 20 23 23 24 23 21 20 19 22 23 25 23 23 24 30 33 34 36 37 40 51 61 58 50 56 51 44 45 47 41 40 35 35 31 37 36 39 39 44 47 50 52 53 54 56 53 50 40 36 43 31
-9999 -9999 -9999 -9999 -9999 -9999 -9999 -9999 -9999 -9999 -9999 45 46 46 46 47 48 48 44 41 37 39 42 44 44 45 36 29 15 13 15 17 15 17 22 24 21 24 24 21 23 25 24 20 20 20 21 20 20 25 37 33 26 29 39 37 35 38 41 47 63 47 59 58 52 52 54 49 49 45 40 40 31 32 32 35 38 43 46 47 48 50 53 56 56 54 49 46 39 28
-9999 -9999 -9999 -9999 -9999 -9999 -9999 -9999 -9999 -9999 -9999 47 46 45 47 48 46 48 49 49 43 41 47 46 44 45 35 31 36 14 14 18 22 18 22 21 17 18 22 23 23 24 26 25 27 21 24 19 20 23 35 41 32 33 32 41 39 35 59 64 60 53 41 46 58 57 55 43 45 47 45 34 30 30 30 32 35 39 40 42 46 51 54 56 57 57 55 48 48 38
-9999 -9999 -9999 -9999 -9999 -9999 -9999 -9999 -9999 -9999 -9999 47 46 46 46 47 48 48 48 49 49 48 45 46 49 47 33 48 36 32 20 14 18 19 23 19 17 15 23 25 25 25 25 26 27 27 23 19 28 35 32 31 48 61 45 49 32 37 48 65 65 61 59 36 38 40 50 40 40 43 39 38 31 31 29 30 33 34 38 42 47 51 53 56 57 58 56 53 52 50
-9999 -9999 -9999 -9999 -9999 -9999 -9999 -9999 -9999 -9999 -9999 47 46 47 48 48 49 49 49 49 50 49 49 49 50 48 50 50 49 46 41 37 22 24 15 16 18 35 20 23 23 25 25 26 27 27 26 20 26 34 42 40 34 43 69 63 64 62 34 68 37 43 61 37 32 36 50 45 39 37 42 37 35 29 29 31 31 34 38 40 42 47 52 55 57 58 58 58 59 57
-9999 -9999 -9999 -9999 -9999 -9999 -9999 -9999 -9999 -9999 -9999 48 48 47 48 49 49 49 49 49 50 50 50 50 51 51 51 51 53 53 55 55 54 49 40 56 49 36 43 26 16 21 18 24 21 18 19 26 35 42 60 51 57 61 58 46 25 48 46 35 31 30 27 36 36 27 29 34 35 35 41 40 37 29 30 28 29 30 31 33 35 41 43 49 48 57 58 56 60 61
-9999 -9999 -9999 -9999 -9999 -9999 -9999 -9999 -9999 -9999 -9999 -9999 48 47 48 49 49 49 50 50 50 50 51 51 51 52 53 54 56 57 59 60 61 64 65 65 67 68 67 68 50 28 29 25 18 21 20 29 73 72 73 38 30 58 69 29 24 24 26 25 26 25 27 26 35 41 28 26 27 30 26 29 33 37 35 32 30 31 31 31 33 36 37 40 42 48 50 54 54 60
-9999 -9999 -9999 -9999 -9999 -9999 -9999 -9999 -9999 -9999 -9999 -9999 -9999 49 49 49 50 50 50 50 50 50 51 51 51 52 53 55 57 58 59 60 60 64 63 54 45 35 47 69 63 71 66 57 32 18 30 48 68 74 57 35 23 51 68 48 39 30 26 30 30 28 30 25 25 49 40 44 37 30 27 26 29 26 31 33 34 33 33 32 35 38 38 41 44 49 56 61 61 59
-9999 -9999 -9999 -9999 -9999 -9999 -9999 -9999 -9999 -9999 -9999 -9999 48 48 48 50 50 50 51 51 51 51 51 51 52 53 53 54 56 58 61 62 62 61 58 49 40 45 32 33 44 35 49 73 72 73 57 73 32 24 34 28 22 22 24 55 42 41 29 25 25 30 36 33 29 25 36 29 25 25 30 26 25 25 26 27 28 28 33 33 31 37 37 38 41 44 60 61 61 60
-9999 -9999 -9999 -9999 -9999 -9999 -9999 -9999 -9999 -9999 -9999 -9999 48 49 50 51 50 51 51 51 51 51 51 52 52 52 53 55 57 60 62 64 67 64 61 60 57 57 58 44 30 25 27 34 49 53 52 70 49 26 22 25 22 24 24 34 32 33 46 30 25 28 36 38 39 27 31 26 29 25 26 31 32 27 26 29 30 31 30 32 31 34 34 37 41 46 60 62 62 60
-9999 -9999 -9999 -9999 -9999 -9999 -9999 -9999 -9999 -9999 -9999 -9999 51 50 50 51 51 51 52 52 52 53 52 52 52 53 54 56 59 62 65 66 68 70 71 63 63 72 66 59 47 32 25 31 31 28 22 33 43 35 34 23 23 26 23 30 27 26 29 25 25 27 35 33 38 40 41 36 33 28 24 29 40 35 29 29 31 33 32 32 32 32 34 37 45 45 60 62 63 63
-9999 -9999 -9999 -9999 -9999 -9999 -9999 -9999 -9999 -9999 -9999 -9999 51 -9999 52 52 52 52 53 53 54 54 54 54 54 55 56 58 61 64 67 69 72 72 73 73 73 75 72 65 62 53 45 29 22 22 19 21 26 21 22 21 26 23 24 26 25 24 30 31 24 27 31 30 33 38 36 42 42 41 31 28 43 47 41 33 32 33 34 30 31 33 33 34 41 47 52 57 63 64
-9999 -9999 -9999 -9999 -9999 -9999 -9999 -9999 -9999 -9999 -9999 -9999 -9999 -9999 53 53 52 53 54 54 54 55 56 56 57 57 59 61 64 67 70 72 74 75 77 78 78 78 71 65 63 69 59 55 48 41 19 20 21 21 22 22 22 23 23 25 24 27 25 27 28 25 29 28 32 36 41 33 34 43 31 27 39 43 46 49 41 33 31 32 33 34 32 39 40 50 58 60 64 64
-9999 -9999 -9999 -9999 -9999 -9999 -9999 -9999 -9999 -9999 -9999 -9999 -9999 -9999 54 53 53 54 55 55 56 57 58 59 60 61 62 65 68 71 74 75 78 79 81 82 81 82 76 76 74 66 72 70 63 40 32 20 20 21 23 21 26 22 24 24 27 30 26 26 25 27 26 28 34 38 41 29 31 44 34 28 40 48 49 47 44 43 38 35 35 33 33 37 41 42 43 60 64 65
-9999 -9999 -9999 -9999 -9999 -9999 -9999 -9999 -9999 -9999 -9999 -9999 -9999 -9999 -9999 -9999 -9999 -9999 56 57 58 58 60 60 62 63 66 69 72 75 78 80 84 86 86 86 86 86 85 79 80 82 80 77 65 56 40 32 21 23 26 23 24 23 25 28 24 32 32 29 25 26 26 28 36 40 38 33 34 42 39 30 36 37 50 51 51 51 46 41 37 35 34 34 38 40 50 47 63 66
-9999 -9999 -9999 -9999 -9999 -9999 -9999 -9999 -9999 -9999 -9999 -9999 -9999 57 55 57 56 57 57 59 59 60 62 63 65 66 69 72 76 79 83 86 89 91 91 91 90 89 88 87 86 85 83 83 78 73 73 52 36 21 22 25 27 23 25 29 24 25 31 30 28 28 25 31 33 39 41 38 36 42 45 38 28 37 45 52 53 54 53 50 42 43 37 36 50 52 60 46 53 64
