worldclim/bio18_cr.asc
ncols        411
nrows        382
xllcorner    -85.979072453958
yllcorner    8.036441368777
cellsize     0.008333330000
NODATA_value  -9999
[rows 266 to 303 of 382, columns 255 to 339 of 411]
-9999 -9999 -9999 -9999 -9999 -9999 -9999 -9999 -9999 -9999 -9999 -9999 -9999 -9999 -9999 -9999 -9999 -9999 -9999 -9999 -9999 -9999 -9999 -9999 -9999 -9999 663 661 659 661 661 659 661 662 661 654 650 659 660 658 661 624 600 626 408 427 471 512 470 499 487 448 455 489 493 494 507 556 527 553 503 520 514 534 569 629 643 620 623 621 634 628 619 685 699 681 655 609 624 663 656 649 605 608 614
-9999 -9999 -9999 -9999 -9999 -9999 -9999 -9999 -9999 -9999 -9999 -9999 -9999 -9999 -9999 -9999 -9999 -9999 -9999 -9999 -9999 -9999 -9999 -9999 -9999 -9999 666 661 662 660 661 663 661 662 663 662 659 660 661 665 665 609 669 624 600 489 413 470 472 520 467 435 423 500 546 550 542 534 565 586 549 518 510 594 626 619 613 663 706 650 661 617 623 647 707 704 688 677 604 602 604 633 601 599 606
-9999 -9999 -9999 -9999 -9999 -9999 -9999 -9999 -9999 -9999 -9999 -9999 -9999 -9999 -9999 -9999 -9999 -9999 -9999 -9999 -9999 -9999 -9999 -9999 -9999 -9999 668 664 664 665 665 664 664 663 663 664 663 663 663 664 667 671 674 674 666 647 629 500 523 415 432 466 612 473 502 508 552 545 570 561 571 544 531 581 623 648 641 622 646 732 713 712 703 616 721 616 628 688 607 602 602 637 618 602 597
-9999 -9999 -9999 -9999 -9999 -9999 -9999 -9999 -9999 -9999 -9999 -9999 -9999 -9999 -9999 -9999 -9999 -9999 -9999 -9999 -9999 -9999 -9999 -9999 -9999 -9999 671 669 667 667 667 667 666 665 664 665 663 664 664 666 668 671 676 680 684 689 692 690 677 637 699 676 615 648 546 448 485 467 522 501 490 499 576 624 651 715 682 701 712 700 655 597 657 649 616 607 604 602 607 606 596 594 598 598 598
-9999 -9999 -9999 -9999 -9999 -9999 -9999 -9999 -9999 -9999 -9999 -9999 -9999 -9999 -9999 -9999 -9999 -9999 -9999 -9999 -9999 -9999 -9999 -9999 -9999 -9999 -9999 671 669 669 670 669 666 667 666 665 666 665 666 666 669 673 678 684 691 697 703 708 715 720 724 731 735 737 742 680 571 579 554 481 526 522 593 762 758 759 636 604 705 743 604 582 588 594 600 605 604 615 607 606 618 591 589 587 589
-9999 -9999 -9999 -9999 -9999 -9999 -9999 -9999 -9999 -9999 -9999 -9999 -9999 -9999 -9999 -9999 -9999 -9999 -9999 -9999 -9999 -9999 -9999 -9999 -9999 -9999 -9999 -9999 672 672 672 672 670 670 668 667 666 666 666 666 668 673 679 686 694 702 706 708 719 720 693 659 606 665 749 731 757 743 710 603 494 594 674 752 767 709 623 568 681 743 666 635 607 595 604 608 609 617 599 599 647 618 626 607 589
-9999 -9999 -9999 -9999 -9999 -9999 -9999 -9999 -9999 -9999 -9999 -9999 -9999 -9999 -9999 -9999 -9999 -9999 -9999 -9999 -9999 -9999 -9999 -9999 -9999 -9999 -9999 675 674 673 675 673 673 672 670 670 668 667 667 666 669 672 679 686 695 705 711 715 714 709 673 633 657 586 597 653 608 679 770 768 769 711 771 606 566 617 591 552 563 577 695 647 640 602 592 598 613 637 629 621 589 608 589 582 579
-9999 -9999 -9999 -9999 -9999 -9999 -9999 -9999 -9999 -9999 -9999 -9999 -9999 -9999 -9999 -9999 -9999 -9999 -9999 -9999 -9999 -9999 -9999 -9999 -9999 -9999 -9999 678 677 678 679 676 677 673 674 672 670 669 668 666 668 671 678 687 697 708 715 724 724 719 718 705 706 713 651 579 549 560 609 682 696 696 764 679 578 547 574 544 553 576 618 613 614 659 604 591 607 640 652 660 613 630 607 625 593
-9999 -9999 -9999 -9999 -9999 -9999 -9999 -9999 -9999 -9999 -9999 -9999 -9999 -9999 -9999 -9999 -9999 -9999 -9999 -9999 -9999 -9999 -9999 -9999 -9999 -9999 -9999 685 681 680 681 679 678 680 678 676 675 673 671 668 669 671 677 689 701 713 721 729 737 745 729 732 763 748 719 669 593 547 591 590 579 539 607 656 622 618 540 548 564 558 603 592 589 601 589 590 600 633 628 651 667 671 650 642 616
-9999 -9999 -9999 -9999 -9999 -9999 -9999 -9999 -9999 -9999 -9999 -9999 -9999 -9999 -9999 -9999 -9999 -9999 -9999 -9999 -9999 -9999 -9999 -9999 -9999 -9999 -9999 689 -9999 687 686 684 683 684 683 681 680 678 676 675 675 674 680 695 709 720 729 737 745 755 761 766 774 771 743 733 696 660 578 532 528 501 527 573 534 542 539 579 564 571 584 572 574 602 604 586 598 617 617 629 656 667 677 676 674
-9999 -9999 -9999 -9999 -9999 -9999 -9999 -9999 -9999 -9999 -9999 -9999 -9999 -9999 -9999 -9999 -9999 -9999 -9999 -9999 -9999 -9999 -9999 -9999 -9999 -9999 -9999 -9999 -9999 693 690 688 687 689 687 686 686 685 685 684 684 686 693 707 721 733 741 748 756 768 776 783 787 770 744 740 764 724 709 677 642 502 510 531 532 534 544 544 557 555 579 569 581 581 589 593 587 609 606 626 643 673 664 667 684
-9999 -9999 -9999 -9999 -9999 -9999 -9999 -9999 -9999 -9999 -9999 -9999 -9999 -9999 -9999 -9999 -9999 -9999 -9999 -9999 -9999 -9999 -9999 -9999 -9999 -9999 -9999 -9999 -9999 697 693 693 694 693 693 693 693 694 694 695 697 702 710 722 736 748 756 765 773 784 792 797 802 790 792 785 752 780 771 743 637 597 517 516 523 538 537 557 550 557 562 585 595 580 585 585 589 592 604 633 652 672 656 663 690
-9999 -9999 -9999 -9999 -9999 -9999 -9999 -9999 -9999 -9999 -9999 -9999 -9999 -9999 -9999 -9999 -9999 -9999 -9999 -9999 -9999 -9999 -9999 -9999 -9999 -9999 -9999 -9999 -9999 -9999 -9999 -9999 -9999 701 700 700 702 704 704 706 711 718 728 741 755 768 777 790 797 805 810 815 817 819 804 812 819 815 804 751 713 639 597 517 532 557 541 547 549 559 582 564 609 608 599 581 588 592 605 642 661 670 664 667 685
-9999 -9999 -9999 -9999 -9999 -9999 -9999 -9999 -9999 -9999 -9999 -9999 -9999 -9999 -9999 -9999 -9999 -9999 -9999 -9999 -9999 -9999 -9999 -9999 -9999 -9999 -9999 -9999 710 705 708 706 707 707 708 709 710 713 716 720 725 732 745 761 776 792 804 814 821 825 828 830 832 832 833 833 832 826 827 807 788 788 696 617 526 532 552 569 548 563 586 565 573 641 600 595 598 586 617 625 660 674 672 670 684
-9999 -9999 -9999 -9999 -9999 -9999 -9999 -9999 -9999 -9999 -9999 -9999 -9999 -9999 -9999 -9999 -9999 -9999 -9999 -9999 -9999 -9999 -9999 -9999 -9999 -9999 -9999 -9999 714 712 712 712 713 715 716 717 719 723 728 733 740 749 763 781 800 818 833 842 846 847 847 848 847 846 846 844 844 843 845 840 810 851 841 725 664 581 559 543 553 572 563 564 606 618 585 633 639 598 621 636 656 669 668 670 679
-9999 -9999 -9999 -9999 -9999 -9999 -9999 -9999 -9999 -9999 -9999 -9999 -9999 -9999 -9999 -9999 -9999 -9999 -9999 -9999 -9999 -9999 -9999 -9999 -9999 -9999 -9999 -9999 -9999 -9999 717 719 721 721 723 726 728 735 741 746 755 766 780 799 823 845 862 869 871 867 864 862 860 856 857 853 853 853 856 861 864 867 845 838 837 701 613 567 553 554 558 568 617 615 589 634 649 651 615 627 662 673 670 661 654
-9999 -9999 -9999 -9999 -9999 -9999 -9999 -9999 -9999 -9999 -9999 -9999 -9999 -9999 -9999 -9999 -9999 -9999 -9999 -9999 -9999 -9999 -9999 -9999 -9999 -9999 -9999 -9999 -9999 -9999 -9999 725 726 726 730 734 738 742 748 759 770 781 797 820 842 867 886 894 890 884 880 876 872 869 868 867 864 866 868 871 877 882 780 800 874 850 781 655 556 556 566 576 607 597 586 616 641 647 658 661 650 665 672 666 668
-9999 -9999 -9999 -9999 -9999 -9999 -9999 -9999 -9999 -9999 -9999 -9999 -9999 -9999 -9999 -9999 -9999 -9999 -9999 -9999 -9999 -9999 -9999 -9999 -9999 -9999 -9999 -9999 -9999 -9999 -9999 -9999 732 735 737 741 747 752 763 772 782 796 811 832 838 879 898 902 901 894 890 886 883 879 878 878 878 880 882 884 889 880 896 862 842 868 808 734 628 564 562 569 597 610 628 637 643 652 642 639 657 668 675 667 659
-9999 -9999 -9999 -9999 -9999 -9999 -9999 -9999 -9999 -9999 -9999 -9999 -9999 -9999 -9999 -9999 -9999 -9999 -9999 -9999 -9999 -9999 -9999 -9999 -9999 -9999 -9999 -9999 -9999 735 -9999 -9999 738 741 745 748 755 761 771 777 791 805 809 840 798 832 782 902 902 900 897 894 890 889 887 887 888 892 894 899 903 907 911 908 915 917 925 854 699 657 633 588 575 618 631 641 647 647 638 628 639 646 658 666 650
-9999 -9999 -9999 -9999 -9999 -9999 -9999 -9999 -9999 -9999 -9999 -9999 -9999 -9999 -9999 -9999 -9999 -9999 -9999 -9999 -9999 -9999 -9999 -9999 -9999 -9999 -9999 -9999 -9999 -9999 741 743 745 748 751 756 762 770 766 737 798 812 779 769 776 811 876 898 901 902 900 899 896 897 896 897 896 900 905 904 915 919 924 925 931 940 937 933 765 805 779 733 596 582 583 594 628 644 636 628 629 644 648 647 662
-9999 -9999 -9999 -9999 -9999 -9999 -9999 -9999 -9999 -9999 -9999 -9999 -9999 -9999 -9999 -9999 -9999 -9999 -9999 -9999 -9999 -9999 -9999 -9999 -9999 -9999 -9999 -9999 -9999 744 744 749 748 753 756 760 766 773 783 737 707 738 745 781 846 870 886 893 899 900 892 902 902 903 902 903 904 906 911 918 925 932 935 939 946 954 959 954 936 818 814 696 616 573 579 586 594 645 657 660 635 635 635 642 640
-9999 -9999 -9999 -9999 -9999 -9999 -9999 -9999 -9999 -9999 -9999 -9999 -9999 -9999 -9999 -9999 -9999 -9999 -9999 -9999 -9999 -9999 -9999 -9999 -9999 -9999 750 749 690 744 747 751 754 757 761 764 769 777 786 796 748 664 720 765 770 833 881 889 895 895 884 901 906 906 908 906 912 916 920 927 933 941 940 953 963 971 980 985 983 803 694 605 638 616 630 592 585 619 655 660 633 617 617 626 617
-9999 -9999 -9999 -9999 -9999 -9999 -9999 -9999 -9999 -9999 -9999 -9999 -9999 -9999 -9999 -9999 -9999 -9999 -9999 -9999 -9999 -9999 -9999 -9999 -9999 732 717 715 696 741 754 754 758 762 764 767 772 782 789 800 721 699 671 676 714 842 877 884 889 883 833 903 907 910 911 895 915 909 928 935 942 952 960 963 969 985 993 1000 997 970 887 780 826 708 637 583 583 605 606 655 632 617 613 606 610
-9999 -9999 -9999 -9999 -9999 -9999 -9999 -9999 -9999 -9999 -9999 -9999 -9999 -9999 -9999 -9999 -9999 -9999 -9999 -9999 -9999 -9999 -9999 -9999 -9999 679 753 755 -9999 -9999 757 760 763 765 768 772 778 784 790 785 737 605 674 721 677 755 871 879 881 854 831 901 904 909 913 922 853 786 923 946 951 958 971 982 991 999 1005 1012 1023 1036 1045 953 828 657 607 608 595 592 595 635 652 619 617 611 616
-9999 -9999 -9999 -9999 -9999 -9999 -9999 -9999 -9999 -9999 -9999 -9999 -9999 -9999 -9999 -9999 -9999 -9999 -9999 -9999 -9999 -9999 -9999 -9999 759 710 742 758 -9999 760 761 763 764 767 769 773 779 784 789 776 727 669 708 769 736 854 866 873 883 810 821 883 907 911 916 925 902 820 946 953 963 967 947 991 1003 1004 1021 1035 1044 1055 1060 1059 941 806 687 667 607 668 587 635 660 668 642 629 613
-9999 -9999 -9999 -9999 -9999 -9999 -9999 -9999 -9999 -9999 -9999 -9999 -9999 -9999 -9999 -9999 -9999 -9999 -9999 -9999 -9999 -9999 -9999 -9999 -9999 764 762 -9999 761 761 720 721 749 767 770 775 778 784 792 728 681 625 642 718 763 848 861 869 874 738 773 810 848 906 915 897 932 770 952 956 965 980 992 1002 1010 999 1024 1047 1058 1068 1078 1085 1087 1060 925 757 663 620 606 592 633 640 668 676 652
-9999 -9999 -9999 -9999 -9999 -9999 -9999 -9999 -9999 -9999 -9999 -9999 -9999 -9999 -9999 -9999 -9999 -9999 -9999 -9999 -9999 -9999 -9999 -9999 -9999 -9999 -9999 -9999 762 763 737 675 686 718 745 771 780 781 731 662 647 684 706 729 837 847 839 863 869 812 755 701 900 912 920 829 934 899 955 965 971 986 1000 1010 1016 977 932 975 976 1077 1088 1097 1100 1067 943 786 699 624 613 607 593 596 605 645 681
-9999 -9999 -9999 -9999 -9999 -9999 -9999 -9999 -9999 -9999 -9999 -9999 -9999 -9999 -9999 -9999 -9999 -9999 -9999 -9999 -9999 -9999 -9999 -9999 -9999 756 769 767 768 766 699 609 638 717 751 755 718 742 679 636 719 771 813 822 831 773 766 857 864 853 729 660 776 794 748 832 865 863 891 951 869 863 919 1015 994 1034 875 861 874 1085 1089 1100 1091 1091 1077 983 836 683 609 604 598 604 596 612 643
-9999 -9999 -9999 -9999 -9999 -9999 -9999 -9999 -9999 -9999 -9999 -9999 -9999 -9999 -9999 -9999 -9999 -9999 -9999 -9999 -9999 -9999 -9999 -9999 -9999 701 688 720 743 760 768 582 582 677 641 737 628 674 696 697 790 796 808 811 823 745 692 761 858 867 823 790 696 747 781 790 776 742 852 882 804 785 830 882 922 898 877 1069 1079 1029 1093 1092 982 945 1062 1062 866 741 731 620 602 640 611 600 601
-9999 -9999 -9999 -9999 -9999 -9999 -9999 -9999 -9999 -9999 -9999 -9999 -9999 -9999 -9999 -9999 -9999 -9999 -9999 -9999 -9999 -9999 -9999 -9999 -9999 768 763 770 769 770 750 702 568 648 568 623 567 594 681 743 765 794 768 729 812 759 694 844 853 863 871 881 735 742 783 805 866 735 784 776 702 823 776 816 831 880 875 1072 871 829 846 814 849 871 1040 1065 1054 883 777 740 652 687 616 604 600
-9999 -9999 -9999 -9999 -9999 -9999 -9999 -9999 -9999 -9999 -9999 -9999 -9999 -9999 -9999 -9999 -9999 -9999 -9999 -9999 -9999 -9999 -9999 -9999 -9999 778 774 774 764 765 767 641 564 545 512 526 561 605 663 730 674 746 787 704 780 746 695 835 847 857 865 803 783 762 796 858 930 858 793 773 781 765 900 807 836 881 1057 1072 747 760 804 768 799 1046 1039 1060 1049 1035 1014 890 886 760 619 600 600
-9999 -9999 -9999 -9999 -9999 -9999 -9999 -9999 -9999 -9999 -9999 -9999 -9999 -9999 -9999 -9999 -9999 -9999 -9999 -9999 -9999 -9999 -9999 -9999 -9999 780 746 719 677 717 755 762 667 576 499 520 576 641 720 658 583 716 768 705 776 706 704 769 838 828 826 825 806 888 868 855 -9999 -9999 -9999 909 979 780 1011 1027 868 908 1067 1072 822 718 733 691 691 737 818 928 1046 922 899 966 964 829 700 602 602
-9999 -9999 -9999 -9999 -9999 -9999 -9999 -9999 -9999 -9999 -9999 -9999 -9999 -9999 -9999 -9999 -9999 -9999 -9999 -9999 -9999 -9999 -9999 -9999 785 783 729 695 649 626 670 733 704 608 527 500 527 684 661 572 640 700 726 735 744 733 769 761 786 793 792 821 854 -9999 -9999 -9999 -9999 -9999 -9999 -9999 -9999 996 996 1014 1029 1036 1066 1070 872 649 644 647 661 707 827 893 948 979 880 866 973 954 812 706 654
-9999 -9999 -9999 -9999 -9999 -9999 -9999 -9999 -9999 -9999 -9999 -9999 -9999 -9999 -9999 -9999 -9999 -9999 -9999 -9999 -9999 -9999 -9999 -9999 790 786 780 770 672 646 616 616 609 650 638 513 567 575 524 524 563 569 683 720 -9999 -9999 -9999 -9999 -9999 820 801 857 -9999 -9999 -9999 -9999 -9999 -9999 -9999 -9999 -9999 -9999 1003 1013 981 979 1049 1050 729 618 630 619 623 629 715 835 971 975 972 858 858 958 914 840 726
-9999 -9999 -9999 -9999 -9999 -9999 -9999 -9999 -9999 -9999 -9999 -9999 -9999 -9999 -9999 -9999 -9999 -9999 -9999 -9999 -9999 -9999 -9999 -9999 787 787 780 770 765 707 676 599 684 708 702 548 508 517 575 558 547 578 670 766 -9999 -9999 -9999 -9999 -9999 -9999 -9999 -9999 -9999 -9999 -9999 -9999 -9999 -9999 -9999 -9999 -9999 -9999 987 1008 879 798 1042 948 758 612 595 583 595 601 622 940 968 888 971 966 960 951 931 916 880
-9999 -9999 -9999 -9999 -9999 -9999 -9999 -9999 -9999 -9999 -9999 -9999 -9999 -9999 -9999 -9999 -9999 -9999 -9999 -9999 -9999 -9999 -9999 -9999 779 779 781 768 741 735 612 622 703 708 687 620 568 603 711 749 705 731 725 766 -9999 -9999 -9999 -9999 -9999 -9999 -9999 -9999 -9999 -9999 -9999 -9999 -9999 -9999 -9999 -9999 -9999 -9999 979 939 736 758 975 839 711 592 584 583 594 606 637 842 956 891 950 956 941 805 724 909 894
-9999 -9999 -9999 -9999 -9999 -9999 -9999 -9999 -9999 -9999 -9999 -9999 -9999 -9999 -9999 -9999 -9999 -9999 -9999 -9999 -9999 -9999 -9999 802 775 775 783 777 743 612 597 659 703 708 709 604 668 608 611 715 745 746 707 744 -9999 774 -9999 -9999 -9999 -9999 -9999 -9999 -9999 -9999 -9999 -9999 -9999 -9999 -9999 -9999 -9999 -9999 -9999 817 922 946 964 731 603 581 595 667 679 831 919 938 720 854 953 886 920 743 721 711 788
-9999 -9999 -9999 -9999 -9999 -9999 -9999 -9999 -9999 -9999 -9999 -9999 -9999 -9999 -9999 -9999 -9999 831 797 783 796 804 798 757 721 740 742 772 749 744 668 590 689 704 708 619 720 719 657 722 744 737 738 747 756 766 -9999 -9999 -9999 -9999 -9999 -9999 -9999 -9999 -9999 -9999 -9999 -9999 -9999 -9999 -9999 -9999 -9999 844 813 796 931 777 584 574 596 610 656 702 903 750 713 744 938 824 749 657 674 694 689
