worldclim/bio16_cr.asc
ncols        411
nrows        382
xllcorner    -85.979072453958
yllcorner    8.036441368777
cellsize     0.008333330000
NODATA_value  -9999
[rows 111 to 147 of 382, columns 246 to 327 of 411]
1283 1286 1288 1288 1290 1292 1293 1294 1295 1303 1298 1303 1304 1310 1311 1313 1312 1309 1307 1290 1277 1267 1254 1241 1224 1213 1207 1203 1200 1200 1201 1201 1203 1207 1211 1216 1221 1225 1230 1236 1242 1250 1254 1259 1264 1267 1269 1272 1276 1278 1280 1283 1285 1289 1295 1295 1299 1303 1307 1310 1312 1317 1320 1325 1328 1328 1330 1329 1330 1331 1330 -9999 -9999 -9999 -9999 -9999 -9999 -9999 -9999 -9999 -9999 -9999
1285 1280 1287 1286 1287 1291 1292 1292 1293 1296 1298 1304 1302 1304 1304 1305 1303 1300 1295 1286 1272 1258 1248 1230 1219 1208 1195 1191 1186 1185 1185 1186 1190 1192 1196 1201 1207 1213 1220 1224 1230 1237 1244 1248 1252 1256 1258 1262 1263 1266 1269 1276 1275 1278 1286 1288 1290 1293 1297 1301 1303 1311 1313 1317 1315 1315 1318 1317 1324 1324 1323 1322 -9999 -9999 -9999 -9999 -9999 -9999 -9999 -9999 -9999 -9999
1282 1283 1283 1283 1286 1287 1289 1290 1289 1291 1296 1297 1300 1298 1297 1297 1296 1292 1285 1278 1265 1256 1238 1224 1213 1198 1184 1178 1173 1171 1171 1173 1174 1179 1183 1188 1194 1200 1207 1213 1219 1226 1233 1237 1241 1244 1247 1250 1252 1254 1257 1263 1263 1265 1274 1278 1280 1284 1287 1290 1298 1300 1304 1304 1304 1306 1309 1312 1315 1316 1317 1317 1313 -9999 -9999 -9999 -9999 -9999 -9999 -9999 -9999 -9999
1281 1278 1280 1281 1283 1287 1288 1287 1286 1289 1292 1293 1296 1297 1296 1296 1296 1292 1282 1273 1258 1251 1235 1222 1208 1190 1175 1166 1158 1158 1156 1158 1159 1163 1168 1175 1182 1187 1195 1201 1209 1215 1222 1226 1229 1233 1234 1238 1241 1243 1245 1247 1251 1254 1261 1268 1268 1270 1277 1283 1287 1291 1290 1293 1295 1299 1301 1301 1308 1307 1308 1304 1309 -9999 -9999 -9999 -9999 -9999 -9999 -9999 -9999 -9999
1278 1276 1281 1283 1287 1287 1284 1283 1283 1288 1290 1293 1296 1297 1296 1295 1297 1292 1278 1271 1263 1248 1234 1222 1204 1184 1169 1153 1147 1142 1141 1141 1145 1150 1155 1160 1168 1175 1183 1189 1196 1204 1208 1213 1218 1220 1223 1225 1228 1230 1234 1236 1240 1242 1247 1251 1255 1259 1265 1273 1277 1282 1281 1288 1292 1290 1293 1294 1298 1299 1300 1299 1296 1298 -9999 -9999 -9999 -9999 -9999 -9999 -9999 -9999
1273 1275 1277 1281 1282 1282 1284 1282 1282 1283 1291 1292 1295 1296 1297 1296 1296 1292 1284 1276 1259 1252 1233 1224 1204 1184 1165 1149 1134 1128 1125 1126 1130 1134 1140 1147 1155 1162 1170 1177 1184 1189 1196 1200 1206 1208 1212 1213 1217 1219 1221 1223 1227 1230 1235 1240 1243 1252 1256 1260 1270 1267 1275 1275 1279 1283 1284 1286 1292 1292 1292 1292 1293 1285 1288 -9999 -9999 -9999 -9999 -9999 -9999 -9999
1271 1274 1274 1277 1279 1280 1278 1282 1281 1282 1291 1292 1301 1302 1299 1305 1296 1298 1292 1273 1262 1250 1248 1227 1210 1186 1165 1148 1126 1114 1110 1110 1114 1120 1127 1135 1143 1150 1157 1164 1171 1177 1181 1187 1193 1197 1200 1201 1204 1208 1209 1213 1214 1219 1223 1228 1233 1238 1243 1249 1256 1259 1263 1268 1271 1275 1276 1278 1279 1279 1285 1285 1284 1282 1280 1281 -9999 -9999 -9999 -9999 -9999 -9999
1271 1275 1274 1275 1276 1278 1275 1281 1283 1287 1292 1295 1303 1304 1307 1309 1302 1302 1303 1288 1287 1262 1252 1240 1226 1193 1172 1151 1122 1100 1094 1096 1100 1106 1114 1121 1129 1139 1146 1153 1159 1165 1170 1175 1181 1184 1187 1191 1193 1194 1198 1204 1203 1208 1211 1217 1223 1228 1234 1239 1244 1250 1255 1260 1263 1267 1271 1271 1272 1272 1270 1271 1274 1270 1268 1272 1267 -9999 -9999 -9999 -9999 -9999
1268 1270 1272 1276 1273 1274 1276 1280 1286 1290 1290 1299 1307 1311 1319 1325 1329 1330 1326 1312 1300 1282 1266 1262 1255 1209 1188 1159 1128 1099 1078 1078 1087 1091 1100 1107 1121 1127 1135 1141 1148 1154 1160 1165 1170 1175 1178 1179 1181 1184 1188 1190 1199 1195 1198 1205 1212 1218 1224 1229 1236 1241 1245 1251 1255 1259 1263 1264 1265 1265 1263 1261 1262 1258 1260 1263 1264 1258 -9999 -9999 -9999 -9999
1265 1265 1268 1269 1268 1270 1276 1284 1286 1290 1295 1298 1304 1314 1322 1328 1332 1335 1338 1336 1325 1302 1289 1263 1246 1229 1213 1173 1140 1090 1070 1063 1069 1078 1088 1100 1109 1116 1123 1131 1138 1144 1149 1154 1159 1165 1167 1171 1172 1175 1177 1181 1179 1183 1187 1194 1201 1207 1214 1221 1226 1231 1235 1242 1248 1252 1256 1257 1258 1256 1255 1253 1252 1250 1250 1248 1252 1252 1249 -9999 -9999 -9999
1260 1261 1263 1265 1269 1278 1281 1284 1288 1291 1294 1298 1303 1310 1315 1320 1324 1329 1330 1331 1328 1315 1301 1295 1279 1246 1218 1177 1137 1104 1087 1060 1063 1070 1078 1089 1097 1106 1113 1121 1130 1136 1139 1142 1149 1154 1159 1163 1164 1169 1169 1167 1169 1171 1176 1185 1191 1198 1203 1209 1216 1222 1228 1233 1239 1244 1250 1250 1248 1246 1246 1242 1241 1241 1238 1238 1242 1242 1243 1240 -9999 -9999
1254 1239 1247 1252 1264 1268 1275 1278 1281 1283 1287 1289 1293 1300 1306 1310 1315 1318 1322 1324 1324 1316 1331 1322 1297 1292 1251 1192 1161 1146 1129 1094 1078 1074 1077 1082 1089 1098 1105 1114 1123 1127 1133 1135 1140 1147 1151 1155 1157 1160 1161 1160 1161 1163 1170 1177 1183 1190 1194 1201 1207 1212 1219 1225 1229 1234 1240 1240 1237 1235 1233 1232 1230 1229 1226 1233 1233 1231 1232 1233 -9999 -9999
1189 1207 1223 1243 1255 1250 1255 1270 1274 1274 1278 1280 1283 1288 1293 1298 1304 1308 1312 1314 1318 1320 1323 1326 1323 1324 1304 1226 1190 1191 1162 1140 1114 1116 1089 1092 1106 1110 1108 1108 1117 1121 1129 1135 1136 1140 1147 1151 1151 1154 1155 1153 1159 1159 1164 1169 1176 1182 1185 1192 1199 1203 1210 1216 1220 1223 1226 1226 1225 1228 1221 1219 1220 1220 1220 1222 1222 1222 1222 1223 1224 -9999
1194 1199 1216 1249 1241 1248 1247 1261 1265 1264 1265 1267 1269 1273 1277 1284 1289 1295 1297 1302 1307 1305 1310 1316 1318 1319 1313 1269 1239 1231 1202 1168 1184 1165 1143 1118 1128 1132 1119 1106 1111 1120 1123 1130 1136 1140 1142 1140 1151 1151 1147 1148 1152 1155 1158 1163 1170 1172 1177 1184 1190 1195 1200 1204 1208 1211 1213 1212 1211 1212 1209 1208 1207 1207 1208 1211 1212 1212 1212 1213 1215 1215
1183 1185 1183 1237 1210 1178 1215 1237 1254 1251 1248 1247 1252 1257 1262 1257 1262 1271 1278 1286 1289 1285 1293 1306 1309 1311 1313 1282 1253 1251 1217 1200 1206 1205 1179 1156 1147 1146 1138 1107 1117 1119 1126 1131 1137 1138 1138 1143 1146 1139 1140 1146 1148 1150 1153 1158 1161 1165 1170 1175 1182 1186 1191 1193 1196 1198 1199 1198 1198 1202 1196 1202 1195 1194 1197 1196 1201 1202 1203 1204 1204 1207
1154 1164 1162 1175 1146 1135 1124 1191 1212 1230 1235 1232 1229 1233 1240 1228 1247 1249 1247 1257 1262 1264 1271 1291 1293 1300 1304 1306 1309 1254 1243 1231 1233 1231 1210 1192 1168 1157 1147 1142 1139 1121 1126 1134 1137 1139 1143 1142 1141 1141 1145 1143 1144 1145 1148 1150 1153 1158 1163 1168 1173 1185 1179 1182 1184 1186 1187 1188 1192 1184 1183 1182 1182 1184 1188 1189 1188 1192 1194 1195 1196 1196
1112 1109 1194 1111 1090 1074 1060 1085 1131 1163 1211 1208 1203 1204 1214 1199 1205 1218 1214 1221 1222 1229 1249 1264 1270 1280 1291 1292 1295 1294 1280 1270 1260 1251 1236 1206 1191 1172 1167 1163 1150 1139 1132 1136 1141 1145 1145 1142 1143 1144 1141 1141 1140 1141 1142 1144 1146 1150 1155 1161 1165 1173 1178 1174 1175 1175 1175 1174 1172 1170 1168 1169 1170 1171 1179 1181 1181 1183 1185 1185 1187 1190
1059 1070 1144 1053 1055 1028 998 1018 1057 1082 1129 1162 1167 1171 1192 1174 1145 1168 1171 1173 1185 1199 1211 1230 1203 1243 1272 1260 1284 1293 1295 1287 1273 1250 1237 1217 1224 1190 1186 1182 1170 1154 1149 1139 1146 1149 1154 1150 1148 1144 1143 1139 1137 1137 1136 1137 1139 1144 1147 1152 1165 1165 1165 1163 1164 1164 1164 1161 1159 1156 1155 1155 1158 1167 1162 1165 1166 1173 1174 1176 1178 1183
1012 1018 1126 1032 1033 955 932 936 957 1014 1051 1135 1139 1135 1168 1132 1096 1109 1107 1150 1142 1143 1161 1171 1171 1218 1212 1240 1258 1278 1281 1288 1288 1274 1252 1236 1223 1206 1208 1203 1180 1166 1158 1143 1144 1150 1157 1160 1149 1145 1144 1138 1134 1130 1129 1130 1133 1136 1141 1146 1159 1154 1155 1156 1155 1155 1157 1150 1148 1145 1144 1144 1145 1148 1152 1153 1157 1159 1165 1165 1172 1170
955 964 981 1033 941 921 912 908 916 933 1083 1040 1100 1095 1118 1099 1065 1044 1048 1061 1040 1105 1112 1123 1132 1164 1166 1224 1237 1248 1261 1275 1282 1279 1252 1240 1247 1239 1228 1218 1204 1189 1178 1146 1144 1148 1154 1160 1157 1149 1142 1136 1130 1125 1123 1123 1125 1128 1133 1139 1145 1145 1147 1145 1144 1144 1141 1138 1135 1133 1133 1133 1135 1138 1141 1145 1150 1150 1153 1158 1163 1163
944 938 942 1024 924 909 906 903 906 936 949 988 1080 1067 1057 1038 1040 1016 1029 1005 1011 1035 1057 1057 1058 1086 1109 1152 1176 1205 1238 1259 1282 1283 1279 1278 1251 1238 1235 1226 1219 1203 1182 1162 1147 1146 1149 1154 1158 1147 1142 1131 1123 1120 1116 1115 1116 1122 1124 1130 1135 1146 1148 1138 1135 1133 1128 1126 1124 1122 1121 1124 1126 1128 1132 1136 1140 1144 1145 1147 1151 1154
940 926 920 933 973 905 907 901 894 890 892 915 1001 1036 989 998 1006 983 991 975 976 985 1005 1006 1010 1027 1060 1095 1124 1154 1204 1238 1255 1264 1267 1282 1264 1272 1253 1235 1222 1206 1184 1175 1155 1147 1145 1153 1153 1147 1139 1125 1116 1111 1106 1106 1109 1112 1117 1124 1135 1135 1140 1133 1130 1128 1120 1115 1112 1110 1110 1114 1116 1119 1123 1127 1135 1142 1137 1141 1145 1148
931 928 920 976 902 915 911 900 902 890 887 991 929 978 988 935 940 947 938 941 950 962 973 981 992 1002 1026 1049 1067 1102 1125 1195 1205 1230 1271 1280 1283 1284 1271 1256 1235 1223 1198 1175 1165 1152 1138 1142 1145 1140 1127 1116 1112 1111 1103 1104 1098 1106 1114 1135 1142 1150 1155 1152 1124 1119 1110 1102 1100 1097 1099 1103 1109 1111 1115 1121 1125 1127 1131 1135 1138 1141
931 928 948 900 895 923 930 921 903 891 880 884 885 915 949 912 909 908 920 933 946 962 968 986 998 1000 1002 1011 1021 1055 1099 1144 1144 1204 1238 1249 1259 1264 1282 1273 1272 1237 1218 1206 1190 1127 1174 1160 1144 1133 1122 1115 1109 1134 1143 1153 1155 1140 1154 1135 1144 1144 1145 1144 1134 1112 1099 1089 1086 1084 1087 1093 1098 1102 1108 1112 1117 1122 1125 1129 1132 1136
948 947 954 961 921 888 940 955 934 920 873 891 876 920 885 886 891 907 919 932 945 962 1013 1039 1010 1011 1017 1024 1029 1019 1042 1079 1084 1131 1187 1226 1224 1239 1266 1278 1278 1261 1153 1135 1223 1207 1187 1220 1200 1155 1133 1127 1132 1187 1179 1174 1192 1193 1186 1157 1149 1142 1143 1136 1125 1108 1088 1081 1071 1071 1077 1084 1089 1096 1102 1107 1113 1117 1120 1124 1127 1130
905 967 963 966 944 893 954 995 983 932 956 919 871 876 874 878 889 914 942 945 942 974 1082 1124 1105 1132 1139 1109 1045 1026 1021 1034 1053 1079 1098 1143 1184 1217 1233 1257 1266 1275 1221 1221 1207 1230 1263 1263 1259 1240 1177 1105 1167 1231 1211 1235 1221 1176 1173 1159 1152 1134 1133 1133 1123 1100 1078 1071 1065 1062 1068 1076 1084 1091 1097 1103 1107 1111 1115 1118 1121 1123
905 892 977 994 996 1020 991 1018 1007 1000 969 902 867 909 948 952 979 983 981 1033 1083 1102 1052 1078 1018 1082 1136 1150 1140 1025 1020 1016 1021 1042 1063 1080 1091 1178 1213 1232 1259 1172 1273 1257 1238 1260 1258 1228 1225 1262 1230 1146 1205 1233 1247 1234 1177 1175 1174 1171 1149 1139 1154 1159 1142 1121 1072 1069 1062 1061 1065 1073 1080 1086 1094 1099 1103 1108 1111 1114 1116 1118
973 917 910 895 981 1025 1033 1024 1016 1015 930 864 859 860 1018 1037 1040 1047 1072 1022 1066 1062 1106 1032 1072 1134 1121 1114 1041 1035 1028 1010 1012 1018 1024 1053 1138 1161 1194 1268 1164 1154 1261 1223 1221 1219 1218 1222 1187 1217 1189 1094 1099 1239 1239 1179 1230 1232 1190 1202 1147 1135 1164 1162 1156 1145 1075 1069 1063 1060 1065 1069 1078 1084 1088 1092 1099 1103 1107 1110 1111 1113
982 990 986 901 893 931 1018 1019 1012 1012 1011 881 856 858 1036 1032 1034 1057 1024 950 960 1053 1093 979 1065 1122 1134 1110 1055 1033 1031 1010 1003 1008 1031 1140 1188 1195 1260 1249 1180 1231 1271 1217 1216 1218 1222 1220 1213 1225 1195 1135 1098 1177 1238 1205 1226 1185 1212 1213 1173 1138 1156 1145 1139 1126 1075 1101 1060 1060 1062 1067 1073 1080 1086 1092 1096 1101 1104 1107 1107 1108
927 1046 1053 958 978 956 1018 1017 973 992 996 1015 904 852 1023 931 930 969 865 874 866 975 1090 961 955 1061 1141 1130 1037 1031 1029 996 1001 1000 1023 1026 1174 1283 1270 1220 1223 1275 1269 1213 1211 1117 1181 1198 1247 1234 1171 1143 1108 1160 1249 1241 1237 1179 1214 1211 1141 1168 1192 1148 1130 1099 1102 1108 1058 1058 1060 1064 1071 1076 1083 1088 1094 1098 1102 1104 1104 1105
928 1053 1026 1043 1034 931 1016 1012 908 930 934 885 1008 962 850 1026 847 853 886 891 865 932 982 931 905 988 1111 1123 1093 1029 972 989 1008 1059 1024 1163 1250 1264 1186 1184 1255 1244 1188 1119 1130 1115 1190 1189 1179 1186 1211 1110 1085 1167 1240 1231 1168 1202 1203 1202 1157 1188 1180 1139 1125 1109 1124 1112 1055 1056 1059 1064 1069 1075 1081 1086 1090 1096 1099 1101 1101 1101
1071 1057 917 919 1018 979 1013 986 901 863 871 822 857 1016 956 1032 886 896 893 834 893 875 879 895 969 1088 1134 1125 1093 1027 1031 967 995 1003 1017 1056 1171 1284 1281 1214 1213 1200 1177 1106 1114 1181 1208 1155 1162 1194 1163 1117 1203 1225 1172 1161 1158 1207 1192 1201 1152 1133 1125 1136 1122 1090 1120 1113 1084 1061 1060 1062 1067 1075 1078 1083 1087 1093 1097 1098 1097 1096
1020 1031 1029 896 1016 1006 1007 887 840 817 812 884 982 992 984 885 894 896 850 814 828 877 893 894 917 1034 1139 1082 1028 1026 1032 966 972 997 998 1007 1104 1292 1274 1183 1204 1158 1158 1084 1165 1210 1238 1222 1166 1227 1170 1109 1209 1156 1150 1145 1146 1207 1186 1179 1137 1103 1113 1140 1075 1108 1112 1110 1086 1088 1061 1058 1067 1073 1077 1079 1083 1090 1093 1093 1093 1092
901 999 1000 962 949 1012 1009 821 810 826 849 818 980 1025 949 893 895 899 858 836 875 892 897 884 920 1008 1143 1106 1017 1030 1006 951 992 984 993 1014 1125 1286 1232 1286 1262 1218 1140 1084 1148 1220 1216 1232 1212 1185 1211 1179 1146 1122 1114 1141 1198 1163 1146 1115 1145 1086 1087 1085 1099 1108 1105 1103 1093 1111 1104 1058 1064 1070 1074 1077 1082 1085 1087 1087 1088 1086
944 879 819 829 794 903 872 806 888 908 867 828 906 975 856 900 896 900 898 896 898 878 884 954 1081 1134 1116 1065 1012 1026 972 938 972 970 993 1032 1187 1250 1232 1267 1277 1197 1116 1133 1207 1242 1237 1204 1157 1174 1203 1137 1052 1079 1118 1115 1188 1143 1105 1070 1076 1089 1094 1111 1108 1137 1132 1102 1102 1104 1106 1103 1063 1068 1071 1073 1078 1080 1080 1080 1082 1081
825 798 787 827 869 805 795 790 909 888 907 881 820 842 831 902 900 899 894 887 867 917 1028 1113 1122 1100 1054 1007 1012 1027 947 928 964 968 977 1027 1125 1155 1284 1286 1268 1229 1182 1239 1230 1169 1233 1219 1124 1097 1124 1100 1065 1115 1115 1105 1151 1179 1107 1142 1067 1129 1111 1143 1139 1132 1114 1111 1098 1099 1094 1102 1063 1066 1068 1070 1072 1074 1114 1108 1102 1076
787 781 876 896 918 852 898 913 885 822 866 899 906 901 877 903 896 885 875 863 963 1024 1093 1082 1073 1054 986 993 1025 953 912 916 936 969 961 994 1069 1208 1273 1281 1278 1246 1169 1226 1246 1230 1129 1109 1043 1054 1028 1022 1049 1104 1164 1110 1106 1133 1160 1104 1082 1090 1077 1096 1118 1124 1117 1113 1106 1094 1091 1091 1063 1063 1064 1075 1083 1109 1105 1114 1116 1118
