worldclim/bio13_cr.asc
ncols        411
nrows        382
xllcorner    -85.979072453958
yllcorner    8.036441368777
cellsize     0.008333330000
NODATA_value  -9999
[rows 76 to 113 of 382, columns 0 to 85 of 411]
-9999 -9999 -9999 -9999 -9999 -9999 -9999 -9999 -9999 -9999 -9999 -9999 -9999 -9999 -9999 -9999 -9999 -9999 -9999 -9999 -9999 -9999 -9999 -9999 -9999 -9999 -9999 -9999 -9999 -9999 -9999 -9999 -9999 -9999 -9999 -9999 316 316 313 349 363 313 305 303 303 303 304 303 303 311 313 312 318 325 333 341 351 356 349 356 360 363 368 369 366 366 365 368 367 367 369 363 373 376 376 383 376 361 360 360 348 349 350 352 352 359
-9999 -9999 -9999 -9999 -9999 -9999 -9999 -9999 -9999 -9999 -9999 -9999 -9999 -9999 -9999 -9999 -9999 -9999 -9999 -9999 -9999 -9999 -9999 -9999 -9999 -9999 -9999 -9999 -9999 -9999 -9999 -9999 -9999 -9999 313 324 319 320 322 334 338 315 311 309 307 306 305 305 305 307 315 315 323 331 340 347 352 353 355 360 363 369 372 371 368 368 369 367 367 368 364 372 372 374 370 381 370 371 360 369 352 350 350 354 355 359
-9999 -9999 -9999 -9999 -9999 -9999 -9999 -9999 -9999 -9999 -9999 -9999 -9999 -9999 -9999 -9999 -9999 -9999 -9999 -9999 -9999 -9999 -9999 -9999 -9999 -9999 -9999 -9999 -9999 -9999 -9999 -9999 -9999 -9999 322 324 341 329 320 323 342 317 316 314 313 312 312 312 312 315 319 318 328 332 334 328 352 368 360 367 370 375 374 372 371 372 372 371 370 369 368 370 372 369 370 370 372 372 359 370 356 355 351 350 350 348
-9999 -9999 -9999 -9999 -9999 -9999 -9999 -9999 -9999 -9999 -9999 -9999 -9999 -9999 -9999 -9999 -9999 -9999 -9999 -9999 -9999 -9999 -9999 -9999 -9999 -9999 -9999 -9999 -9999 -9999 -9999 313 -9999 -9999 324 343 345 326 338 342 325 321 320 320 319 318 318 318 319 321 321 322 331 327 329 360 367 374 368 371 377 379 378 374 377 376 375 379 372 369 370 371 370 366 367 370 370 373 365 358 357 356 348 348 343 352
-9999 -9999 -9999 -9999 -9999 -9999 -9999 -9999 -9999 -9999 -9999 -9999 -9999 -9999 -9999 -9999 -9999 -9999 -9999 -9999 -9999 -9999 -9999 -9999 -9999 -9999 -9999 -9999 -9999 -9999 310 314 318 321 319 332 332 335 338 323 323 325 325 324 324 324 324 324 325 326 327 328 330 331 335 360 374 373 379 383 386 386 386 379 380 380 379 381 373 371 372 371 372 367 366 367 368 372 364 357 357 355 351 347 350 350
-9999 -9999 -9999 -9999 -9999 -9999 -9999 -9999 -9999 -9999 -9999 -9999 -9999 -9999 -9999 -9999 -9999 -9999 -9999 -9999 -9999 -9999 -9999 290 291 -9999 -9999 -9999 313 308 310 315 315 321 322 319 336 330 326 327 328 328 329 329 329 329 330 330 331 332 333 334 335 336 339 360 378 379 385 388 390 391 375 388 385 386 384 384 372 373 372 368 368 367 367 366 366 370 368 362 358 351 343 344 348 348
-9999 -9999 -9999 -9999 -9999 -9999 -9999 -9999 -9999 -9999 -9999 -9999 -9999 -9999 -9999 -9999 -9999 -9999 -9999 -9999 -9999 -9999 -9999 293 297 295 298 302 324 321 309 316 321 338 340 362 354 324 327 328 331 332 332 333 334 334 335 336 337 338 338 339 340 341 342 348 357 384 388 391 393 394 357 393 393 391 387 380 371 371 370 365 366 365 363 364 365 369 364 356 353 352 343 342 342 341
-9999 -9999 -9999 -9999 -9999 -9999 -9999 -9999 -9999 -9999 -9999 -9999 -9999 -9999 -9999 -9999 -9999 -9999 -9999 -9999 -9999 -9999 285 312 319 293 302 300 326 336 333 339 349 360 359 349 340 325 330 332 333 335 336 337 338 339 340 342 343 343 344 344 344 345 345 346 347 375 390 393 395 367 365 392 393 390 386 376 373 376 372 370 370 364 365 367 367 366 363 358 356 350 343 346 344 341
-9999 -9999 -9999 -9999 -9999 -9999 -9999 -9999 -9999 -9999 -9999 -9999 -9999 -9999 -9999 -9999 -9999 -9999 -9999 -9999 -9999 285 286 304 337 314 333 315 316 329 329 330 329 332 321 324 327 330 332 334 336 338 339 340 342 343 345 347 348 348 348 348 348 349 349 349 350 356 391 393 355 359 362 367 395 395 392 376 383 373 381 375 370 367 372 370 369 367 366 361 360 358 344 346 346 346
-9999 -9999 -9999 -9999 -9999 -9999 -9999 -9999 -9999 -9999 -9999 -9999 -9999 -9999 -9999 -9999 -9999 -9999 -9999 -9999 -9999 283 283 286 310 334 328 317 308 308 308 312 317 319 323 325 329 331 333 336 337 340 342 343 345 347 349 351 353 353 353 352 352 352 352 352 353 354 366 355 356 357 398 383 397 390 390 385 366 367 382 372 361 375 376 374 374 372 370 363 364 355 347 343 349 346
-9999 -9999 -9999 -9999 -9999 -9999 -9999 -9999 -9999 -9999 -9999 -9999 -9999 -9999 -9999 -9999 -9999 -9999 -9999 -9999 -9999 -9999 285 289 290 323 325 309 310 307 311 331 316 328 332 328 329 332 334 337 339 342 344 346 348 350 352 354 357 357 356 356 355 355 355 355 355 355 355 357 358 358 377 366 363 362 364 369 367 375 369 369 380 384 379 379 377 377 375 372 366 363 351 346 346 344
-9999 -9999 -9999 -9999 -9999 -9999 -9999 -9999 -9999 -9999 -9999 -9999 -9999 -9999 -9999 -9999 -9999 -9999 -9999 -9999 -9999 285 281 284 287 293 296 316 315 315 312 340 348 343 335 326 329 331 338 337 341 344 346 348 350 352 354 356 358 359 359 359 358 358 358 357 357 357 357 358 359 359 360 362 362 363 365 369 366 363 363 362 388 385 383 382 380 378 376 374 367 353 353 348 345 345
-9999 -9999 -9999 -9999 -9999 -9999 -9999 -9999 -9999 -9999 -9999 -9999 -9999 -9999 -9999 -9999 -9999 -9999 -9999 -9999 -9999 -9999 -9999 290 297 320 300 298 314 323 320 328 344 328 324 333 335 350 350 344 343 345 348 350 352 354 356 358 359 361 361 361 360 360 359 359 359 359 359 359 360 360 361 363 364 367 366 369 366 364 364 363 389 386 385 385 384 381 380 378 378 362 348 352 343 343
-9999 -9999 -9999 -9999 -9999 -9999 -9999 -9999 -9999 -9999 -9999 -9999 -9999 -9999 -9999 -9999 -9999 -9999 -9999 -9999 -9999 -9999 -9999 -9999 286 292 298 302 302 335 330 338 338 331 326 344 348 347 341 341 344 347 349 351 354 355 357 359 361 362 363 363 362 361 361 360 360 360 360 360 361 361 362 363 365 367 368 368 367 365 365 362 380 392 392 390 387 384 378 379 377 370 362 343 344 345
-9999 -9999 -9999 -9999 -9999 -9999 -9999 -9999 -9999 -9999 -9999 -9999 -9999 -9999 -9999 -9999 -9999 -9999 -9999 -9999 -9999 -9999 -9999 -9999 294 298 302 305 306 335 334 336 332 323 341 338 345 343 339 342 345 348 350 352 355 356 358 359 361 363 364 364 363 363 362 361 361 361 361 361 361 362 362 364 366 367 368 368 368 367 365 363 361 383 392 383 383 386 381 381 374 366 353 344 348 346
-9999 -9999 -9999 -9999 -9999 -9999 -9999 -9999 -9999 -9999 -9999 -9999 -9999 -9999 -9999 -9999 -9999 -9999 -9999 -9999 -9999 -9999 -9999 -9999 296 299 302 303 308 317 320 343 338 331 336 347 349 344 349 347 356 357 351 354 356 357 358 359 361 363 365 364 364 363 362 362 362 361 361 361 362 363 364 365 367 367 368 368 368 367 366 364 362 370 390 380 372 378 377 387 374 353 350 346 349 347
-9999 -9999 -9999 -9999 -9999 -9999 -9999 -9999 -9999 -9999 -9999 -9999 -9999 -9999 -9999 -9999 -9999 -9999 -9999 -9999 -9999 -9999 -9999 -9999 297 300 303 306 307 320 314 323 337 334 334 359 353 363 348 346 358 355 358 355 357 358 358 359 361 362 364 364 364 363 363 362 362 362 361 361 362 363 364 366 367 368 368 368 368 368 367 365 363 361 362 365 377 383 376 378 363 360 360 355 348 349
-9999 -9999 -9999 -9999 -9999 -9999 -9999 -9999 -9999 -9999 -9999 -9999 -9999 -9999 -9999 -9999 -9999 -9999 -9999 -9999 -9999 -9999 -9999 295 297 300 303 302 307 311 316 320 324 339 340 362 364 365 359 349 349 352 354 356 358 358 358 359 361 362 363 363 364 364 363 363 362 362 362 362 362 363 365 367 368 368 369 368 368 368 367 366 364 362 361 362 362 369 388 387 379 378 359 348 345 342
-9999 -9999 -9999 -9999 -9999 -9999 -9999 -9999 -9999 -9999 -9999 -9999 -9999 -9999 -9999 -9999 -9999 -9999 -9999 -9999 -9999 -9999 292 290 296 296 303 313 313 313 318 322 326 329 339 357 369 374 349 352 351 353 356 358 359 358 359 359 361 361 362 363 363 364 364 364 364 363 363 362 362 364 366 368 369 369 370 370 369 368 368 366 365 363 362 361 358 357 356 367 387 387 351 349 345 343
-9999 -9999 -9999 -9999 -9999 -9999 -9999 -9999 -9999 -9999 -9999 -9999 -9999 -9999 -9999 -9999 -9999 -9999 -9999 -9999 -9999 -9999 293 293 296 297 305 325 315 314 320 324 327 330 333 336 340 355 353 365 352 354 356 359 359 360 360 361 360 361 361 362 363 364 365 365 365 365 364 364 365 366 367 369 370 371 371 371 370 369 369 369 366 365 363 361 360 358 356 356 353 353 350 348 348 344
-9999 -9999 -9999 -9999 -9999 -9999 -9999 -9999 -9999 -9999 -9999 -9999 -9999 -9999 -9999 -9999 -9999 -9999 -9999 -9999 -9999 -9999 294 296 297 307 338 307 311 316 322 326 329 334 338 338 341 350 349 350 353 355 357 358 359 360 360 360 360 360 361 362 363 364 365 365 365 366 366 366 367 368 369 370 371 374 374 372 373 371 370 369 370 366 364 363 361 359 357 357 355 353 355 350 349 345
-9999 -9999 -9999 -9999 -9999 -9999 -9999 -9999 -9999 -9999 -9999 -9999 -9999 -9999 -9999 -9999 -9999 -9999 283 -9999 -9999 292 294 292 320 332 309 308 314 319 323 327 331 336 337 341 345 345 352 351 357 356 357 360 359 360 360 361 360 361 361 362 364 364 365 366 367 367 368 369 370 371 371 371 372 379 389 377 373 371 370 370 369 367 371 364 363 361 359 358 356 353 352 366 356 353
-9999 -9999 -9999 -9999 -9999 -9999 -9999 -9999 -9999 -9999 -9999 -9999 -9999 -9999 -9999 -9999 -9999 286 286 288 290 292 295 297 308 348 312 310 315 320 325 329 333 337 341 341 347 347 348 352 361 356 359 357 358 359 360 360 361 361 362 363 364 365 366 368 368 369 370 371 372 373 373 374 374 376 384 379 375 373 371 372 372 375 369 367 365 364 361 359 358 355 354 382 376 365
-9999 -9999 -9999 -9999 -9999 -9999 -9999 -9999 -9999 -9999 -9999 -9999 -9999 -9999 -9999 -9999 284 285 286 289 289 292 296 301 300 316 326 324 315 321 325 330 334 338 342 346 348 350 351 352 357 357 358 358 358 360 360 361 361 361 362 363 365 366 367 369 370 371 372 373 373 374 375 377 379 377 377 377 377 374 373 372 374 382 380 369 366 365 364 360 358 356 353 354 386 350
-9999 -9999 -9999 -9999 -9999 -9999 -9999 -9999 -9999 -9999 -9999 -9999 -9999 -9999 -9999 -9999 283 285 285 287 291 294 297 299 302 306 311 313 317 322 326 330 333 337 341 346 349 350 352 353 355 357 359 359 361 366 362 362 361 361 362 364 365 367 368 370 371 373 373 374 375 376 377 380 379 380 376 378 377 375 374 373 374 377 373 370 368 373 367 363 359 357 354 352 350 348
-9999 -9999 -9999 -9999 -9999 -9999 -9999 -9999 -9999 -9999 -9999 -9999 -9999 -9999 -9999 285 284 297 288 291 294 296 299 302 304 307 311 315 318 323 327 330 333 337 342 345 347 348 352 354 356 357 359 361 370 366 364 365 364 362 363 365 366 368 370 371 373 374 375 376 377 378 378 378 379 379 377 377 377 376 378 377 376 375 374 371 370 369 369 369 363 358 355 353 351 348
-9999 -9999 -9999 -9999 -9999 -9999 -9999 -9999 -9999 -9999 -9999 -9999 -9999 283 286 287 286 288 291 294 296 297 301 303 306 310 312 316 320 323 328 331 333 337 341 345 349 348 353 354 356 358 358 360 362 363 363 364 365 362 364 366 367 369 371 372 374 376 377 378 379 381 380 380 379 379 378 378 377 381 390 392 383 385 383 375 372 370 369 370 370 360 357 354 352 350
-9999 -9999 -9999 -9999 -9999 -9999 -9999 -9999 -9999 -9999 -9999 -9999 285 288 289 290 290 290 292 296 298 300 302 305 307 311 315 318 321 325 328 332 334 337 340 343 347 348 353 353 353 356 357 360 362 362 364 361 361 363 364 366 368 370 372 375 376 377 379 381 381 381 381 383 380 380 381 379 379 378 383 381 379 379 380 385 375 373 373 371 366 362 359 356 354 351
-9999 -9999 -9999 -9999 -9999 -9999 -9999 -9999 -9999 -9999 -9999 -9999 -9999 -9999 291 291 293 294 295 298 300 302 304 307 309 313 322 319 322 325 329 331 334 337 340 345 345 347 349 352 355 355 356 358 363 361 361 360 361 363 364 366 368 370 372 375 377 379 381 382 382 382 382 383 381 381 381 381 381 379 378 378 378 378 376 374 373 378 371 369 367 364 373 357 364 354
-9999 -9999 -9999 -9999 -9999 -9999 -9999 -9999 -9999 -9999 -9999 -9999 -9999 -9999 -9999 293 295 296 298 299 301 303 306 308 317 323 317 320 324 326 329 333 335 338 341 347 349 347 349 351 358 355 356 357 359 360 360 361 362 363 365 367 369 371 373 375 378 381 383 384 384 384 383 383 382 382 381 381 381 -9999 379 379 379 377 377 376 375 372 370 368 373 371 361 363 357 391
-9999 -9999 -9999 -9999 -9999 -9999 -9999 -9999 -9999 -9999 -9999 -9999 -9999 -9999 -9999 -9999 296 298 299 301 303 305 307 310 313 317 322 323 327 328 330 333 335 338 341 346 350 347 349 351 353 355 357 358 359 360 361 362 363 363 365 367 369 371 373 376 378 381 383 385 385 384 384 383 383 382 382 382 381 381 380 -9999 380 379 378 377 375 373 371 369 367 365 363 360 358 359
-9999 -9999 -9999 -9999 -9999 -9999 -9999 -9999 -9999 -9999 -9999 -9999 -9999 -9999 -9999 -9999 298 299 301 303 305 307 309 312 314 317 320 330 326 329 331 334 336 338 341 344 346 347 350 352 354 356 357 359 360 364 362 363 363 363 365 368 369 371 374 376 378 381 384 385 384 384 384 383 383 382 382 381 383 382 383 381 379 379 379 -9999 -9999 374 -9999 -9999 368 366 364 362 359 357
-9999 -9999 -9999 -9999 -9999 -9999 -9999 -9999 -9999 -9999 -9999 -9999 -9999 -9999 -9999 -9999 300 301 303 304 306 308 311 313 316 319 321 340 338 330 333 334 336 339 342 344 346 348 350 352 354 356 357 359 361 362 363 364 364 365 367 369 369 371 374 376 378 381 385 385 384 384 384 383 383 382 382 381 381 381 387 383 380 380 380 379 376 374 372 371 368 366 365 363 361 359
-9999 -9999 -9999 -9999 -9999 -9999 -9999 -9999 -9999 -9999 -9999 -9999 -9999 -9999 -9999 -9999 301 303 305 306 308 310 312 315 317 320 323 327 328 331 334 336 337 340 342 344 346 349 351 354 355 357 358 360 361 363 365 369 365 369 376 370 370 371 374 376 378 380 382 384 383 384 384 383 383 383 382 381 381 380 380 381 383 383 392 380 375 374 372 371 -9999 -9999 365 364 362 360
-9999 -9999 -9999 -9999 -9999 -9999 -9999 -9999 -9999 -9999 -9999 -9999 -9999 -9999 -9999 301 303 304 306 308 310 312 314 317 319 322 324 327 330 332 335 336 338 340 342 345 347 351 352 354 356 358 359 361 362 364 365 367 369 374 381 378 370 371 374 376 378 379 381 383 384 384 384 383 383 382 382 382 381 383 381 380 381 386 394 382 375 373 372 371 370 367 -9999 365 363 361
-9999 -9999 -9999 -9999 -9999 -9999 -9999 -9999 -9999 -9999 -9999 -9999 -9999 -9999 -9999 303 304 306 308 309 311 313 315 317 320 323 325 328 330 333 335 337 339 341 343 345 348 353 354 356 357 359 360 362 363 365 366 369 368 370 382 371 370 371 374 376 377 379 380 383 391 383 384 385 384 382 382 381 383 385 400 379 379 381 379 377 375 373 373 371 370 369 367 -9999 364 363
-9999 -9999 -9999 -9999 -9999 -9999 -9999 -9999 -9999 -9999 -9999 -9999 -9999 -9999 -9999 305 306 308 309 311 312 314 317 319 321 323 326 329 332 334 337 337 340 343 345 347 349 351 356 357 358 360 362 363 365 365 366 367 368 369 380 378 371 371 373 375 377 379 380 381 386 384 383 383 384 383 383 382 384 389 408 379 378 377 379 381 373 373 373 372 371 370 -9999 367 366 364
-9999 -9999 -9999 -9999 -9999 -9999 -9999 -9999 -9999 -9999 -9999 -9999 -9999 -9999 -9999 306 308 309 310 312 314 316 319 321 322 325 327 329 332 334 336 338 341 345 348 348 350 353 356 357 360 361 363 365 366 366 367 368 368 369 371 378 374 371 373 375 377 379 381 382 383 383 383 384 384 384 383 382 383 404 410 409 401 376 374 375 374 374 373 373 373 371 -9999 369 367 366
