worldclim/bio2_cr.asc
ncols        411
nrows        382
xllcorner    -85.979072453958
yllcorner    8.036441368777
cellsize     0.008333330000
NODATA_value  -9999
[rows 240 to 279 of 382, columns 267 to 355 of 411]
116 118 119 124 125 125 117 119 122 123 124 124 123 123 123 123 123 123 123 123 123 122 121 121 121 119 117 117 116 118 119 117 117 117 117 117 116 117 117 117 117 116 117 117 116 116 116 116 115 115 115 114 114 114 114 113 113 113 112 112 112 110 108 110 111 111 109 108 108 107 107 105 99 96 98 93 90 86 84 83 83 83 83 84 84 84 86 88 90
115 121 125 125 125 124 124 122 121 122 124 123 124 124 123 123 123 123 123 123 123 122 122 122 122 121 118 117 116 116 119 117 117 117 116 116 116 116 116 116 116 116 116 116 116 116 115 115 115 115 114 113 114 114 114 113 113 113 113 113 111 110 108 111 111 110 109 110 108 105 104 99 97 98 100 94 88 85 84 85 85 84 83 84 84 86 86 86 88
115 120 121 121 122 118 121 124 118 120 121 123 124 123 123 123 123 123 123 123 122 122 122 122 122 121 120 120 118 118 116 116 117 117 117 116 116 116 116 116 116 116 116 116 116 115 115 114 114 114 114 114 114 114 113 113 113 113 113 113 112 111 110 111 111 110 110 109 108 100 100 99 99 103 99 93 89 87 87 88 88 84 84 83 84 85 85 85 85
112 116 115 116 116 116 116 119 124 117 120 122 123 123 123 123 123 123 123 123 123 122 122 122 121 122 121 121 120 120 118 116 117 117 117 117 116 116 116 116 116 116 116 116 115 115 115 113 113 114 114 114 114 114 114 113 113 113 113 113 113 112 112 111 111 111 111 110 107 104 104 103 105 104 100 96 94 91 88 90 86 85 84 84 84 85 85 84 84
110 111 111 115 112 116 119 122 123 120 117 119 121 122 123 123 123 122 123 123 122 122 120 122 122 121 121 121 121 120 119 118 115 118 117 117 116 116 115 115 116 116 115 115 115 115 112 113 113 114 114 114 114 114 113 113 114 113 113 113 113 112 111 111 111 111 110 109 107 107 107 105 105 104 100 99 98 91 89 92 88 86 85 85 85 86 86 86 85
109 109 110 110 114 118 122 121 123 121 121 120 120 120 120 122 123 122 122 122 122 121 119 121 122 121 121 121 121 120 120 118 115 116 118 118 117 117 116 115 116 115 115 114 113 113 112 113 113 114 114 114 114 114 113 114 114 113 113 112 113 112 112 112 111 111 110 108 107 109 108 108 107 105 104 101 98 93 94 94 89 87 86 86 86 87 86 87 87
109 109 111 110 114 115 123 124 123 121 122 122 121 118 119 121 123 122 121 120 120 118 118 120 121 121 121 121 121 120 119 118 115 114 118 118 117 117 117 116 116 116 115 114 113 112 112 112 113 114 114 114 113 113 113 113 114 112 113 113 113 112 112 112 112 111 111 110 108 110 109 108 107 104 103 99 96 95 99 94 90 89 87 87 86 87 86 87 88
109 109 109 111 113 115 119 124 122 121 121 121 121 123 123 123 123 121 121 121 120 118 117 117 117 119 119 120 120 119 118 118 117 115 117 115 115 117 117 116 116 116 115 114 113 111 112 113 114 114 114 114 113 112 111 113 112 113 113 113 113 112 112 112 111 111 111 111 110 110 106 103 102 99 97 94 97 99 99 94 94 93 90 90 89 90 87 87 86
-9999 -9999 -9999 111 114 117 118 120 121 124 122 119 119 121 123 123 122 123 122 122 122 120 118 119 119 119 119 118 117 119 118 118 119 116 115 116 115 116 117 113 116 116 116 114 111 111 114 114 114 114 114 114 113 111 112 110 113 113 113 113 113 112 112 112 111 111 111 111 110 109 105 105 104 102 102 96 99 101 99 98 96 92 92 93 92 92 91 88 88
-9999 -9999 -9999 110 112 113 116 121 123 124 123 117 118 119 120 120 120 121 122 120 121 122 121 120 121 121 121 119 119 120 120 120 119 119 119 118 114 112 114 112 117 116 115 115 111 114 114 115 115 115 114 114 114 113 110 112 113 112 113 113 111 112 112 111 111 111 111 111 111 110 109 109 108 106 106 102 101 103 101 96 92 93 94 96 93 94 93 91 89
-9999 -9999 -9999 -9999 109 110 110 113 119 123 122 119 116 116 117 117 118 120 119 119 119 121 121 120 119 120 120 117 120 120 120 120 120 119 119 118 116 114 112 112 111 111 111 110 111 114 115 115 115 115 114 114 113 113 110 111 112 112 111 111 111 112 112 112 110 111 111 111 111 110 110 110 109 108 108 105 104 103 99 96 95 95 94 97 99 95 95 94 91
-9999 -9999 -9999 -9999 -9999 109 110 112 115 118 121 123 122 121 122 117 120 120 120 121 122 121 122 121 119 118 117 118 120 120 120 120 119 119 119 119 118 116 115 115 114 114 112 110 110 113 115 115 115 115 114 114 113 112 111 109 110 111 109 110 111 112 112 112 110 111 111 111 110 110 110 110 110 109 108 107 105 101 99 97 99 97 97 99 101 99 96 94 91
-9999 -9999 -9999 -9999 -9999 -9999 -9999 111 113 117 116 115 115 118 121 122 119 118 120 122 122 122 122 121 119 118 119 120 121 120 120 120 119 119 119 118 118 117 116 117 116 115 112 112 111 114 115 115 115 115 115 114 114 112 109 108 110 111 108 111 112 112 112 112 109 110 111 111 111 109 110 110 110 109 109 108 106 103 101 99 100 99 98 100 101 98 96 93 94
-9999 -9999 -9999 -9999 -9999 -9999 -9999 110 112 112 112 113 113 114 114 119 122 122 122 119 120 120 121 121 120 120 121 120 120 120 120 120 120 119 119 118 117 118 118 117 115 114 111 110 111 112 115 115 115 115 115 114 114 114 113 107 108 107 110 112 112 111 111 111 111 108 111 110 109 110 110 110 110 109 109 108 107 106 103 100 102 101 98 101 103 98 95 95 95
-9999 -9999 -9999 -9999 -9999 -9999 -9999 -9999 109 110 110 110 110 110 114 118 118 120 122 121 118 120 121 121 121 121 121 120 119 119 120 120 120 119 117 116 115 116 117 116 113 112 113 111 109 109 113 113 112 114 113 113 113 113 112 111 107 106 108 110 111 111 111 111 111 109 110 109 109 111 110 110 110 110 109 109 108 107 105 103 104 102 101 104 102 98 96 96 97
-9999 -9999 -9999 -9999 -9999 -9999 -9999 -9999 -9999 109 109 109 109 110 112 113 115 121 122 121 121 118 119 120 121 121 121 119 119 118 117 117 117 118 116 116 113 112 113 111 115 115 116 114 112 110 109 108 108 109 107 109 110 110 110 109 107 106 107 111 110 111 111 111 111 107 107 109 110 110 110 110 110 110 109 109 109 108 107 106 105 104 103 105 101 100 98 98 98
-9999 -9999 -9999 -9999 -9999 -9999 -9999 -9999 -9999 -9999 108 108 109 109 111 111 115 119 117 120 122 121 121 121 120 121 119 119 119 118 116 116 115 117 114 113 113 112 112 111 115 117 117 116 115 113 110 110 108 108 112 110 110 111 109 111 107 110 110 108 108 111 109 111 111 107 106 109 110 110 110 110 110 110 109 109 109 109 108 107 106 105 106 105 103 100 98 99 99
-9999 -9999 -9999 -9999 -9999 -9999 -9999 -9999 -9999 -9999 108 108 110 110 110 111 115 115 113 112 114 118 120 121 121 120 120 119 118 118 117 116 115 116 117 115 116 116 112 113 114 116 117 116 116 115 115 114 113 114 114 114 113 111 112 111 109 108 110 107 108 110 109 111 110 110 106 108 109 110 110 110 110 110 109 109 109 109 108 108 107 107 107 105 104 101 100 102 100
-9999 -9999 -9999 -9999 -9999 -9999 -9999 -9999 -9999 -9999 -9999 -9999 108 110 111 111 112 110 110 112 118 121 120 121 121 120 121 119 119 120 119 117 116 117 116 114 118 117 118 116 115 115 117 117 116 115 115 114 115 116 115 115 114 114 113 113 111 109 107 106 106 107 106 110 110 109 107 106 108 109 110 109 110 109 109 109 109 109 108 108 107 107 107 106 104 103 103 103 101
-9999 -9999 -9999 -9999 -9999 -9999 -9999 -9999 -9999 -9999 -9999 -9999 -9999 108 111 107 109 109 109 112 116 119 119 119 120 121 120 120 120 120 119 119 117 118 115 114 117 118 118 117 117 117 118 117 117 116 116 115 115 116 116 115 114 114 114 113 112 110 109 107 105 104 106 109 110 108 108 105 105 108 107 109 109 109 108 109 109 109 109 108 108 107 107 107 106 105 105 103 101
-9999 -9999 -9999 -9999 -9999 -9999 -9999 -9999 -9999 -9999 -9999 -9999 -9999 108 -9999 108 107 112 111 112 113 115 119 121 120 120 119 120 120 120 119 120 119 117 116 115 115 114 115 116 117 118 117 117 117 116 116 116 116 116 115 114 114 114 114 114 114 113 111 108 106 104 105 107 108 109 107 105 106 107 107 109 109 108 109 109 109 109 108 108 108 108 107 107 106 106 104 102 100
-9999 -9999 -9999 -9999 -9999 -9999 -9999 -9999 -9999 -9999 -9999 -9999 -9999 108 -9999 108 107 107 110 107 109 111 114 119 120 120 120 120 120 119 119 119 118 118 115 116 117 116 115 118 117 117 117 116 117 117 116 116 116 115 115 115 114 115 114 114 114 113 112 109 107 105 106 105 105 105 107 105 106 105 106 107 107 108 108 108 109 109 109 108 108 108 108 107 107 106 104 102 99
-9999 -9999 -9999 -9999 -9999 -9999 -9999 -9999 -9999 -9999 -9999 -9999 -9999 -9999 108 108 107 107 108 107 107 110 111 115 118 120 115 118 119 119 119 119 119 119 116 118 118 117 116 115 116 115 116 117 117 116 116 116 116 116 115 115 115 115 114 114 114 113 112 111 108 105 104 103 105 105 105 104 105 105 106 105 106 106 108 108 109 109 108 108 108 108 107 107 107 106 105 104 102
-9999 -9999 -9999 -9999 -9999 -9999 -9999 -9999 -9999 -9999 -9999 -9999 -9999 -9999 108 -9999 108 108 107 107 107 111 112 113 116 115 115 113 118 119 119 119 119 119 119 118 118 118 117 116 117 117 117 117 117 116 116 116 116 116 115 115 115 115 114 113 112 113 111 111 107 105 105 104 104 105 104 104 104 105 105 105 105 105 106 108 109 109 108 108 108 108 108 108 107 107 106 105 105
-9999 -9999 -9999 -9999 -9999 -9999 -9999 -9999 -9999 -9999 -9999 -9999 -9999 -9999 108 108 108 108 107 107 108 108 110 111 112 111 111 112 113 114 118 118 118 119 119 119 118 118 118 118 117 117 117 117 117 116 116 116 116 115 115 115 114 114 113 113 111 110 110 109 108 107 105 104 104 104 104 104 104 104 104 104 104 105 106 107 109 108 108 108 108 108 108 107 107 107 107 106 106
-9999 -9999 -9999 -9999 -9999 -9999 -9999 -9999 -9999 -9999 -9999 -9999 -9999 -9999 108 108 108 107 107 107 107 108 110 112 111 109 109 109 108 112 115 118 119 119 118 118 118 117 117 117 117 117 117 117 116 116 116 116 116 116 115 115 113 110 111 112 112 108 108 109 108 107 105 104 105 104 104 104 104 104 104 104 104 104 104 106 108 107 108 108 108 108 108 107 107 107 107 106 106
-9999 -9999 -9999 -9999 -9999 -9999 -9999 -9999 -9999 -9999 -9999 -9999 -9999 -9999 108 108 108 107 107 107 107 107 107 109 110 107 108 109 109 112 114 113 118 119 118 117 118 117 117 118 117 117 117 117 116 115 116 115 116 116 115 115 113 110 109 110 110 110 108 108 108 104 104 104 104 106 105 103 103 103 104 104 104 103 105 107 106 106 107 107 108 107 107 107 107 107 107 107 106
-9999 -9999 -9999 -9999 -9999 -9999 -9999 -9999 -9999 -9999 -9999 -9999 -9999 -9999 108 108 108 108 107 107 107 106 107 106 107 108 108 106 108 113 108 112 114 116 118 118 118 117 118 117 117 117 116 115 115 116 115 114 115 116 115 113 110 111 111 107 105 107 106 109 108 105 103 103 103 104 107 106 105 104 105 105 104 105 105 106 106 106 107 107 107 107 107 107 107 107 107 107 106
-9999 -9999 -9999 -9999 -9999 -9999 -9999 -9999 -9999 -9999 -9999 -9999 -9999 -9999 108 108 108 107 107 107 107 107 107 106 106 106 106 106 108 107 107 108 109 111 112 116 116 117 118 116 113 117 117 116 116 116 115 115 115 115 114 113 111 109 109 110 108 104 104 104 104 108 103 107 105 103 106 107 106 104 104 105 105 104 105 105 106 107 105 107 107 107 107 107 107 107 107 107 107
-9999 -9999 -9999 -9999 -9999 -9999 -9999 -9999 -9999 -9999 -9999 -9999 -9999 -9999 108 107 108 107 107 107 107 107 107 106 106 106 106 106 105 106 107 106 106 106 107 108 109 112 107 109 112 111 114 116 116 116 116 116 115 115 113 111 109 105 107 106 105 105 107 111 106 106 108 108 108 109 107 106 108 107 106 106 105 104 104 105 106 105 106 106 106 106 106 106 107 107 107 107 107
-9999 -9999 -9999 -9999 -9999 -9999 -9999 -9999 -9999 -9999 -9999 -9999 -9999 -9999 -9999 107 108 107 107 107 107 107 107 106 106 106 106 106 105 105 105 105 105 105 105 105 104 104 105 104 104 105 104 109 113 113 114 115 114 114 112 104 104 104 109 111 105 104 110 113 112 113 111 112 110 111 110 107 106 107 108 107 107 107 106 105 105 105 105 105 105 105 105 105 106 106 106 106 106
-9999 -9999 -9999 -9999 -9999 -9999 -9999 -9999 -9999 -9999 -9999 -9999 -9999 -9999 -9999 -9999 107 107 107 107 107 107 107 106 106 106 106 106 105 105 105 105 105 105 105 106 105 105 108 110 113 110 104 106 104 105 107 112 115 112 108 105 104 106 110 113 107 104 107 108 109 111 113 112 112 112 110 109 104 105 104 105 107 106 107 106 107 105 105 105 104 104 106 106 106 106 106 106 106
-9999 -9999 -9999 -9999 -9999 -9999 -9999 -9999 -9999 -9999 -9999 -9999 -9999 -9999 -9999 108 108 107 107 107 107 107 107 106 106 106 106 106 105 105 105 105 105 105 105 106 106 107 110 112 110 113 113 110 112 109 104 104 104 107 104 111 112 110 111 113 113 112 106 107 107 109 111 111 112 112 112 111 109 106 107 108 107 106 108 107 107 106 106 106 106 104 104 106 106 106 106 106 106
-9999 -9999 -9999 -9999 -9999 -9999 -9999 -9999 -9999 -9999 -9999 -9999 -9999 -9999 -9999 108 108 107 107 107 107 106 107 106 106 106 106 106 106 105 105 105 105 105 105 105 106 107 107 108 108 108 110 113 114 113 112 109 108 108 105 108 112 113 112 114 114 112 109 109 109 106 109 110 112 112 112 111 110 110 109 110 108 107 109 109 107 107 107 107 107 106 104 105 106 106 106 106 106
-9999 -9999 -9999 -9999 -9999 -9999 -9999 -9999 -9999 -9999 -9999 -9999 -9999 -9999 -9999 108 108 108 107 107 107 107 107 106 106 106 106 106 105 105 105 105 105 105 105 105 104 104 107 107 105 106 108 110 112 114 112 112 112 113 111 109 110 110 114 114 114 113 110 110 110 109 110 111 111 112 112 111 111 111 111 110 109 107 109 109 109 107 107 107 107 107 105 105 105 105 106 106 106
-9999 -9999 -9999 -9999 -9999 -9999 -9999 -9999 -9999 -9999 -9999 -9999 -9999 -9999 -9999 108 -9999 107 107 107 107 107 107 106 106 106 106 106 106 105 105 105 105 105 105 105 105 104 105 105 105 105 107 107 108 110 113 114 114 115 114 112 113 113 113 112 112 112 111 113 112 109 109 111 112 112 111 111 111 110 111 111 110 109 108 110 109 109 108 108 107 107 105 106 106 105 105 106 106
-9999 -9999 -9999 -9999 -9999 -9999 -9999 -9999 -9999 -9999 -9999 -9999 -9999 -9999 -9999 -9999 -9999 107 107 107 107 107 106 106 106 106 106 106 106 105 105 105 105 105 105 104 104 105 104 104 104 106 107 107 106 107 108 109 110 115 115 113 113 114 113 113 112 113 111 113 113 111 110 109 111 112 111 111 111 110 109 109 110 109 108 109 109 109 109 109 107 106 106 106 106 105 106 106 106
-9999 -9999 -9999 -9999 -9999 -9999 -9999 -9999 -9999 -9999 -9999 -9999 -9999 -9999 -9999 -9999 -9999 107 108 108 107 107 106 106 106 106 106 106 106 105 105 105 105 105 105 105 105 105 104 104 104 105 105 105 107 106 106 107 110 111 114 114 114 114 113 114 113 113 113 110 113 112 112 110 109 111 111 111 111 111 108 108 110 110 108 109 109 109 109 109 108 108 107 106 106 105 106 106 106
-9999 -9999 -9999 -9999 -9999 -9999 -9999 -9999 -9999 -9999 -9999 -9999 -9999 -9999 -9999 -9999 -9999 -9999 -9999 -9999 -9999 107 106 106 106 106 106 106 106 106 105 105 105 105 105 105 105 105 105 104 104 104 105 104 104 105 105 107 108 110 111 114 114 114 114 114 113 113 113 112 113 113 112 111 111 111 111 111 111 110 109 109 110 110 109 109 109 109 109 109 108 108 108 107 106 106 105 105 106
-9999 -9999 -9999 -9999 -9999 -9999 -9999 -9999 -9999 -9999 -9999 -9999 -9999 -9999 -9999 -9999 107 107 107 107 107 107 107 106 106 106 106 106 106 106 106 105 105 105 105 105 104 105 104 104 104 104 104 104 104 104 104 105 106 106 108 111 113 114 114 114 113 113 113 112 113 111 112 112 112 110 112 111 111 111 110 109 110 110 110 108 109 109 109 109 108 108 108 107 107 106 106 107 107
