worldclim/bio2_cr.asc
ncols        411
nrows        382
xllcorner    -85.979072453958
yllcorner    8.036441368777
cellsize     0.008333330000
NODATA_value  -9999
[rows 160 to 199 of 382, columns 178 to 266 of 411]
104 104 104 104 104 104 105 106 106 107 107 106 106 106 106 105 106 106 107 106 106 107 107 106 107 107 106 106 106 104 104 104 102 101 100 99 96 98 98 97 91 94 95 95 97 99 100 100 100 101 101 101 100 100 100 100 100 99 99 98 97 98 97 99 99 99 99 99 99 98 98 98 98 98 98 98 98 98 98 98 98 99 99 100 99 100 100 99 100
104 104 104 104 104 105 105 105 106 107 107 107 106 105 104 104 106 106 107 107 107 106 106 106 107 107 106 107 106 104 103 104 102 101 101 100 97 93 94 96 89 86 92 92 97 98 99 100 101 101 101 101 100 100 101 100 100 99 99 99 99 99 98 99 100 99 99 99 99 99 99 99 99 99 98 98 98 98 98 98 99 99 100 100 101 101 100 100 100
104 104 104 104 104 104 105 105 105 106 106 107 107 106 105 103 104 105 107 107 107 107 106 105 106 106 106 106 106 105 105 105 105 103 102 101 99 94 94 92 86 84 88 93 96 95 98 101 101 100 101 101 101 100 100 100 99 98 98 100 100 100 100 100 100 100 100 100 99 100 99 99 99 99 99 99 99 99 99 100 100 100 101 101 101 101 100 100 100
105 105 105 105 105 105 106 106 106 105 106 107 107 106 105 105 104 104 105 106 106 106 106 106 106 107 107 106 107 106 107 106 106 105 103 101 99 99 97 92 86 83 86 93 91 96 100 101 101 100 101 101 101 101 100 99 99 97 99 99 100 100 100 100 100 100 100 100 100 100 100 100 100 100 100 100 100 100 100 100 101 101 101 101 100 99 100 100 100
106 106 105 106 105 105 105 106 105 105 106 106 106 107 107 107 106 106 106 105 105 105 106 106 107 107 107 107 107 107 107 107 106 105 102 101 101 101 98 96 92 86 83 83 88 97 99 100 101 100 101 101 100 100 100 97 96 97 99 100 100 100 100 100 100 100 100 100 100 100 100 100 100 100 100 100 100 100 100 101 101 102 102 101 100 100 99 99 100
107 107 107 106 106 106 105 105 105 106 107 107 107 107 108 107 107 107 106 105 105 104 106 107 107 107 107 107 107 107 106 106 106 105 104 103 102 99 99 96 92 90 93 87 89 94 94 100 100 99 99 99 100 98 99 94 93 96 98 100 100 101 100 100 100 100 100 100 101 100 101 100 100 100 101 101 100 101 101 102 102 102 102 102 101 100 99 99 101
107 106 107 107 106 106 106 106 106 106 106 108 108 108 106 107 106 106 105 104 105 106 106 107 107 107 107 107 108 107 105 106 107 105 105 104 102 102 100 100 99 94 95 92 95 94 95 97 97 98 97 97 94 92 95 92 97 99 99 99 99 100 100 101 101 101 100 100 101 101 101 101 101 101 101 101 101 101 102 102 103 102 102 101 101 101 99 98 100
108 107 107 108 107 107 107 107 107 106 107 107 107 108 108 107 105 106 106 104 107 107 108 108 108 107 107 107 108 108 107 107 107 107 107 107 106 104 102 102 100 96 98 97 98 95 96 96 97 100 99 99 97 96 94 92 93 98 99 97 94 97 98 100 100 101 100 99 100 100 101 100 102 101 101 101 102 103 103 103 103 102 102 102 100 100 94 99 100
108 105 107 108 108 108 108 108 107 107 107 108 108 108 108 108 108 108 108 108 108 108 108 107 108 108 107 106 107 107 107 107 107 108 107 107 107 107 105 103 101 99 101 101 99 97 97 99 98 99 100 100 99 98 96 96 92 92 96 95 94 91 94 98 99 99 100 100 101 101 100 100 101 102 102 103 103 103 103 103 102 102 102 101 100 98 98 99 100
105 103 105 105 107 108 108 107 108 108 108 108 108 108 108 108 108 108 108 108 108 107 108 107 108 108 106 107 107 107 108 108 108 108 106 105 106 106 106 106 104 103 102 102 101 101 100 100 101 101 101 100 99 100 99 98 95 91 88 90 89 92 91 94 97 99 97 98 99 101 101 101 102 103 103 103 103 102 101 101 101 101 101 99 96 91 98 99 100
106 103 100 102 102 106 107 107 106 107 108 108 108 108 108 107 108 108 108 108 108 108 108 108 107 108 107 107 108 108 108 108 108 106 106 104 104 104 104 104 105 103 103 102 103 103 101 101 102 102 101 101 100 101 99 98 98 91 87 84 86 85 88 96 95 98 98 100 100 101 102 103 102 102 102 102 104 103 102 102 101 101 99 97 94 93 100 100 102
108 105 102 103 102 104 103 103 103 103 105 108 108 109 108 108 108 108 108 108 107 108 108 108 108 108 107 108 108 108 107 108 107 107 107 106 106 108 104 105 106 105 105 104 104 103 102 101 102 103 102 102 101 100 100 99 95 87 95 90 91 95 98 96 98 100 100 101 101 102 102 101 101 101 101 102 103 104 104 102 101 101 99 98 94 98 101 103 103
108 104 105 105 105 106 103 101 104 107 106 107 109 109 109 108 108 108 109 108 106 106 107 106 107 107 108 109 109 109 108 108 108 108 108 108 108 108 108 108 108 108 107 106 105 103 102 102 104 103 103 102 101 101 101 99 96 94 95 92 95 97 98 100 100 101 101 100 99 101 101 100 101 100 100 99 102 103 104 102 101 100 100 100 99 101 102 102 102
107 107 108 107 108 107 104 105 107 109 108 109 109 108 108 108 107 108 108 105 106 106 106 106 107 107 107 107 108 107 108 107 108 108 109 108 109 108 108 108 107 106 106 107 106 104 102 103 104 103 103 102 102 102 101 100 100 99 97 97 94 95 98 100 100 100 100 99 98 99 101 99 100 99 96 99 101 102 103 104 102 101 102 102 100 99 101 103 103
109 109 108 109 109 107 108 109 109 109 109 109 109 109 108 108 108 107 106 106 106 108 107 107 108 109 109 108 107 107 108 109 108 109 108 107 107 106 108 106 106 102 103 105 106 108 107 103 104 103 103 103 102 102 102 101 101 100 100 98 97 93 96 98 98 99 97 96 94 96 99 97 93 93 93 99 100 103 102 103 103 104 102 102 103 100 101 102 104
109 109 108 109 109 109 109 109 108 109 109 108 109 109 109 107 107 106 106 108 109 108 109 109 109 109 108 109 109 109 109 109 108 108 109 108 105 104 105 107 103 103 100 103 104 106 107 103 102 101 102 101 101 100 99 100 99 98 97 96 95 93 96 97 95 97 95 93 90 95 95 90 87 85 92 97 101 101 100 101 102 102 100 100 103 101 101 102 103
108 108 109 109 109 108 108 108 109 109 109 109 109 109 109 108 107 107 106 109 109 109 109 109 109 109 107 107 108 109 108 108 107 107 106 107 102 101 104 105 103 101 99 97 103 102 104 104 104 103 101 102 100 101 100 100 95 98 96 92 93 91 92 91 93 90 92 88 86 89 89 89 85 86 93 97 98 99 100 100 99 101 98 100 102 101 100 101 102
108 107 108 107 107 107 109 109 110 109 109 110 109 109 109 110 109 108 106 108 109 109 109 108 108 107 106 107 107 107 106 107 104 104 104 101 101 99 101 101 101 98 93 92 102 101 103 102 103 104 103 103 103 102 102 101 101 99 100 98 97 94 93 88 86 86 86 84 83 84 83 86 86 89 90 93 93 94 92 93 90 100 98 92 102 101 98 101 102
107 107 107 107 108 109 110 109 109 109 109 110 110 110 108 109 110 107 107 107 108 109 110 110 109 109 108 109 108 108 108 109 108 106 104 104 102 99 99 99 93 91 88 94 100 98 100 101 102 103 102 102 100 100 98 98 99 98 95 94 94 91 90 86 84 82 82 82 84 84 87 87 85 87 87 89 86 87 83 82 88 92 93 92 100 101 96 99 99
108 107 107 108 108 108 108 109 108 109 110 110 110 110 107 109 110 109 107 107 108 109 109 109 110 109 109 110 109 110 110 110 109 110 105 104 103 99 94 95 92 84 85 91 96 94 94 96 98 101 101 98 95 98 97 91 96 95 94 92 90 86 85 83 82 81 81 82 83 83 83 84 86 84 84 85 85 82 80 81 81 83 85 88 97 100 96 93 98
109 108 107 107 108 108 108 109 108 109 110 109 109 110 109 109 110 110 108 106 108 108 108 110 110 110 110 110 110 109 110 110 109 107 102 102 98 96 92 89 90 95 94 92 88 89 89 88 90 95 99 99 94 96 93 91 91 90 90 89 91 86 84 83 81 81 81 81 83 82 82 82 83 83 81 81 82 82 80 80 82 85 90 97 100 100 93 91 97
108 108 107 108 108 107 108 108 108 108 109 109 109 110 110 110 110 109 108 107 106 107 109 110 110 110 110 110 109 110 110 109 109 107 103 101 95 92 89 88 89 99 99 98 99 93 91 90 86 89 92 96 93 92 91 88 89 90 92 94 91 92 89 87 83 81 81 81 82 81 81 81 81 81 80 79 80 80 81 81 82 85 89 93 99 99 95 94 98
108 108 107 108 107 109 108 110 109 109 109 108 109 109 109 109 109 109 109 108 107 106 107 109 109 110 110 110 109 109 110 110 110 108 106 103 99 90 90 93 96 99 104 102 99 94 95 93 92 89 88 94 98 99 96 93 90 94 98 94 94 92 92 88 83 82 81 81 81 81 81 81 81 80 79 79 80 80 81 82 83 86 88 92 97 100 99 96 91
107 107 107 109 109 107 109 110 110 109 109 108 108 108 109 109 109 108 109 109 109 107 106 108 108 109 109 108 108 110 110 110 110 107 105 100 93 97 91 100 102 104 104 101 97 97 97 96 95 96 95 94 99 101 100 97 92 92 99 98 93 89 92 87 84 82 83 81 81 81 81 81 81 80 79 79 79 80 80 81 81 81 83 93 95 97 90 92 97
106 108 108 109 109 109 109 109 109 109 109 108 108 108 108 108 109 108 109 109 109 109 106 107 108 109 108 108 109 109 110 111 109 109 107 102 103 97 90 103 107 107 102 96 95 99 100 100 100 100 100 99 99 102 102 100 99 100 101 97 87 92 97 92 88 82 85 83 81 81 82 81 81 81 80 79 79 80 80 81 80 81 81 83 86 86 86 90 97
108 107 108 109 109 109 109 109 109 109 108 109 108 108 108 108 108 108 108 108 108 109 107 106 108 108 107 108 109 111 110 111 110 109 110 108 106 104 104 108 109 106 103 100 94 98 102 103 101 100 102 102 101 103 102 103 102 102 101 99 95 98 100 95 90 86 87 83 82 83 83 82 81 80 80 80 80 80 80 80 80 80 80 80 80 81 82 83 84
109 107 107 109 109 109 110 110 109 109 110 109 108 108 108 108 107 107 107 107 108 107 107 107 107 107 108 108 110 110 111 110 110 111 111 111 109 108 111 111 111 110 110 105 93 98 101 104 104 102 103 104 103 104 103 103 103 103 102 100 97 98 101 97 97 97 92 84 84 85 86 82 82 81 81 81 80 80 80 80 80 80 80 80 80 80 80 80 90
109 108 108 109 109 110 110 110 109 109 109 109 108 109 109 109 109 107 107 107 106 106 106 106 106 107 107 107 107 110 111 111 111 111 111 109 109 111 111 111 110 107 109 109 98 101 104 104 105 107 104 104 104 104 105 105 104 104 103 102 102 101 102 102 100 97 94 91 91 89 90 84 84 83 83 81 80 80 80 80 81 80 80 80 80 79 79 80 84
108 108 109 109 109 109 110 110 109 109 108 108 109 109 109 110 109 109 109 107 107 108 107 106 107 107 107 108 109 108 109 108 110 110 111 112 112 111 111 108 104 102 107 109 105 106 107 107 107 106 104 102 101 102 104 105 104 103 102 101 100 98 102 99 97 90 94 96 96 94 91 90 87 83 82 81 80 80 80 80 80 81 80 81 81 82 81 80 82
108 109 110 109 109 108 109 109 109 109 109 109 109 109 109 109 109 109 109 109 109 107 107 107 107 108 108 109 111 110 111 111 108 108 111 111 111 112 111 104 97 99 105 109 110 107 105 105 104 105 102 103 102 102 104 105 103 102 101 100 97 98 100 98 91 88 93 94 89 90 87 85 85 82 80 80 80 80 80 80 80 80 81 81 81 81 81 82 82
108 109 109 109 109 108 108 109 109 109 109 109 109 109 109 109 110 110 108 108 108 107 107 107 107 107 107 108 110 111 112 112 112 111 109 112 111 111 108 102 95 94 105 108 107 105 107 104 102 102 100 103 101 103 104 105 103 100 98 94 90 95 98 94 89 89 88 91 86 87 83 81 81 81 80 80 80 79 80 80 80 80 80 80 80 80 80 81 80
108 108 108 109 109 107 109 108 109 110 109 108 109 110 110 110 110 109 108 108 108 107 107 108 108 107 108 108 108 111 112 112 112 112 112 112 112 110 107 105 98 97 103 105 103 104 104 103 101 98 100 102 103 106 104 106 104 98 94 93 89 90 94 90 88 94 87 85 83 82 83 81 80 80 80 79 79 79 79 79 80 80 80 80 79 80 80 80 80
109 108 108 108 108 107 108 109 109 109 110 109 110 110 110 110 110 110 109 107 107 107 107 108 107 107 107 108 109 109 110 111 111 111 111 112 112 112 109 105 101 104 102 102 103 101 102 103 102 101 102 105 106 107 107 108 105 103 97 99 92 91 94 89 98 94 90 87 85 83 82 80 80 80 80 80 79 80 80 80 80 80 80 79 79 80 80 80 79
108 108 108 108 108 108 108 109 109 110 109 109 109 109 110 110 110 110 109 108 107 107 107 107 107 108 108 109 108 108 108 110 112 111 113 113 112 110 112 110 106 108 104 101 103 100 103 103 105 107 105 106 108 108 109 106 105 106 104 102 97 95 97 95 98 94 92 91 90 85 82 81 80 80 80 80 80 81 81 80 79 80 80 80 79 79 79 79 79
109 108 108 108 108 108 108 109 109 110 109 108 109 110 110 108 109 109 109 108 107 107 107 107 108 108 107 108 108 108 108 109 110 111 113 112 113 109 110 111 108 107 105 108 108 106 109 109 110 111 107 107 109 109 111 110 111 108 107 107 102 102 102 102 98 96 100 95 90 90 83 82 80 81 82 81 80 81 83 80 79 80 80 80 80 80 79 79 79
110 108 108 109 109 109 108 109 109 108 108 108 109 108 108 108 109 108 107 107 107 107 107 107 107 107 108 108 108 108 109 108 110 112 112 113 111 110 107 109 111 113 112 113 113 112 112 112 113 112 109 105 107 109 110 113 113 112 111 109 108 106 106 102 98 102 102 92 86 83 83 82 81 81 83 82 82 83 83 81 80 80 81 80 80 80 79 79 79
109 109 110 109 109 108 109 109 109 108 108 108 109 108 108 108 108 108 107 107 107 108 107 107 108 108 108 107 108 108 108 108 109 110 112 113 113 110 108 108 111 113 113 113 113 113 114 114 114 111 107 107 109 112 113 113 110 108 110 109 107 108 99 97 103 96 93 92 86 82 82 82 82 81 84 86 84 86 82 80 80 80 81 81 80 80 79 79 79
108 108 109 108 108 109 109 109 108 109 109 109 108 108 108 108 108 108 108 108 107 108 107 108 107 108 108 108 108 107 108 109 108 109 111 113 113 113 113 111 111 113 113 113 113 114 113 113 114 112 109 108 111 113 114 113 113 111 112 111 107 103 100 100 105 96 87 86 84 82 82 83 85 84 87 90 90 85 81 80 80 80 83 82 81 80 80 79 79
109 109 109 109 109 109 108 108 109 109 110 108 108 108 108 108 108 108 108 108 108 107 108 107 108 108 108 108 108 107 107 108 108 108 110 113 112 113 114 114 114 114 114 113 111 112 112 114 114 113 113 114 112 114 114 114 113 114 114 114 111 109 108 107 106 95 89 90 83 82 82 83 85 87 90 94 95 84 83 81 81 82 84 83 80 80 80 79 79
109 109 109 109 109 109 109 108 109 109 109 108 108 108 108 108 108 108 108 108 108 108 108 108 108 108 108 108 107 108 108 108 108 108 109 110 112 111 113 114 114 114 112 114 111 114 114 114 114 114 114 114 115 114 115 114 115 115 115 112 113 113 109 106 105 96 97 92 86 82 83 82 83 85 91 96 90 86 86 82 82 84 85 82 80 80 79 79 79
