worldclim/bio2_cr.asc
ncols        411
nrows        382
xllcorner    -85.979072453958
yllcorner    8.036441368777
cellsize     0.008333330000
NODATA_value  -9999
[rows 120 to 159 of 382, columns 178 to 266 of 411]
98 98 98 97 97 96 95 94 92 92 90 89 88 87 86 86 85 85 85 88 90 93 93 94 94 92 91 90 86 84 80 78 79 84 87 89 91 92 93 93 93 92 92 91 91 90 89 89 90 91 92 94 93 93 93 93 94 94 94 93 93 93 92 92 92 92 91 91 91 91 91 91 90 91 91 90 90 90 90 90 90 90 90 90 90 89 89 89 89
98 98 98 98 97 97 95 95 93 92 91 90 86 86 85 85 86 85 86 91 92 92 93 93 93 91 90 89 85 82 80 79 80 81 82 82 89 90 92 93 93 92 91 91 90 89 89 88 89 92 93 93 93 90 91 93 93 94 94 93 93 93 92 92 92 92 92 91 91 91 91 91 91 91 91 90 91 90 90 90 90 90 90 90 90 90 89 89 90
98 98 98 98 97 97 96 95 93 93 91 91 89 87 85 85 86 85 86 88 91 87 91 90 89 89 89 84 81 82 80 79 79 80 81 83 87 89 91 92 92 92 91 90 89 87 87 87 92 92 93 93 90 89 88 93 93 94 94 94 94 93 93 92 92 92 92 91 91 91 91 91 91 91 91 91 91 91 90 90 90 90 90 90 90 90 90 90 89
98 98 98 98 97 96 97 95 95 94 93 92 90 89 89 88 87 86 86 88 88 88 92 88 86 85 84 84 80 79 79 78 79 79 81 83 86 88 90 91 91 90 90 89 88 87 85 90 92 91 92 92 90 87 90 93 94 94 94 94 94 93 93 93 93 92 92 92 92 92 92 91 91 91 91 91 91 91 91 91 90 90 90 90 90 90 90 90 90
98 98 98 98 98 97 96 96 95 94 93 92 93 91 91 88 89 86 86 87 87 87 87 87 88 87 84 82 80 79 79 78 78 79 81 84 86 88 89 90 90 90 89 89 87 85 83 86 90 89 92 92 90 87 92 92 93 94 94 94 94 93 93 93 92 92 92 92 92 92 92 91 91 91 91 91 91 91 91 91 91 90 90 90 90 90 90 90 90
98 98 98 98 97 97 97 96 95 95 94 93 93 92 91 91 89 89 87 86 86 89 91 90 89 87 87 84 81 79 79 79 79 80 82 85 86 88 89 89 89 88 88 87 85 82 79 83 88 88 90 91 90 90 93 93 94 94 95 94 94 94 94 93 93 92 92 93 93 92 92 92 92 92 92 91 91 91 91 91 91 91 91 90 90 90 90 90 90
98 98 98 98 98 97 97 97 96 95 94 94 94 93 93 92 91 91 91 90 91 93 92 91 91 90 89 88 85 82 80 80 81 82 85 86 87 87 88 87 88 86 85 85 82 78 78 79 80 83 86 90 93 93 94 95 95 95 95 95 95 94 93 94 94 93 93 93 93 93 92 93 93 92 93 92 92 91 91 91 91 91 91 90 90 91 90 90 90
98 98 98 98 98 97 98 96 96 95 95 94 94 93 94 93 93 93 92 93 93 94 93 93 93 92 91 90 89 86 84 83 82 85 88 88 89 88 88 86 85 83 81 80 78 78 78 78 78 83 90 92 93 94 94 94 94 94 93 94 94 94 95 95 93 93 93 94 93 93 92 93 93 93 93 93 92 92 91 91 91 91 91 91 91 91 91 91 90
99 99 99 99 99 98 97 97 96 95 95 95 94 95 94 95 95 95 95 95 95 95 94 94 94 94 93 93 92 90 88 88 87 87 90 90 89 90 88 85 83 81 80 78 77 77 77 77 77 80 87 89 92 93 94 90 88 93 93 95 95 95 95 95 94 93 94 94 94 94 93 94 93 93 94 93 93 93 92 92 91 91 91 91 91 91 91 91 91
99 99 99 99 99 99 98 97 97 96 96 96 96 96 96 96 96 96 96 96 96 96 95 95 95 95 95 95 94 92 92 91 91 91 91 91 91 89 87 86 82 80 78 78 77 77 76 77 77 78 84 88 90 91 93 83 85 94 94 95 95 95 95 95 94 94 95 95 94 94 93 94 94 94 94 94 94 93 93 92 92 92 91 92 92 91 91 91 91
100 100 100 99 99 99 99 98 98 97 97 97 97 96 96 97 97 97 96 97 96 96 95 96 96 96 95 95 95 94 94 93 93 93 93 92 92 90 89 86 83 81 78 78 77 77 77 76 77 79 82 86 86 85 92 86 90 93 94 94 96 95 95 95 95 94 94 95 94 94 95 94 94 94 94 94 94 94 93 93 92 92 92 92 92 92 92 92 92
100 100 100 99 99 99 99 99 98 98 98 98 98 99 98 98 98 98 98 97 97 97 97 97 97 96 96 96 96 95 95 94 94 94 94 93 93 92 90 88 86 83 79 78 77 77 77 77 77 78 80 82 81 79 85 91 91 92 94 95 96 96 95 95 95 95 95 95 95 95 95 94 94 94 94 94 94 94 94 94 93 92 93 93 93 92 93 93 93
100 100 100 100 100 100 99 99 99 99 99 99 99 99 99 99 98 99 99 98 98 98 98 98 98 97 97 97 96 96 96 95 95 95 95 94 94 93 92 91 89 86 82 80 78 78 78 78 78 79 79 79 79 82 91 93 94 93 94 95 96 96 96 95 96 95 95 95 95 94 94 95 94 94 94 94 94 94 94 94 94 93 93 93 93 93 93 93 93
101 100 100 100 100 100 100 100 99 99 99 99 100 100 100 100 100 100 99 99 99 99 98 98 98 98 98 97 97 97 96 96 96 96 95 95 95 95 93 93 92 89 88 84 81 81 81 80 79 80 80 80 81 87 89 90 93 95 95 96 96 96 96 96 96 95 95 95 95 94 94 95 95 94 94 94 94 94 94 94 94 93 94 94 94 93 94 93 93
101 100 100 100 100 100 100 100 100 100 99 100 100 100 100 100 100 100 100 100 100 100 99 99 99 99 98 98 98 97 97 97 97 96 96 95 95 95 95 94 93 91 90 87 86 85 83 81 81 81 82 81 86 89 93 93 94 94 96 96 96 95 95 96 96 95 96 95 95 94 94 95 95 94 94 94 94 94 94 94 94 94 94 94 94 94 94 93 94
101 100 101 101 100 100 100 101 101 100 98 99 101 101 100 101 101 101 101 101 100 100 100 100 99 99 99 99 98 98 98 98 97 97 96 96 96 96 95 95 94 93 93 92 90 88 86 85 84 83 83 86 90 92 94 95 95 95 95 95 96 95 95 96 96 95 96 96 94 94 94 94 94 95 94 93 94 94 95 94 94 94 94 94 94 94 94 94 94
100 101 101 101 100 99 101 101 101 101 100 100 101 101 101 101 102 101 101 101 101 101 100 100 100 100 100 99 99 98 98 98 97 97 97 97 97 96 96 95 95 95 94 94 92 91 89 89 88 87 83 81 90 92 95 95 96 96 95 95 95 95 96 97 96 95 95 96 95 94 94 94 94 95 94 93 93 94 93 94 95 94 94 94 94 94 93 94 94
101 101 101 101 101 100 101 101 101 101 100 101 101 101 102 102 102 102 102 101 101 101 101 101 100 100 100 100 99 99 99 98 98 97 97 97 97 97 96 96 96 96 95 95 95 94 92 90 89 88 87 87 84 91 94 94 91 94 95 92 95 96 97 96 96 95 95 95 95 96 94 94 94 93 94 93 93 93 94 94 95 94 94 94 94 93 94 93 92
101 101 101 101 100 101 101 101 101 102 101 100 100 101 102 102 102 102 102 102 102 101 102 101 101 101 101 100 99 99 99 98 99 98 98 97 97 97 97 97 96 96 96 96 95 95 93 92 92 90 90 90 89 85 90 88 90 92 95 96 96 96 97 96 96 96 95 95 94 95 95 95 94 93 92 91 90 92 94 95 95 95 93 92 93 92 88 82 85
101 101 101 101 101 101 102 101 102 102 102 100 102 102 102 103 102 103 102 103 102 102 103 102 102 101 101 100 100 101 100 100 100 99 98 98 98 97 97 97 97 97 97 96 96 95 94 94 93 93 93 93 91 90 90 88 93 93 95 94 95 96 96 95 95 96 95 95 94 94 94 95 95 94 90 89 86 91 92 95 95 95 90 87 85 88 83 77 77
101 100 100 99 100 101 102 102 102 102 101 102 102 103 103 103 103 103 103 103 103 103 103 103 103 103 102 102 102 101 101 101 100 100 100 99 99 98 98 98 98 98 97 97 96 96 96 95 95 94 94 94 94 93 93 94 95 95 95 95 95 95 96 96 96 95 95 95 95 94 92 94 94 94 93 88 84 85 84 89 94 95 92 78 78 80 74 75 74
100 99 100 99 101 102 102 102 102 102 102 103 103 102 102 102 103 103 103 103 103 103 103 103 104 103 103 102 102 102 102 101 101 100 100 100 100 99 99 99 98 98 98 97 97 96 96 96 96 95 95 95 96 95 95 95 96 96 95 95 96 95 96 96 95 95 95 94 95 92 89 93 93 95 93 90 81 81 81 78 90 94 95 85 74 74 75 75 74
100 99 98 100 101 101 102 102 102 101 101 103 103 103 103 103 103 103 103 102 103 103 103 103 103 104 104 103 103 102 102 102 102 101 101 100 100 100 100 99 99 98 98 98 97 97 97 97 96 96 96 96 96 96 96 96 96 96 96 96 96 96 96 95 95 94 94 93 93 93 82 82 89 94 90 85 80 78 75 75 76 90 94 86 75 75 75 75 75
101 101 99 100 100 101 101 101 101 103 103 103 103 103 103 102 102 102 103 103 103 103 103 103 103 104 104 104 104 103 103 102 102 101 101 101 101 100 100 100 100 99 98 98 98 97 97 97 97 97 96 97 97 97 96 97 96 96 96 96 96 96 95 95 95 94 91 86 87 89 91 81 89 94 91 80 76 75 75 75 83 92 94 76 75 75 75 75 75
101 100 99 99 100 101 100 100 102 103 104 103 104 103 103 103 103 103 103 103 103 103 103 104 104 104 104 104 104 103 103 103 103 102 102 102 101 101 101 100 100 99 99 99 98 98 98 97 97 97 97 97 97 97 97 97 97 96 96 96 96 95 95 94 93 91 89 83 82 87 87 85 84 89 88 76 75 75 75 75 83 89 81 75 75 75 75 75 75
103 102 101 100 100 102 102 102 103 104 104 104 103 103 103 103 103 102 103 103 103 103 103 103 104 104 104 104 104 104 104 104 103 103 103 102 102 102 101 101 100 100 100 99 99 98 98 98 98 97 98 97 97 97 97 97 97 97 97 97 96 96 95 94 92 88 85 79 84 82 78 78 76 82 80 76 75 75 75 75 79 83 75 75 75 75 75 75 75
104 104 102 102 101 102 103 103 104 104 104 104 104 103 103 103 102 102 103 103 103 103 103 104 104 104 104 104 104 104 104 104 104 103 103 103 102 102 101 101 101 100 100 99 99 99 98 98 98 98 98 98 97 97 97 97 97 97 97 97 96 96 95 93 91 84 78 77 79 77 76 76 75 76 76 75 75 75 75 75 75 75 75 75 75 75 75 75 75
103 104 103 103 102 103 104 104 104 104 104 104 103 104 103 103 103 102 103 103 103 103 103 104 104 104 105 105 104 104 104 104 103 103 103 103 103 102 102 102 101 100 100 99 99 99 99 98 98 98 98 98 98 98 97 97 97 97 97 97 96 95 95 92 89 83 77 76 77 76 76 76 76 76 76 75 76 75 76 76 75 75 75 75 75 75 75 75 77
104 104 104 104 103 103 104 104 104 104 104 104 104 104 104 103 103 102 103 103 103 103 104 104 104 104 104 104 105 105 104 104 104 104 103 103 103 103 102 101 102 101 101 101 100 100 99 99 98 98 98 98 98 98 98 98 97 97 97 97 97 96 95 93 89 82 77 76 76 76 76 76 76 76 76 76 76 76 76 76 76 76 75 75 75 75 74 76 84
103 104 104 105 105 104 104 104 104 104 105 105 104 104 104 103 102 102 103 103 103 103 104 104 104 104 105 104 105 105 104 104 104 104 104 103 103 103 103 102 102 102 101 101 101 100 100 99 99 99 98 98 98 98 98 98 98 98 98 97 97 96 95 93 90 84 78 77 76 76 76 76 76 76 76 76 76 76 76 76 76 75 75 75 75 75 77 85 90
103 103 104 104 104 105 104 104 104 104 104 105 105 105 104 103 103 103 103 104 103 104 104 104 104 104 105 105 105 105 105 105 105 104 104 104 104 103 103 102 102 102 102 101 101 101 100 100 99 99 98 98 98 98 98 98 98 98 98 98 97 96 96 93 88 84 81 78 76 76 76 76 76 76 76 76 76 76 76 76 76 76 75 75 75 81 89 96 96
103 103 104 104 105 105 105 104 105 105 105 104 104 104 103 103 103 103 103 103 104 103 104 104 104 104 105 105 105 105 105 105 104 104 104 104 104 102 103 102 102 102 102 102 101 100 100 100 99 99 99 99 98 98 98 98 98 98 98 98 97 96 95 93 88 85 79 78 77 76 76 76 76 76 76 76 76 76 76 76 76 75 75 75 80 91 96 96 96
104 105 104 104 105 104 104 104 104 104 104 103 104 103 103 103 102 103 103 103 103 104 104 104 105 105 105 105 105 105 105 105 105 104 104 104 104 104 102 103 102 102 102 101 101 101 100 100 100 99 99 99 99 99 98 98 98 98 98 98 97 97 95 94 89 85 79 78 77 76 76 76 76 76 76 76 76 76 76 76 75 75 75 76 88 94 96 96 96
104 104 103 104 104 104 103 103 103 104 103 102 103 103 103 103 103 103 104 103 104 105 104 104 104 105 105 105 105 105 105 105 105 105 105 104 104 104 103 102 103 102 102 101 101 100 100 100 100 99 99 99 99 99 98 98 99 98 98 98 97 97 96 94 92 86 84 81 78 77 77 76 76 76 76 76 76 76 76 75 76 81 81 84 90 95 95 96 97
104 104 104 103 103 104 103 103 103 103 103 103 103 103 103 103 103 104 104 104 104 104 103 104 104 104 104 105 104 105 105 105 105 105 105 104 104 104 103 102 102 102 102 102 101 101 100 100 100 100 99 99 99 99 99 99 99 98 98 98 98 97 97 95 92 91 87 84 82 80 79 78 77 76 76 76 76 76 76 76 81 86 91 93 93 96 96 96 97
103 104 103 103 103 103 103 103 103 103 103 104 103 104 104 103 103 104 103 104 104 104 104 104 106 106 106 105 106 105 105 104 104 103 104 103 103 103 102 100 101 101 101 101 101 101 100 100 100 100 100 99 99 99 99 99 99 99 99 99 98 98 97 96 96 94 89 88 86 84 83 80 77 77 76 76 76 76 78 82 87 92 96 97 97 96 97 96 97
103 103 104 104 104 104 104 104 104 104 104 104 104 104 105 104 104 103 104 104 104 104 104 106 106 105 106 106 106 106 106 104 102 100 101 103 102 102 100 99 100 101 100 100 101 101 101 100 100 100 100 100 100 100 99 100 99 99 99 99 99 99 98 98 98 97 95 92 90 89 88 84 82 80 77 78 81 82 87 87 91 96 97 97 97 97 97 97 98
104 104 104 104 104 104 104 105 106 105 105 105 105 106 106 105 105 105 104 105 105 104 105 104 106 106 105 106 106 106 106 104 101 100 100 101 101 102 101 98 99 100 100 100 100 101 101 101 101 101 100 100 100 100 99 99 100 99 99 99 99 99 99 98 98 98 97 96 94 94 90 89 87 87 87 85 89 89 91 94 96 97 98 98 98 97 98 98 98
105 105 105 104 104 105 105 106 106 106 105 106 106 106 107 106 106 105 105 104 105 106 106 104 105 106 106 105 105 106 106 104 101 99 98 98 101 101 100 97 98 100 100 100 100 100 101 101 101 101 100 100 100 100 100 100 100 100 100 100 99 99 98 98 98 98 98 98 97 96 95 93 92 92 91 93 93 94 96 97 98 98 98 99 99 99 99 99 99
104 105 104 104 104 104 105 106 107 106 106 107 107 106 107 106 107 106 105 105 106 106 106 106 105 105 106 106 104 105 105 105 103 102 100 97 97 99 100 98 94 99 98 99 99 100 100 100 101 101 100 101 100 100 100 100 100 100 99 99 97 97 96 97 97 99 98 99 98 98 98 96 96 95 97 97 97 97 97 98 98 98 99 99 99 99 99 99 99
