worldclim/bio2_cr.asc
ncols        411
nrows        382
xllcorner    -85.979072453958
yllcorner    8.036441368777
cellsize     0.008333330000
NODATA_value  -9999
[rows 200 to 239 of 382, columns 267 to 355 of 411]
81 81 81 80 80 81 82 82 82 84 83 88 84 84 82 81 81 80 80 80 80 80 80 80 79 79 80 81 82 80 79 79 79 78 79 79 80 81 82 84 85 84 86 92 99 101 102 104 104 104 106 106 106 105 102 102 103 104 103 99 91 94 99 101 93 96 100 102 103 102 102 102 100 99 100 100 100 101 100 100 100 99 99 97 97 95 94 93 93
82 83 81 80 81 83 85 87 84 90 88 91 87 83 81 80 82 82 80 80 79 79 80 79 79 79 80 81 80 80 79 79 78 79 79 80 81 81 82 83 86 86 91 95 100 103 104 104 106 107 107 106 106 103 99 99 103 104 102 99 94 90 98 100 98 100 102 101 102 102 102 101 101 101 100 101 101 101 101 100 100 100 99 99 98 96 94 93 93
85 85 82 81 81 82 85 91 91 92 95 97 88 84 81 82 84 84 82 82 80 80 79 79 79 79 80 80 81 80 79 79 79 78 78 79 80 81 81 83 90 94 96 96 101 104 106 107 107 107 106 107 105 104 101 98 100 103 102 99 96 95 99 100 98 100 100 99 101 101 101 100 102 102 101 101 101 101 101 101 100 100 100 99 97 94 94 94 94
92 87 83 81 81 84 88 93 97 99 99 95 91 84 82 83 90 87 88 83 81 81 80 80 79 79 79 80 80 79 79 79 78 78 78 79 80 81 83 84 86 93 98 103 102 102 107 107 104 104 101 105 105 102 100 99 97 99 101 98 96 92 98 97 95 97 95 101 102 102 102 100 102 102 101 102 101 101 101 101 100 100 99 97 96 96 95 95 96
96 91 86 85 84 87 92 96 99 103 100 96 89 85 86 86 91 92 89 85 84 82 81 81 79 79 79 79 79 78 79 79 78 79 79 80 80 81 82 83 84 89 95 96 102 107 103 101 99 99 102 105 106 99 97 98 95 91 97 95 92 93 96 96 92 95 94 101 103 103 103 103 102 102 101 101 100 101 101 100 98 98 97 95 98 98 97 96 95
96 94 93 88 85 90 93 96 98 103 105 97 93 90 91 92 95 92 85 84 85 82 82 82 81 79 79 79 79 78 78 78 78 79 79 81 81 84 81 82 83 87 90 95 100 106 98 96 97 102 105 104 106 102 98 95 93 93 97 93 89 94 94 93 92 94 98 102 103 103 103 103 102 102 101 100 100 99 99 99 100 99 99 100 99 98 97 97 96
102 93 89 87 87 86 91 94 100 105 106 102 98 91 91 97 99 95 90 90 87 82 85 84 81 80 79 79 79 78 78 79 78 79 79 82 83 85 86 85 87 85 91 96 102 107 101 95 99 102 103 102 105 103 101 98 94 90 93 89 88 88 91 89 88 99 99 100 101 102 104 103 102 102 102 102 102 101 101 100 101 101 101 100 99 98 99 98 97
97 91 91 90 94 89 88 93 100 105 107 105 98 89 94 99 101 98 97 94 93 86 90 84 83 83 81 80 79 78 78 78 78 79 79 81 81 82 85 87 90 95 97 97 104 103 101 96 99 101 98 102 104 100 101 101 97 91 89 87 86 87 90 96 99 101 102 101 103 104 103 103 103 103 103 103 102 101 101 102 101 101 101 101 100 100 100 99 98
99 96 99 101 97 98 94 92 93 103 109 106 102 94 94 98 103 99 100 99 96 96 91 89 86 83 81 79 79 79 79 78 79 79 80 80 81 82 83 85 88 95 98 100 105 99 98 95 96 99 95 103 100 96 98 99 97 92 88 87 92 97 94 99 100 101 104 104 105 104 104 103 104 103 103 102 102 102 102 101 102 101 101 101 101 100 100 98 95
99 102 102 102 98 100 100 98 99 107 111 104 97 100 97 97 103 105 104 104 102 98 94 95 84 82 81 80 79 78 78 79 79 79 79 80 80 81 82 84 87 93 93 97 101 96 93 95 98 99 94 101 99 93 94 96 95 88 86 87 92 95 99 102 104 104 104 105 105 104 103 102 103 102 100 102 103 102 102 102 100 101 101 101 101 100 100 99 97
104 106 106 104 102 104 105 102 102 107 111 108 103 103 104 98 104 108 106 104 99 94 89 87 87 84 80 80 79 79 79 79 79 79 80 81 81 81 83 86 89 92 91 92 97 94 89 93 96 97 92 96 99 94 89 92 92 91 85 86 88 91 98 100 102 104 105 105 104 103 100 99 100 99 101 103 103 103 102 101 99 101 101 101 100 100 98 99 100
103 108 109 106 106 108 109 103 102 107 112 111 106 106 105 103 107 109 106 104 101 97 90 86 85 83 81 80 79 79 79 79 79 80 81 82 83 83 84 88 89 91 88 88 90 91 90 93 94 93 89 92 95 94 88 88 87 87 85 85 87 90 94 96 98 102 105 103 104 101 96 95 95 98 102 101 102 101 99 99 101 102 102 101 100 98 100 101 100
104 109 111 108 109 111 108 104 106 109 114 115 107 109 108 112 111 106 105 102 96 93 92 90 86 82 81 80 80 79 79 79 79 80 81 82 84 85 87 90 88 88 86 90 91 89 86 86 91 91 87 87 91 92 89 85 84 84 84 89 92 94 98 100 103 105 104 101 102 98 96 92 89 97 100 98 99 98 98 100 102 102 102 101 100 100 101 101 100
106 111 113 110 109 113 111 109 108 113 114 115 112 113 113 113 107 103 99 95 91 88 86 84 84 82 81 81 80 80 80 80 79 81 81 82 85 86 86 84 85 87 89 90 89 87 87 86 87 85 84 84 84 87 85 83 84 85 87 89 92 94 97 100 103 102 101 100 100 99 97 93 90 94 95 94 94 95 98 101 102 102 102 102 100 101 101 101 100
110 113 115 114 111 115 115 110 111 114 116 116 117 116 113 112 108 104 102 99 97 96 86 84 83 81 81 81 81 80 80 79 80 81 82 84 84 83 83 82 84 87 90 90 88 88 88 88 86 86 85 85 85 84 83 84 86 90 91 92 94 95 100 102 103 99 98 98 99 97 97 94 89 91 88 91 93 96 100 101 103 102 101 100 100 101 101 100 100
113 115 116 113 114 116 117 114 114 116 119 117 117 115 111 109 108 107 105 102 95 92 90 93 86 82 81 81 80 80 81 81 80 81 82 82 81 81 82 83 85 88 90 90 88 88 87 86 86 84 85 86 85 85 84 85 85 89 91 96 97 98 99 101 98 95 94 96 96 95 94 92 88 86 88 89 92 97 102 103 103 103 102 101 101 102 101 99 99
117 118 117 114 116 119 118 118 117 118 120 119 116 114 112 108 106 103 102 101 102 99 98 93 87 84 84 83 81 80 80 83 83 81 81 81 82 82 84 85 88 89 87 90 89 88 88 85 84 83 84 85 85 85 84 85 86 89 93 95 97 97 100 100 97 94 93 92 92 94 92 92 86 87 89 93 97 99 102 103 103 103 103 102 102 102 100 100 101
120 120 121 118 118 121 120 121 120 119 121 119 116 114 111 111 108 106 106 105 105 102 93 86 88 88 84 82 81 81 82 86 82 81 80 82 83 83 86 87 88 87 87 90 89 88 87 85 83 82 83 84 84 83 84 84 86 89 92 93 95 97 99 98 96 93 91 90 89 88 88 89 89 89 91 95 97 103 103 101 101 103 103 103 102 101 101 100 99
123 121 122 122 121 122 121 121 120 121 122 119 115 114 113 111 112 110 110 108 104 96 91 89 92 89 85 82 82 83 84 90 86 82 81 82 84 85 86 87 86 85 87 89 88 88 87 85 83 81 82 82 82 82 83 84 85 88 89 92 95 96 97 97 97 94 92 90 87 85 85 87 92 94 96 97 99 101 99 99 101 103 103 103 102 100 99 98 99
124 122 123 124 124 123 123 122 122 123 123 119 118 118 115 115 114 113 110 108 104 98 98 94 96 92 88 83 83 90 91 93 87 84 82 83 84 83 83 84 84 85 86 88 87 86 86 84 82 82 81 82 81 81 83 84 85 88 90 92 93 95 97 96 96 95 94 92 87 86 84 89 91 94 92 92 94 96 97 100 103 104 103 102 102 99 98 98 100
124 123 124 124 124 125 124 123 123 124 123 123 123 120 117 117 115 114 111 107 108 104 101 98 101 95 91 86 87 90 98 99 90 89 84 82 81 82 82 83 84 86 87 88 85 85 84 82 82 81 82 82 81 81 82 84 87 87 90 93 94 96 96 95 94 93 93 92 88 86 85 88 90 90 89 89 91 93 95 98 101 103 103 100 98 98 99 101 101
124 124 125 125 125 125 125 125 124 124 124 124 123 120 119 118 117 116 113 110 108 102 100 102 103 97 87 88 93 95 103 99 92 89 84 82 81 81 81 82 83 84 85 86 85 84 83 82 82 82 83 85 84 80 82 84 88 90 91 92 94 95 94 93 92 89 90 90 88 86 84 85 86 87 89 91 95 94 94 99 101 103 102 99 96 96 98 101 101
125 125 125 125 125 125 126 125 125 125 124 124 124 121 121 120 119 117 115 112 107 105 102 106 105 95 90 90 91 105 104 99 92 87 87 86 83 82 82 81 82 83 84 85 84 84 82 82 81 83 85 90 87 83 82 84 86 88 89 90 92 94 95 91 92 87 88 89 88 85 83 85 86 87 88 91 95 99 98 100 101 103 100 99 95 96 99 101 100
122 124 124 124 125 125 126 126 125 125 124 124 124 123 121 121 120 118 117 114 108 108 106 109 108 103 97 95 104 107 102 96 97 94 90 86 82 84 84 83 83 82 84 84 83 83 83 81 82 83 84 91 92 88 87 84 85 86 88 90 92 94 94 94 92 91 89 87 85 85 85 88 89 90 91 93 97 100 101 102 103 101 101 98 93 96 99 100 98
124 126 124 126 125 126 126 126 124 124 124 124 124 123 123 122 121 119 121 117 114 112 114 111 106 103 104 99 105 110 105 104 100 91 86 85 84 91 89 84 85 83 83 82 83 83 83 83 84 85 89 93 98 96 90 86 89 85 87 90 91 92 91 92 92 91 89 86 83 84 88 89 92 93 95 95 96 98 99 101 99 96 97 96 90 94 98 98 96
121 123 124 126 126 126 126 125 125 124 124 123 124 124 123 123 122 122 120 118 116 115 115 109 110 106 108 107 106 112 109 102 98 93 93 94 89 93 92 92 87 83 83 85 86 85 87 89 85 89 95 98 102 97 93 90 93 90 92 91 90 89 89 90 91 90 88 85 82 84 87 88 90 90 91 96 97 100 101 100 97 93 92 95 91 93 96 96 94
118 123 126 124 125 126 126 125 125 124 123 123 123 124 124 123 123 122 121 119 117 117 116 114 113 108 110 113 114 112 108 98 100 98 100 97 93 95 98 94 88 85 86 90 92 90 92 90 87 89 97 102 104 101 100 96 99 93 96 97 94 90 87 88 88 86 85 84 82 82 84 85 86 88 91 93 96 98 99 97 92 91 92 94 90 92 93 92 92
122 121 124 126 124 123 126 125 125 124 124 123 123 123 123 123 123 122 121 120 119 119 119 118 116 115 113 116 115 110 108 104 105 103 103 99 94 101 101 94 92 92 91 92 97 93 96 95 91 94 93 97 104 107 103 104 100 98 102 98 93 92 88 85 84 85 85 83 82 82 83 85 87 89 93 95 97 95 98 97 92 89 92 91 90 92 92 89 90
123 124 125 125 125 123 126 125 125 124 123 123 122 122 122 123 123 123 122 121 121 121 121 120 120 118 113 118 116 114 110 108 108 108 106 102 99 103 103 100 98 97 95 98 98 98 100 101 98 99 97 99 107 109 107 106 102 103 101 96 100 96 92 88 87 87 88 84 85 83 83 86 88 90 93 92 91 94 97 96 95 90 90 89 89 90 90 86 88
124 125 125 126 124 125 126 126 124 125 123 122 122 122 122 123 123 123 123 122 122 122 121 121 121 120 119 120 119 117 115 113 112 111 109 105 106 107 107 100 101 99 95 100 104 101 103 101 99 103 103 104 107 109 110 104 104 106 104 98 100 99 96 91 90 93 93 90 88 85 83 84 86 87 90 89 92 95 95 94 96 94 92 91 87 89 88 86 86
123 121 125 125 126 124 126 125 125 124 123 122 122 122 122 122 122 123 123 123 122 122 121 121 121 121 120 120 120 119 118 116 115 114 112 111 111 109 105 102 104 103 99 101 105 104 105 102 102 105 107 108 109 111 111 108 109 108 104 103 105 104 100 96 95 97 97 97 92 87 85 84 84 86 86 87 92 93 93 91 93 92 92 90 87 85 86 84 84
117 121 121 122 125 125 124 125 125 125 124 122 121 122 122 122 123 123 122 122 122 122 121 121 121 121 121 120 120 120 119 118 117 115 115 114 112 109 107 107 107 109 105 103 107 109 105 101 105 106 109 110 110 112 112 109 111 109 107 110 107 104 100 97 100 101 101 102 94 90 88 87 84 84 83 88 90 91 93 89 91 90 90 88 87 83 83 82 82
115 118 118 120 124 125 125 124 125 125 124 124 123 121 121 123 123 123 122 122 122 122 121 120 121 121 121 120 120 120 120 119 118 117 118 115 113 113 111 110 110 110 105 103 106 110 105 102 105 109 110 111 112 113 112 112 111 111 111 108 104 102 100 98 100 103 103 102 99 95 92 87 86 83 84 86 87 89 89 88 88 88 88 85 84 82 81 81 81
114 116 117 120 122 124 125 125 123 124 124 123 125 122 121 123 123 123 122 122 121 121 120 120 120 121 121 121 120 120 120 119 119 118 118 118 116 116 115 112 112 113 108 106 108 111 107 104 108 111 111 112 113 112 113 113 113 112 109 106 104 100 98 100 101 105 104 98 96 93 89 86 85 84 85 86 87 88 87 86 85 84 85 83 81 80 80 81 82
116 118 118 118 119 122 123 124 125 123 122 122 121 122 120 123 123 123 122 122 121 121 120 120 120 120 121 121 120 119 120 119 119 119 119 118 118 118 116 114 115 113 110 111 113 113 109 105 109 112 113 112 113 114 113 113 113 112 111 108 104 102 99 102 103 104 105 99 96 95 91 90 88 87 89 90 88 84 86 85 85 84 83 82 81 81 81 82 82
120 122 123 122 125 124 121 122 124 125 125 124 123 122 121 121 121 120 120 120 120 120 119 120 120 120 120 120 120 119 120 119 119 119 119 119 118 118 118 117 117 115 112 112 114 113 110 111 110 113 114 113 113 114 113 113 113 111 110 109 106 102 98 102 105 107 107 102 103 99 95 92 93 91 93 92 89 86 85 84 83 83 82 82 81 82 82 83 85
125 125 125 125 123 124 125 125 125 124 124 125 124 124 122 123 122 120 120 121 119 119 120 121 121 120 120 120 119 119 119 119 119 119 119 118 118 118 118 117 117 116 114 115 116 114 111 112 113 114 114 114 114 114 113 113 112 111 110 108 105 102 100 104 107 109 108 105 104 103 95 96 96 96 95 91 88 87 87 86 83 83 83 83 82 82 83 84 86
124 124 120 125 120 120 123 123 123 123 123 123 124 124 124 123 122 122 123 123 121 119 120 121 120 119 120 120 118 119 119 118 118 118 118 118 117 117 118 118 117 117 117 116 116 115 112 112 114 115 115 114 114 114 113 113 112 112 111 108 107 105 104 102 107 109 108 105 103 99 95 99 102 100 97 95 93 90 88 85 84 83 84 84 84 84 85 86 87
124 118 120 125 121 118 117 120 122 120 120 123 123 123 124 123 123 123 123 123 122 120 118 119 117 119 120 120 118 119 118 118 118 118 117 117 117 117 117 117 117 117 117 116 116 116 115 113 115 115 115 114 114 113 114 113 113 112 110 109 109 110 107 106 108 109 110 108 106 103 98 100 100 92 91 90 90 91 88 86 84 84 84 84 84 85 84 86 88
120 117 121 125 122 117 117 118 120 121 119 122 122 123 123 123 123 123 123 123 123 121 120 117 119 117 119 119 119 119 118 117 118 118 117 117 117 117 117 117 117 117 117 117 117 116 116 115 115 115 115 114 114 114 114 113 113 112 111 111 111 111 109 108 109 110 110 108 107 105 105 104 99 95 96 94 91 89 86 84 83 83 84 84 85 84 84 87 89
