worldclim/bio4_cr.asc
ncols        411
nrows        382
xllcorner    -85.979072453958
yllcorner    8.036441368777
cellsize     0.008333330000
NODATA_value  -9999
[rows 114 to 151 of 382, columns 0 to 85 of 411]
-9999 -9999 -9999 -9999 -9999 -9999 -9999 -9999 -9999 -9999 -9999 -9999 -9999 -9999 -9999 844 819 835 862 855 837 819 832 809 824 809 823 837 838 841 824 816 847 833 792 807 839 857 818 842 859 851 842 844 851 882 882 887 866 871 871 833 828 835 819 854 849 820 800 821 807 815 815 823 816 799 791 780 780 790 755 765 778 780 774 747 758 740 755 764 756 751 762 -9999 -9999 -9999
-9999 -9999 -9999 -9999 -9999 -9999 -9999 -9999 -9999 -9999 -9999 -9999 -9999 -9999 -9999 854 822 813 830 807 837 816 808 797 817 829 772 789 790 799 811 853 835 852 798 827 815 831 867 822 839 853 795 810 838 855 858 864 856 857 862 861 844 856 803 776 807 846 811 848 817 827 818 800 780 811 804 794 780 774 790 773 795 787 786 752 772 757 747 753 761 754 752 744 754 -9999
-9999 -9999 -9999 -9999 -9999 -9999 -9999 -9999 -9999 -9999 -9999 -9999 -9999 -9999 -9999 -9999 852 805 830 804 821 835 815 830 830 791 802 803 809 840 822 868 830 812 833 822 834 833 822 809 825 837 766 799 841 863 876 880 867 884 872 843 852 859 819 783 764 789 817 805 816 841 814 822 824 814 806 800 792 774 780 790 775 800 783 752 772 763 752 743 751 773 752 758 750 723
-9999 -9999 -9999 -9999 -9999 -9999 -9999 -9999 -9999 -9999 -9999 -9999 -9999 -9999 -9999 -9999 847 830 844 810 847 824 824 802 798 798 804 820 820 822 843 815 837 815 852 830 824 811 810 797 771 770 778 854 861 871 863 839 852 862 841 872 837 817 819 797 741 751 801 765 819 818 817 822 793 801 787 741 790 799 776 774 778 796 783 795 745 743 775 752 773 779 775 755 744 735
-9999 -9999 -9999 -9999 -9999 -9999 -9999 -9999 -9999 -9999 -9999 -9999 -9999 -9999 -9999 -9999 -9999 814 843 809 835 797 806 790 793 857 856 820 858 820 829 835 821 814 848 799 777 762 759 779 750 753 788 852 859 884 876 854 833 865 845 866 830 833 796 761 717 741 765 765 803 821 801 841 812 790 790 741 797 803 801 776 746 759 777 757 746 760 762 738 744 755 794 789 756 754
-9999 -9999 -9999 -9999 -9999 -9999 -9999 -9999 -9999 -9999 -9999 -9999 -9999 -9999 -9999 -9999 -9999 819 821 821 821 809 793 803 782 850 845 845 856 832 831 820 785 851 775 752 798 783 808 783 755 798 818 822 840 853 852 792 841 827 848 827 818 816 830 798 821 765 810 725 811 805 805 828 828 814 839 733 799 767 776 794 771 756 703 697 792 735 736 761 735 753 733 728 782 780
-9999 -9999 -9999 -9999 -9999 -9999 -9999 -9999 -9999 -9999 -9999 -9999 -9999 -9999 -9999 -9999 -9999 824 835 826 799 828 812 799 803 834 864 846 831 811 772 780 782 752 793 770 778 754 766 744 777 817 848 870 844 836 881 866 873 866 827 841 800 765 782 826 823 820 780 791 761 787 750 808 808 823 828 795 752 812 787 783 753 759 791 750 784 800 757 754 755 761 723 726 756 762
-9999 -9999 -9999 -9999 -9999 -9999 -9999 -9999 -9999 -9999 -9999 -9999 -9999 -9999 -9999 -9999 -9999 813 847 853 846 832 859 843 802 864 815 850 862 824 791 788 779 787 784 794 770 771 808 789 776 858 870 849 865 823 805 866 828 861 833 787 768 733 798 791 806 825 813 799 795 752 736 769 821 793 829 800 786 793 807 764 799 768 755 779 701 767 771 751 755 745 729 754 789 773
-9999 -9999 -9999 -9999 -9999 -9999 -9999 -9999 -9999 -9999 -9999 -9999 -9999 -9999 -9999 -9999 -9999 -9999 805 821 843 853 817 843 845 815 817 860 826 825 784 750 771 740 750 778 800 750 817 812 841 805 811 741 778 863 798 775 817 833 766 792 824 741 765 775 791 828 799 806 762 798 779 785 797 815 795 801 811 787 785 792 807 753 701 725 745 743 741 779 736 710 728 768 748 751
-9999 -9999 -9999 -9999 -9999 -9999 -9999 -9999 -9999 -9999 -9999 -9999 -9999 -9999 -9999 -9999 -9999 -9999 815 839 817 821 821 817 817 806 822 831 828 829 831 780 777 770 748 759 762 775 771 857 817 799 784 775 839 824 776 743 850 789 771 748 820 733 747 755 805 782 828 828 800 786 803 788 795 805 800 820 788 793 792 765 771 727 717 777 760 770 777 759 768 760 760 747 767 755
-9999 -9999 -9999 -9999 -9999 -9999 -9999 -9999 -9999 -9999 -9999 -9999 -9999 -9999 -9999 -9999 -9999 -9999 -9999 847 838 839 806 866 813 820 816 805 799 792 786 770 778 812 791 779 786 784 777 798 787 760 724 754 815 827 769 766 755 777 715 738 735 725 749 749 754 774 797 803 809 808 762 812 760 793 792 813 785 779 798 789 771 759 751 790 808 818 754 733 754 764 749 747 757 761
-9999 -9999 -9999 -9999 -9999 -9999 -9999 -9999 -9999 -9999 -9999 -9999 -9999 -9999 -9999 -9999 -9999 -9999 -9999 -9999 842 850 829 847 857 844 812 814 801 848 797 789 821 848 845 817 776 769 741 799 799 710 710 778 776 794 821 783 715 708 727 695 706 739 706 728 750 795 783 827 810 839 812 798 784 803 784 806 790 812 775 758 778 718 727 798 775 808 767 800 775 751 759 737 714 795
-9999 -9999 -9999 -9999 -9999 -9999 -9999 -9999 -9999 -9999 -9999 -9999 -9999 -9999 -9999 -9999 -9999 -9999 -9999 -9999 850 825 842 843 820 839 821 850 801 821 831 848 844 843 835 807 794 789 702 805 762 705 751 769 762 853 782 785 735 708 734 692 748 710 698 743 787 733 731 787 818 831 840 828 764 783 775 744 805 785 775 825 763 755 710 764 784 780 787 791 763 770 743 723 765 766
-9999 -9999 -9999 -9999 -9999 -9999 -9999 -9999 -9999 -9999 -9999 -9999 -9999 -9999 -9999 -9999 -9999 -9999 -9999 -9999 842 847 825 816 841 820 827 817 845 812 823 823 842 808 812 792 841 768 719 768 759 712 710 797 755 815 838 756 726 719 710 720 729 734 727 754 781 772 732 753 809 829 825 836 815 798 779 714 754 803 800 793 795 778 788 782 782 792 803 784 764 747 699 762 783 786
-9999 -9999 -9999 -9999 -9999 -9999 -9999 -9999 -9999 -9999 -9999 -9999 -9999 -9999 -9999 -9999 -9999 -9999 -9999 -9999 -9999 825 842 852 846 841 838 850 804 826 838 830 846 839 807 823 753 771 748 737 732 715 772 771 808 843 764 774 732 710 739 737 779 741 758 757 786 748 745 769 770 841 804 830 809 813 768 773 767 744 759 764 782 806 781 784 772 798 779 795 771 764 755 761 766 791
-9999 -9999 -9999 -9999 -9999 -9999 -9999 -9999 -9999 -9999 -9999 -9999 -9999 -9999 -9999 -9999 -9999 -9999 -9999 -9999 -9999 825 842 830 835 814 828 830 833 859 817 834 839 836 832 778 792 737 757 753 693 686 760 762 769 783 717 706 737 755 739 773 769 774 751 758 772 754 757 747 792 810 827 811 815 796 813 753 803 770 741 760 754 766 805 766 781 793 801 753 758 737 746 775 775 775
-9999 -9999 -9999 -9999 -9999 -9999 -9999 -9999 -9999 -9999 -9999 -9999 -9999 -9999 -9999 -9999 -9999 -9999 -9999 -9999 -9999 -9999 816 814 837 826 848 831 826 835 823 840 839 839 813 815 814 748 772 720 730 709 769 699 781 715 737 722 752 753 746 736 806 789 803 818 783 722 812 792 777 814 769 791 820 829 800 789 789 763 774 725 766 765 779 768 788 781 788 792 769 741 770 763 775 775
-9999 -9999 -9999 -9999 -9999 -9999 -9999 -9999 -9999 -9999 -9999 -9999 -9999 -9999 -9999 -9999 -9999 -9999 -9999 -9999 -9999 -9999 807 852 838 844 805 805 856 834 840 827 830 814 815 824 809 780 772 730 733 703 697 711 741 739 723 733 753 786 798 762 769 786 753 820 771 787 791 748 770 784 803 826 789 784 812 811 802 778 788 784 775 764 770 787 765 781 781 764 789 760 743 764 772 765
-9999 -9999 -9999 -9999 -9999 -9999 -9999 -9999 -9999 -9999 -9999 -9999 -9999 -9999 -9999 -9999 -9999 -9999 -9999 -9999 -9999 -9999 835 823 827 837 820 833 831 835 807 815 813 798 793 761 750 696 738 717 733 715 706 695 694 693 724 780 790 763 772 773 842 778 752 815 810 758 755 748 785 813 821 806 798 793 798 784 815 773 790 795 788 778 796 765 790 771 772 766 788 792 754 750 764 764
-9999 -9999 -9999 -9999 -9999 -9999 -9999 -9999 -9999 -9999 -9999 -9999 -9999 -9999 -9999 -9999 -9999 -9999 -9999 -9999 -9999 -9999 840 830 826 827 833 816 828 828 835 825 832 813 759 758 783 689 770 748 770 710 736 723 695 717 739 700 764 759 809 765 823 823 818 820 774 758 790 746 774 830 806 813 801 785 766 764 784 818 803 797 799 772 770 772 772 768 770 778 766 773 753 752 743 786
-9999 -9999 -9999 -9999 -9999 -9999 -9999 -9999 -9999 -9999 -9999 -9999 -9999 -9999 -9999 -9999 -9999 -9999 -9999 -9999 -9999 -9999 -9999 840 834 826 824 827 805 838 832 813 836 789 761 776 762 777 763 788 752 726 738 783 768 741 716 692 741 731 819 823 818 800 818 781 770 729 817 820 813 800 813 799 738 735 765 724 778 805 769 798 789 791 750 730 742 723 692 727 754 768 766 743 764 756
-9999 -9999 -9999 -9999 -9999 -9999 -9999 -9999 -9999 -9999 -9999 -9999 -9999 -9999 -9999 -9999 -9999 -9999 -9999 -9999 -9999 -9999 -9999 -9999 821 815 806 832 832 822 839 797 832 834 775 780 800 799 824 792 774 781 740 754 760 753 720 729 756 735 755 795 820 829 828 785 771 778 817 828 830 800 796 772 753 740 777 773 793 790 747 779 795 799 758 776 765 753 728 740 733 743 766 789 780 760
-9999 -9999 -9999 -9999 -9999 -9999 -9999 -9999 -9999 -9999 -9999 -9999 -9999 -9999 -9999 -9999 -9999 -9999 -9999 -9999 -9999 -9999 -9999 -9999 857 847 826 836 826 834 839 841 845 834 818 829 826 819 778 771 779 784 744 776 761 791 742 719 758 821 844 802 830 820 771 799 761 829 810 835 823 807 774 788 744 724 725 731 771 735 763 782 795 789 772 787 772 766 768 763 739 748 753 776 784 749
-9999 -9999 -9999 -9999 -9999 -9999 -9999 -9999 -9999 -9999 -9999 -9999 -9999 -9999 -9999 -9999 -9999 -9999 -9999 -9999 -9999 -9999 -9999 -9999 -9999 821 825 826 838 847 822 835 843 830 833 837 787 799 758 787 792 782 755 785 796 761 779 727 741 769 823 821 828 782 771 803 828 810 787 798 809 778 766 732 739 768 718 722 753 795 791 806 802 766 775 786 797 788 772 787 794 768 773 778 759 754
-9999 -9999 -9999 -9999 -9999 -9999 -9999 -9999 -9999 -9999 -9999 -9999 -9999 -9999 -9999 -9999 -9999 -9999 -9999 -9999 -9999 -9999 -9999 -9999 -9999 -9999 850 825 808 843 828 825 853 822 821 809 829 836 795 769 769 806 806 790 827 769 743 762 719 783 793 828 803 756 782 791 813 805 821 805 786 782 778 730 758 724 771 768 751 778 771 793 764 758 759 783 758 762 777 771 780 791 771 783 765 759
-9999 -9999 -9999 -9999 -9999 -9999 -9999 -9999 -9999 -9999 -9999 -9999 -9999 -9999 -9999 -9999 -9999 -9999 -9999 -9999 -9999 -9999 -9999 -9999 -9999 -9999 -9999 815 827 838 831 836 839 813 820 810 787 784 771 775 774 813 816 822 819 766 729 786 741 777 832 814 811 824 814 809 816 820 797 781 788 786 750 725 742 787 724 704 753 751 766 768 762 731 739 760 770 765 766 775 735 775 788 757 788 759
-9999 -9999 -9999 -9999 -9999 -9999 -9999 -9999 -9999 -9999 -9999 -9999 -9999 -9999 -9999 -9999 -9999 -9999 -9999 -9999 -9999 -9999 -9999 -9999 -9999 -9999 -9999 827 832 834 855 813 830 818 824 811 826 792 771 806 757 811 792 761 773 747 781 811 750 767 800 848 811 802 805 789 823 813 777 729 773 791 799 746 769 787 781 713 766 757 754 741 766 758 759 737 742 753 783 727 746 780 780 757 760 795
-9999 -9999 -9999 -9999 -9999 -9999 -9999 -9999 -9999 -9999 -9999 -9999 -9999 -9999 -9999 -9999 -9999 -9999 -9999 -9999 -9999 -9999 -9999 -9999 -9999 -9999 -9999 -9999 827 824 825 820 820 802 813 808 803 823 812 782 800 802 808 755 753 779 823 824 772 743 791 815 787 794 822 833 808 823 794 780 787 778 785 802 780 725 767 797 735 729 744 710 743 780 736 744 728 748 751 770 730 763 754 780 773 752
-9999 -9999 -9999 -9999 -9999 -9999 -9999 -9999 -9999 -9999 -9999 -9999 -9999 -9999 -9999 -9999 -9999 -9999 -9999 -9999 -9999 -9999 -9999 -9999 -9999 -9999 -9999 -9999 835 835 827 820 844 839 819 832 779 823 816 797 825 802 776 823 769 821 828 823 810 747 807 815 814 774 780 817 809 812 781 791 766 809 773 786 711 737 734 729 748 716 713 729 724 722 763 734 718 770 741 742 761 743 776 786 762 745
-9999 -9999 -9999 -9999 -9999 -9999 -9999 -9999 -9999 -9999 -9999 -9999 -9999 -9999 -9999 -9999 -9999 -9999 -9999 -9999 -9999 -9999 -9999 -9999 -9999 -9999 -9999 -9999 -9999 -9999 835 832 827 813 807 828 819 811 823 811 835 827 764 739 751 768 836 822 793 770 800 805 825 809 799 813 791 774 770 736 723 729 801 760 749 737 725 763 751 732 693 692 729 714 723 736 765 753 724 760 706 715 728 760 776 762
-9999 -9999 -9999 -9999 -9999 -9999 -9999 -9999 -9999 -9999 -9999 -9999 -9999 -9999 -9999 -9999 -9999 -9999 -9999 -9999 -9999 -9999 -9999 -9999 -9999 -9999 -9999 -9999 -9999 -9999 -9999 844 831 832 830 858 819 822 829 819 830 787 790 801 828 843 843 827 784 777 844 809 814 787 815 743 816 769 719 736 742 740 787 781 713 695 724 700 734 724 712 708 693 744 722 744 774 768 735 746 712 705 737 726 768 774
-9999 -9999 -9999 -9999 -9999 -9999 -9999 -9999 -9999 -9999 -9999 -9999 -9999 -9999 -9999 -9999 -9999 -9999 -9999 -9999 -9999 -9999 -9999 -9999 -9999 -9999 -9999 -9999 -9999 -9999 -9999 -9999 837 840 845 820 824 834 808 819 795 793 784 813 813 802 782 815 815 834 826 809 808 787 764 764 808 794 758 748 685 713 774 767 741 733 715 702 685 712 724 714 712 735 743 714 766 742 758 719 718 765 739 754 779 751
-9999 -9999 -9999 -9999 -9999 -9999 -9999 -9999 -9999 -9999 -9999 -9999 -9999 -9999 -9999 -9999 -9999 -9999 -9999 -9999 -9999 -9999 -9999 -9999 -9999 -9999 -9999 -9999 -9999 -9999 -9999 -9999 -9999 853 814 836 832 825 798 810 827 800 802 822 820 828 814 808 821 803 769 761 753 735 767 765 766 794 796 740 752 751 776 798 758 775 763 736 708 713 702 720 726 740 752 719 740 731 743 758 751 726 749 732 759 771
-9999 -9999 -9999 -9999 -9999 -9999 -9999 -9999 -9999 -9999 -9999 -9999 -9999 -9999 -9999 -9999 -9999 -9999 -9999 -9999 -9999 -9999 -9999 -9999 -9999 -9999 -9999 -9999 -9999 -9999 -9999 -9999 -9999 825 832 821 836 804 801 816 804 832 848 841 813 826 844 821 821 745 720 710 710 731 781 788 777 739 730 748 748 764 791 811 769 779 774 738 740 729 744 720 708 695 739 759 741 715 732 752 738 773 716 706 737 768
-9999 -9999 -9999 -9999 -9999 -9999 -9999 -9999 -9999 -9999 -9999 -9999 -9999 -9999 -9999 -9999 -9999 -9999 -9999 -9999 -9999 -9999 -9999 -9999 -9999 -9999 -9999 -9999 -9999 -9999 -9999 -9999 -9999 -9999 830 820 827 834 835 825 817 848 803 792 739 781 787 769 755 760 780 716 750 748 788 820 820 744 757 746 714 773 783 804 785 749 765 736 704 725 755 733 714 741 731 768 715 727 732 756 768 761 706 734 762 774
-9999 -9999 -9999 -9999 -9999 -9999 -9999 -9999 -9999 -9999 -9999 -9999 -9999 -9999 -9999 -9999 -9999 -9999 -9999 -9999 -9999 -9999 -9999 -9999 -9999 -9999 -9999 -9999 -9999 -9999 -9999 -9999 -9999 -9999 -9999 820 834 830 835 847 803 790 812 802 768 776 769 787 731 750 748 779 760 760 808 792 795 794 784 713 723 764 793 809 789 791 746 715 727 714 739 768 753 725 733 706 742 775 741 758 738 727 705 725 709 722
-9999 -9999 -9999 -9999 -9999 -9999 -9999 -9999 -9999 -9999 -9999 -9999 -9999 -9999 -9999 -9999 -9999 -9999 -9999 -9999 -9999 -9999 -9999 -9999 -9999 -9999 -9999 -9999 -9999 -9999 -9999 -9999 -9999 -9999 -9999 853 836 846 818 859 794 798 771 807 784 810 778 753 774 775 811 742 752 789 806 804 768 774 778 763 765 723 740 798 799 755 754 727 700 701 761 762 732 776 737 773 785 778 756 746 750 710 750 688 735 704
-9999 -9999 -9999 -9999 -9999 -9999 -9999 -9999 -9999 -9999 -9999 -9999 -9999 -9999 -9999 -9999 -9999 -9999 -9999 -9999 -9999 -9999 -9999 -9999 -9999 -9999 -9999 -9999 -9999 -9999 -9999 -9999 -9999 -9999 -9999 -9999 830 841 804 826 826 802 789 795 802 790 752 788 781 808 787 777 787 799 770 840 806 786 753 738 730 726 769 812 798 778 760 744 723 708 751 759 764 742 799 760 756 749 762 742 752 694 707 701 705 705
