worldclim/bio4_cr.asc
ncols        411
nrows        382
xllcorner    -85.979072453958
yllcorner    8.036441368777
cellsize     0.008333330000
NODATA_value  -9999
[rows 76 to 113 of 382, columns 172 to 257 of 411]
753 741 733 727 734 715 717 711 709 714 699 724 731 708 744 736 717 682 705 699 709 703 712 738 710 703 740 677 667 697 701 691 691 705 700 686 698 662 672 696 693 687 658 661 673 697 694 667 682 692 692 695 687 672 687 670 671 668 651 651 690 692 708 675 693 676 702 666 666 688 679 697 706 705 692 712 727 695 684 680 675 653 687 697 706 734
758 721 704 732 722 732 719 717 731 727 745 720 699 748 746 714 723 672 729 701 704 710 720 710 738 693 707 709 695 724 692 724 698 688 681 667 714 665 692 682 642 692 654 677 662 686 689 716 702 707 711 687 705 680 651 700 684 663 633 697 665 696 705 701 693 684 663 663 661 665 679 685 679 676 708 699 696 698 682 666 671 703 700 721 701 726
740 754 752 727 744 732 729 754 734 738 753 743 702 748 756 736 714 730 724 720 730 694 738 732 678 677 726 696 737 701 724 720 715 708 692 687 698 714 647 672 680 672 694 665 682 689 693 697 716 727 718 718 709 709 691 715 690 706 719 663 709 696 696 719 710 695 671 680 653 661 670 670 676 676 708 696 688 716 700 693 705 712 717 717 710 728
732 771 739 727 745 735 729 723 747 730 720 772 712 706 738 745 714 730 717 720 720 720 707 728 743 738 705 698 732 727 710 722 728 715 712 700 699 696 695 693 673 689 672 659 695 689 695 719 722 703 721 712 685 698 658 701 693 699 673 725 704 720 729 710 716 719 719 698 704 685 685 678 686 691 719 699 699 717 719 738 735 715 704 698 711 685
725 756 744 750 740 745 735 728 724 711 725 730 720 745 745 736 717 701 740 697 727 695 709 733 703 708 761 744 732 742 722 706 721 717 717 725 730 718 676 683 691 693 699 715 679 679 699 705 715 712 700 708 681 704 697 710 707 681 690 704 723 718 716 715 719 736 719 708 692 689 692 695 713 714 723 702 712 697 737 737 719 695 705 698 720 723
742 743 745 750 761 748 740 727 723 755 729 731 730 746 752 715 754 734 719 718 752 706 729 729 695 730 765 749 760 694 748 718 743 717 717 723 720 732 743 720 705 726 709 720 713 713 689 725 703 703 717 735 708 683 702 722 693 719 701 710 699 710 710 709 717 734 734 701 679 702 723 710 689 712 720 701 733 736 723 733 721 703 709 709 707 720
726 735 735 754 753 753 768 764 759 727 714 715 745 763 757 734 747 734 719 724 710 693 726 711 698 708 756 758 773 744 721 710 710 725 710 737 730 737 685 696 723 702 702 702 696 701 699 688 718 705 703 723 717 722 722 698 710 714 713 691 715 697 740 729 746 742 739 713 732 714 724 683 729 710 697 704 721 736 727 720 715 719 724 734 725 709
709 728 748 759 759 734 776 758 755 749 731 731 743 763 778 725 734 734 730 730 719 714 698 698 716 717 732 755 742 730 733 742 722 760 721 743 733 732 712 741 711 721 704 704 715 675 697 697 721 720 730 720 732 710 736 755 711 705 713 720 720 727 727 741 733 746 749 720 708 711 714 694 701 702 695 713 722 722 724 736 699 716 708 720 708 699
715 715 746 744 775 774 747 750 763 751 740 732 736 720 715 719 742 742 737 742 712 722 715 719 739 758 742 727 753 740 752 732 728 724 731 738 726 708 703 741 737 707 741 725 693 718 703 714 714 709 720 743 730 743 739 745 753 717 725 715 704 745 731 740 751 751 719 724 723 741 731 700 712 709 711 727 727 735 736 716 729 729 734 754 737 734
741 729 748 740 748 772 734 761 777 751 744 745 751 728 719 731 753 769 752 752 716 722 745 720 741 734 723 692 757 762 749 736 730 733 729 724 731 737 728 738 743 733 738 741 732 699 709 709 726 717 739 736 740 721 721 759 705 748 742 743 710 707 720 720 733 748 722 724 732 734 743 743 712 726 717 725 747 734 720 745 736 752 730 742 736 732
733 737 725 739 751 738 762 767 765 745 731 746 765 740 740 736 758 758 764 774 705 765 742 732 723 771 692 756 778 736 731 759 734 743 758 730 710 730 747 744 696 696 743 730 705 709 724 730 701 701 709 751 739 729 711 722 721 705 718 744 717 735 758 745 745 752 725 727 715 753 754 743 727 720 717 735 744 724 745 744 740 714 717 722 724 732
738 731 727 728 727 735 721 750 761 785 783 739 763 740 737 758 745 761 778 760 771 739 739 766 699 699 703 785 770 734 762 762 747 729 734 727 738 734 723 721 739 747 723 736 723 720 720 698 698 726 715 738 726 749 743 710 747 758 767 734 742 735 724 722 749 756 743 737 739 748 763 748 718 720 725 720 754 726 730 738 742 725 740 740 732 732
765 745 717 709 730 764 721 744 785 785 756 764 774 742 737 735 733 736 768 774 745 757 759 760 738 776 769 770 714 746 779 727 750 755 729 737 734 744 761 712 749 727 747 722 719 719 712 720 724 698 690 738 742 753 733 752 704 734 754 730 739 725 724 726 733 750 763 776 783 769 763 730 718 718 738 738 743 721 742 713 703 725 759 735 742 745
753 754 729 725 718 744 753 778 783 782 763 774 728 760 740 755 741 735 774 771 773 760 710 762 769 743 730 716 748 726 726 751 758 743 748 710 724 729 716 744 714 727 748 722 721 716 732 729 686 705 698 706 709 715 733 727 745 702 726 725 736 710 746 726 733 725 727 785 786 770 714 710 708 727 730 727 727 726 742 724 749 759 745 742 753 724
751 751 761 743 736 718 760 770 791 782 791 765 755 756 758 745 736 762 776 765 754 762 765 755 747 716 716 728 731 739 744 745 744 740 740 745 721 744 722 712 733 721 704 748 755 725 730 725 718 723 710 710 737 758 744 723 757 753 732 743 775 747 676 751 733 731 705 797 804 800 775 727 723 751 743 738 738 742 742 727 764 757 716 753 737 738
783 763 745 735 735 726 746 780 786 797 751 757 778 762 775 739 745 760 751 766 784 784 742 735 729 729 727 727 750 729 744 717 744 706 724 709 739 735 720 721 723 726 724 738 725 715 732 737 729 720 712 702 731 763 712 726 760 761 730 750 724 698 744 755 747 776 754 703 715 785 766 727 760 753 753 738 738 741 747 740 749 725 737 736 762 744
794 789 765 747 734 747 736 766 788 788 740 800 774 769 776 749 752 749 756 776 787 763 771 764 736 758 741 743 718 762 727 720 713 734 743 756 753 751 729 708 754 757 731 744 726 716 745 730 735 730 700 715 739 716 713 757 780 735 747 756 758 771 762 744 743 759 732 739 720 780 770 720 731 780 753 757 757 739 747 726 728 734 741 738 755 768
806 802 778 776 765 737 726 751 793 771 757 794 783 749 756 768 764 767 765 789 778 778 768 760 766 744 768 750 752 709 740 710 744 733 756 722 730 731 735 706 721 742 693 709 734 748 736 740 735 729 717 758 710 744 721 749 722 766 771 757 777 741 736 775 748 759 753 755 744 765 731 731 772 775 760 728 727 714 720 720 728 737 759 740 753 761
758 744 765 782 787 736 759 746 753 749 786 786 779 785 782 767 755 769 743 765 741 763 755 745 755 751 766 749 718 732 722 710 719 758 738 731 740 739 749 753 719 730 730 733 726 714 707 756 741 744 719 703 698 704 737 735 751 748 789 733 784 731 737 756 754 742 771 731 725 786 752 763 776 779 772 756 734 719 740 731 728 733 754 758 755 768
776 788 739 727 738 759 755 762 752 745 758 765 786 760 731 730 714 727 720 661 723 796 737 746 763 726 746 728 760 712 740 719 713 750 679 705 693 740 698 706 703 704 711 714 722 723 711 741 725 744 727 711 726 727 705 709 719 741 763 732 742 740 740 750 752 750 761 742 742 789 741 788 781 785 781 742 740 776 750 736 735 742 759 748 735 748
792 783 788 753 757 770 748 765 751 763 763 766 792 720 741 729 725 725 728 709 677 697 751 750 708 726 721 734 719 740 711 717 716 715 729 689 706 703 732 704 704 697 712 711 742 732 703 732 730 732 720 721 725 731 748 693 719 711 711 734 760 762 765 757 758 763 771 744 738 779 748 770 783 777 736 739 766 761 744 748 744 740 745 733 735 757
784 770 799 783 770 754 740 733 733 735 773 765 739 713 690 705 727 730 738 737 688 674 650 712 722 730 720 742 729 712 712 732 690 705 729 691 698 674 705 721 753 719 705 713 680 735 727 726 730 723 738 741 697 706 711 708 732 732 729 755 741 768 748 766 766 758 738 752 752 753 768 750 772 765 747 744 753 761 758 755 753 774 742 742 750 771
770 790 780 796 774 759 765 740 717 745 768 717 664 700 731 715 717 729 722 731 724 698 680 685 688 703 717 702 693 730 708 714 730 699 712 671 701 694 708 715 741 711 728 686 679 706 717 735 726 718 736 717 717 722 709 743 708 735 705 710 725 748 755 755 761 756 772 758 754 754 773 772 740 762 752 743 752 760 741 775 742 729 747 729 777 778
780 778 770 778 773 791 745 716 737 745 714 703 693 706 688 693 720 707 715 710 694 663 651 663 635 642 685 698 673 732 706 720 680 706 674 649 666 680 716 709 703 725 715 724 722 721 734 719 714 679 700 724 724 696 686 717 680 710 715 684 711 718 748 754 765 759 743 758 765 762 752 770 740 754 741 752 752 750 741 744 756 746 762 746 774 774
774 789 792 753 778 755 725 754 742 729 704 671 662 673 688 655 642 682 664 664 675 656 617 609 592 651 658 664 677 691 726 719 722 684 678 630 666 630 660 706 691 696 699 716 696 712 685 715 712 715 690 731 737 706 708 710 694 727 695 687 710 732 739 710 776 770 765 753 768 754 748 797 783 756 756 756 756 763 736 768 740 746 746 746 773 773
754 790 765 771 775 773 727 720 731 730 675 666 614 623 665 670 661 581 584 588 631 598 630 611 606 625 620 650 658 666 673 682 699 666 677 664 641 661 684 667 681 681 690 690 709 701 704 667 708 699 698 675 694 676 709 700 706 718 700 674 732 727 739 761 758 792 763 766 778 748 756 766 756 735 774 774 788 742 769 763 756 762 753 760 766 735
761 772 788 796 783 769 763 741 731 724 672 640 603 665 685 659 624 587 598 584 559 543 597 568 569 540 606 614 633 662 652 679 663 671 652 651 617 641 680 670 661 671 692 672 675 708 717 710 720 713 707 687 687 694 693 655 656 681 715 648 691 697 701 754 743 765 761 784 752 768 751 778 774 738 762 777 764 778 768 760 762 756 769 787 738 739
756 768 782 805 764 769 740 780 759 679 655 659 629 650 661 621 571 581 597 535 575 526 554 519 557 551 574 577 571 608 644 655 644 647 652 659 636 626 651 640 634 666 646 670 685 696 703 672 682 676 684 650 642 641 603 636 642 664 662 682 696 727 680 738 730 747 769 785 781 778 784 753 740 757 764 747 755 770 769 765 761 761 768 761 756 748
751 764 783 753 758 747 763 738 700 687 658 640 637 610 579 585 533 520 517 514 507 510 555 507 544 537 528 513 550 548 626 631 604 635 620 650 600 601 618 658 630 617 673 634 632 697 695 656 670 675 647 638 654 642 647 598 625 655 647 622 712 645 690 725 728 747 770 770 785 780 766 751 751 773 756 755 775 783 749 773 765 766 776 750 743 788
764 773 786 751 760 783 761 733 695 685 632 610 615 583 560 553 517 552 532 548 523 557 527 552 543 532 545 531 540 572 569 576 584 623 634 624 579 615 586 653 603 640 641 628 658 662 642 664 636 614 626 621 635 631 599 603 607 633 622 634 637 680 715 735 717 740 745 765 776 789 784 785 744 762 762 773 749 773 748 754 765 761 762 735 765 765
771 740 743 787 791 726 707 717 686 640 609 556 544 560 514 524 506 508 598 578 596 586 576 524 554 546 546 513 523 535 561 556 545 575 593 593 589 590 603 603 624 616 637 613 641 637 620 659 640 610 616 593 628 593 606 596 590 590 578 608 649 628 671 691 664 731 759 752 779 776 768 768 775 762 763 767 734 761 777 777 778 760 753 768 769 785
739 741 745 778 745 726 699 700 616 643 603 538 509 503 530 553 546 585 581 602 589 574 591 559 576 581 561 590 539 533 513 542 530 533 559 574 569 534 562 589 572 598 607 640 629 608 610 622 620 595 568 599 581 582 601 565 620 602 592 598 584 625 657 670 664 732 777 740 772 780 790 753 765 745 750 727 754 757 767 770 773 771 777 787 793 754
733 780 778 762 699 689 637 647 651 601 527 548 517 531 517 546 546 585 615 603 556 563 603 600 587 568 560 575 549 531 501 524 534 510 531 542 539 537 530 519 523 550 598 603 621 587 575 585 558 568 561 553 595 572 577 592 589 572 604 585 563 585 640 613 673 740 706 758 778 763 784 752 784 784 782 768 768 767 760 779 760 784 768 768 747 753
738 706 747 669 666 602 601 574 592 557 527 485 539 512 509 519 542 603 620 571 557 554 546 568 617 579 565 598 576 518 562 501 542 500 528 524 520 516 531 520 536 522 528 599 583 569 531 571 569 530 526 543 535 578 574 558 546 538 558 584 617 582 620 671 696 718 741 733 744 757 764 769 779 779 773 725 722 739 751 751 751 734 762 761 743 785
691 682 679 707 644 598 567 567 531 582 557 509 552 539 567 565 571 613 626 562 535 521 580 598 618 533 587 589 567 600 517 492 517 514 486 497 516 521 515 495 494 525 532 566 510 519 541 522 527 541 530 551 556 524 564 535 574 535 553 567 582 617 616 702 723 708 737 746 739 720 735 742 783 764 747 776 765 763 765 768 766 766 755 795 779 770
675 642 706 586 638 569 554 551 552 509 548 536 551 548 589 594 602 586 605 542 578 529 572 598 588 532 572 579 589 559 575 566 542 491 491 493 517 516 514 533 501 524 540 551 494 556 578 567 533 538 539 538 541 526 548 565 543 548 558 551 591 615 653 648 718 685 694 732 727 731 771 767 748 743 778 759 760 745 761 744 731 769 775 783 780 731
610 608 688 546 568 568 549 532 518 511 507 506 524 562 567 609 618 571 563 547 566 565 546 581 568 540 551 603 575 601 589 584 560 531 579 530 536 557 536 542 536 526 504 528 534 496 534 554 539 533 591 533 563 547 516 513 531 566 552 569 565 612 615 650 652 717 720 692 709 721 732 760 758 776 784 789 774 754 751 745 749 765 761 777 783 763
642 620 666 579 542 528 534 526 504 566 554 549 536 549 614 568 594 619 559 519 547 578 533 548 532 520 540 554 593 574 578 589 551 576 575 589 568 594 579 571 542 524 510 499 536 514 520 538 569 542 578 582 551 554 600 592 566 544 534 580 583 567 584 647 660 727 716 692 706 699 741 721 742 745 771 758 743 768 779 776 787 771 747 765 753 742
