worldclim/bio4_cr.asc
ncols        411
nrows        382
xllcorner    -85.979072453958
yllcorner    8.036441368777
cellsize     0.008333330000
NODATA_value  -9999
[rows 76 to 113 of 382, columns 86 to 171 of 411]
745 713 739 711 696 718 728 736 729 697 734 692 719 710 725 707 721 680 690 698 670 701 691 699 702 680 657 652 682 686 670 659 663 658 649 674 661 673 650 654 644 641 644 663 681 668 676 676 678 685 666 675 677 680 649 661 680 690 691 702 686 740 730 693 682 709 685 710 731 712 678 724 731 725 720 728 722 732 744 747 717 744 743 713 745 726
757 745 734 720 720 702 717 721 707 728 691 691 696 708 732 745 706 697 687 687 693 710 677 693 670 636 664 651 666 662 640 687 638 647 656 666 647 629 629 638 637 658 670 652 671 639 700 651 668 669 667 676 688 664 629 651 647 663 691 703 699 733 715 686 673 681 685 684 725 713 717 717 732 732 695 728 726 744 740 745 725 727 700 751 710 710
729 741 738 722 702 704 718 746 726 726 716 713 702 710 728 718 713 702 716 680 704 683 664 667 677 677 647 645 668 661 679 647 666 653 651 670 666 673 714 703 643 656 632 671 661 636 659 652 683 683 676 645 656 654 646 654 666 664 678 720 703 712 695 692 639 673 693 699 679 717 723 708 701 688 720 728 712 716 732 745 735 719 716 710 710 735
761 720 745 716 695 716 730 759 720 731 703 698 710 704 718 719 713 705 684 679 675 674 691 705 686 687 655 663 663 668 670 663 662 656 657 639 688 682 657 638 679 657 628 626 665 664 652 671 650 651 646 651 642 665 635 670 640 674 707 706 698 701 706 695 681 639 680 680 688 687 712 725 689 732 734 718 711 720 728 736 730 733 745 716 717 716
734 760 735 728 727 719 720 687 750 736 734 702 707 700 723 719 706 697 705 685 697 706 679 663 708 708 667 686 665 644 661 638 685 665 657 645 638 630 626 661 688 683 653 636 653 652 669 630 655 673 660 646 653 630 666 655 659 663 673 698 698 695 700 686 669 709 687 687 710 660 692 706 706 710 706 709 722 687 728 721 729 733 742 746 710 716
746 757 718 728 705 718 716 732 719 727 736 707 706 730 691 714 690 690 700 694 680 666 699 705 686 684 690 663 660 617 654 645 671 653 656 666 645 630 635 635 649 685 679 681 655 665 640 679 666 671 660 635 653 650 615 655 654 659 670 675 679 693 693 647 632 645 676 663 685 694 697 720 690 684 701 717 703 713 723 735 753 763 742 731 714 742
747 715 730 750 712 700 702 724 724 718 726 703 692 712 701 676 717 708 710 716 692 666 681 669 682 671 695 673 668 648 662 646 661 665 656 656 656 638 630 635 633 670 687 672 668 659 631 646 660 629 640 657 632 654 638 624 672 656 673 682 687 680 666 645 673 690 669 659 685 674 673 683 674 727 687 718 701 722 714 717 717 740 726 745 740 722
742 751 737 750 715 727 731 741 720 721 731 695 718 708 700 667 669 712 671 684 694 674 703 705 652 691 695 687 698 653 631 650 665 656 649 673 633 650 633 634 635 628 678 671 668 668 664 631 681 667 646 661 656 634 668 638 644 623 673 672 696 668 675 657 657 634 670 656 678 685 702 694 679 707 720 725 701 725 728 737 729 733 727 735 728 736
757 764 746 726 718 718 725 718 734 715 717 732 730 703 669 683 660 708 710 672 685 673 685 680 670 701 687 685 665 658 664 639 673 665 640 649 680 640 650 633 657 650 645 688 672 668 660 647 663 663 664 650 649 639 625 641 624 642 620 641 677 654 673 677 653 682 678 661 691 670 698 710 737 715 725 738 733 736 727 715 711 740 730 728 741 716
759 732 736 750 726 726 736 735 731 721 717 699 689 693 701 685 723 701 670 666 693 671 684 687 705 703 671 671 692 639 630 657 656 628 646 656 647 649 633 658 638 638 645 653 676 675 655 651 664 651 654 650 649 631 678 634 628 651 651 656 643 636 669 687 674 701 661 675 678 701 710 725 710 710 710 722 728 705 736 729 738 704 718 745 732 744
718 732 742 749 743 746 707 718 730 725 695 729 715 707 716 695 687 701 693 683 666 689 711 690 699 633 656 684 650 658 657 650 644 647 678 651 656 634 654 660 653 654 645 657 685 675 655 681 665 662 653 664 636 630 632 631 640 634 649 614 660 658 692 682 666 687 668 650 680 683 710 718 701 720 736 726 719 725 719 774 721 779 769 753 768 728
736 790 729 729 753 702 700 724 714 734 709 727 715 726 708 689 661 678 702 705 676 695 663 658 682 650 681 673 642 662 660 649 662 649 663 656 647 653 640 640 676 616 677 682 673 661 651 677 661 665 660 672 646 665 661 663 639 660 628 641 658 662 668 675 685 642 660 623 675 689 673 710 727 709 723 733 731 771 767 787 702 755 754 768 770 762
738 714 780 745 729 703 714 718 740 722 724 690 700 715 707 676 676 661 719 679 685 690 656 692 649 692 659 671 671 665 647 655 626 618 657 675 654 653 649 634 641 649 635 651 656 658 640 661 681 665 666 651 658 653 673 679 645 662 656 656 656 667 662 675 643 655 654 629 684 673 703 712 719 719 724 706 725 715 709 735 741 730 779 779 734 753
735 751 746 719 727 715 735 711 698 705 717 717 710 720 712 715 687 709 666 713 682 662 659 663 666 659 692 645 661 655 676 704 640 641 626 659 658 640 661 679 651 634 706 649 642 665 676 602 655 677 681 674 659 666 666 661 653 673 665 650 672 672 661 662 630 623 610 633 617 658 680 705 718 718 707 742 731 757 731 757 783 778 744 777 769 778
769 751 735 735 729 729 716 720 718 736 708 721 695 725 694 700 662 719 687 674 657 695 671 698 670 662 659 675 664 690 693 691 669 638 630 629 679 638 652 664 652 626 662 648 634 661 660 664 663 673 678 669 669 669 680 676 665 664 665 642 647 673 641 689 606 625 662 646 652 654 676 678 701 701 738 725 750 740 725 711 766 773 763 777 779 791
759 749 736 753 710 697 722 737 722 735 708 712 691 712 703 704 693 701 687 670 684 665 653 661 685 665 683 706 702 691 678 663 680 641 626 674 684 642 641 657 644 626 676 662 645 652 663 645 681 665 676 678 659 647 677 669 676 676 681 658 650 657 682 625 627 612 654 617 625 642 661 689 697 716 739 733 741 770 770 753 750 770 783 776 782 778
734 742 747 720 712 752 738 719 754 729 719 726 702 688 697 684 699 690 670 702 671 675 665 682 656 687 679 658 721 681 670 693 669 624 628 668 653 643 651 667 616 645 651 665 674 661 682 657 685 649 645 653 656 663 656 676 668 676 666 666 656 671 625 624 672 636 641 630 609 652 630 682 715 698 730 738 739 750 734 758 722 768 783 750 770 794
743 731 736 740 747 748 735 717 709 695 723 726 729 711 703 684 714 703 673 672 693 662 669 660 677 696 658 701 667 706 691 670 663 643 606 606 649 663 634 643 670 645 632 656 660 634 674 668 640 637 663 663 642 654 638 679 686 667 695 685 685 676 642 672 638 633 634 606 639 633 649 687 640 695 681 720 726 710 751 758 747 779 771 748 757 783
753 743 736 764 746 741 731 710 724 704 723 703 719 718 699 687 699 658 697 663 682 655 678 665 668 650 666 682 670 649 692 684 671 665 640 639 663 654 667 644 632 678 637 671 647 650 656 661 663 656 597 653 640 640 623 624 666 688 695 685 644 663 618 616 613 636 629 641 645 634 656 626 632 644 684 664 694 711 775 737 734 759 759 787 731 758
722 727 739 729 705 721 743 739 718 704 709 711 703 726 720 679 699 705 665 667 667 686 672 695 672 654 662 668 626 646 677 684 684 676 667 645 629 677 639 659 675 680 653 668 629 662 665 661 655 626 647 654 638 645 649 647 626 664 684 625 642 673 630 602 613 623 630 632 644 617 621 629 624 611 637 663 726 731 738 711 720 760 730 793 791 793
722 732 734 740 712 715 718 739 725 714 688 711 693 720 700 748 702 670 719 657 649 686 672 660 695 680 641 666 642 638 675 675 674 649 673 649 630 654 642 617 672 650 661 650 647 629 664 661 634 666 676 666 659 662 650 642 633 647 619 630 632 632 648 613 638 661 653 664 642 612 638 639 610 583 605 668 707 712 724 744 758 776 777 777 735 762
726 738 748 745 752 734 716 746 740 717 712 702 713 725 715 740 677 699 653 695 665 671 691 655 683 664 678 661 682 644 669 645 645 659 644 637 642 651 652 651 653 639 622 640 710 642 644 663 681 677 662 704 697 636 621 649 615 663 645 621 627 636 632 620 592 633 635 639 627 639 664 675 621 603 617 643 686 715 724 739 742 748 760 725 764 764
730 732 743 730 698 719 724 711 720 712 742 719 714 704 717 740 703 712 724 671 672 655 666 707 659 679 661 657 686 680 674 660 661 646 638 610 634 662 640 655 651 666 682 661 683 687 638 665 649 661 681 687 697 703 673 643 641 651 664 632 641 664 621 650 667 644 677 667 636 677 653 611 618 597 638 641 667 696 725 727 760 762 759 753 753 781
721 716 734 726 720 718 734 722 708 712 741 707 730 705 708 738 739 680 680 679 661 703 682 690 650 667 665 657 665 671 648 656 650 660 613 648 625 676 645 630 657 640 647 629 707 699 671 649 626 690 645 680 708 718 709 637 646 619 630 630 659 665 708 671 666 695 676 690 685 637 634 629 586 610 598 610 666 675 711 711 730 741 731 753 724 768
709 726 734 752 763 699 761 713 688 705 722 719 718 722 727 711 716 738 695 673 676 705 696 665 691 705 654 661 654 654 647 666 642 647 638 654 644 642 651 631 635 630 647 656 645 715 737 656 659 745 744 661 731 727 714 635 675 633 626 633 686 718 689 689 684 702 698 642 661 627 620 646 602 630 599 606 661 687 689 723 725 719 723 738 746 767
758 740 736 739 747 750 745 720 711 704 739 722 726 724 734 725 678 716 738 703 679 676 676 719 678 661 671 654 685 622 654 658 642 662 651 630 659 621 649 624 672 638 641 644 655 671 695 721 731 754 722 706 716 727 743 670 634 626 629 650 701 718 682 657 707 703 697 636 613 598 602 598 599 588 618 615 651 653 682 698 734 749 743 737 753 765
748 740 736 726 743 750 766 742 721 704 738 702 719 722 726 726 703 715 717 700 673 682 693 669 679 704 669 668 676 671 667 660 664 652 682 636 655 654 644 665 655 659 630 633 623 660 714 728 737 732 710 690 726 732 720 693 695 706 656 669 689 682 643 638 693 692 685 676 673 605 585 622 661 668 671 713 668 610 708 711 690 752 765 739 771 746
753 720 736 736 766 739 766 754 726 705 727 728 693 712 719 744 713 691 691 678 710 696 687 674 708 689 675 683 673 685 657 642 692 677 680 671 638 637 618 668 656 647 649 649 645 638 655 687 699 734 733 730 734 713 675 701 661 707 681 643 703 706 713 641 697 695 684 658 628 618 593 605 662 668 615 622 573 603 659 684 719 725 734 743 754 772
741 750 724 734 717 728 750 755 738 704 715 736 690 703 712 738 702 689 729 691 689 693 678 687 678 719 706 690 669 651 647 687 699 686 670 640 650 642 628 651 655 664 637 637 653 673 650 653 698 757 712 731 726 680 698 675 679 732 729 738 709 693 712 697 727 677 632 629 602 596 593 647 649 641 598 604 606 603 660 685 731 768 771 776 763 773
738 727 692 744 705 715 735 762 734 734 732 734 736 715 703 718 738 702 719 661 702 723 668 680 678 706 683 700 689 684 676 686 687 663 670 680 697 626 639 655 665 626 665 651 673 640 662 658 696 779 714 700 726 704 666 680 678 691 682 684 676 673 702 692 673 651 631 599 606 621 626 608 629 595 568 594 606 603 612 652 697 743 778 740 751 770
727 748 735 708 693 682 731 760 744 744 733 726 715 711 718 725 712 734 696 724 708 668 686 701 681 690 713 708 690 677 643 688 667 669 635 676 671 637 663 631 649 630 637 637 642 650 683 682 683 743 727 784 722 711 659 668 651 663 670 671 679 697 702 680 668 633 633 634 586 617 588 567 574 587 600 587 572 599 635 690 681 733 762 768 770 755
758 726 754 732 743 736 721 754 748 744 717 732 732 739 725 720 710 730 714 694 706 711 689 687 709 703 705 685 670 690 652 643 646 683 679 676 678 657 637 630 642 622 648 647 666 629 646 675 744 718 682 748 736 704 660 648 659 630 657 673 684 707 687 682 651 587 607 587 596 601 617 624 674 628 569 602 563 571 622 654 651 671 730 703 768 778
745 730 735 728 745 754 759 717 736 734 723 722 732 716 708 719 731 721 727 714 734 725 711 698 708 692 711 702 698 653 646 646 634 676 714 686 665 670 665 647 681 637 654 680 655 650 655 669 730 699 716 733 767 725 684 669 668 683 690 695 719 693 689 613 611 614 618 599 643 630 671 656 579 577 600 572 614 620 592 669 639 666 724 715 760 745
765 730 742 728 755 758 754 733 715 727 727 732 715 709 726 731 690 705 707 729 721 671 701 700 719 689 699 707 703 672 665 677 653 665 698 712 680 712 667 654 642 658 654 621 654 658 627 665 661 658 673 694 726 730 718 690 657 692 725 717 703 656 591 616 618 620 581 641 648 620 641 636 591 577 569 588 576 607 634 621 592 635 655 741 748 728
766 752 734 741 745 750 752 752 728 727 716 733 725 710 709 703 721 709 730 730 713 704 681 712 704 713 723 685 704 687 678 660 698 686 678 693 720 706 678 663 659 663 654 656 662 680 658 664 629 647 650 648 759 748 742 725 702 695 708 662 658 641 662 645 634 647 644 647 691 699 686 641 640 643 636 614 575 555 566 568 598 642 646 664 705 660
756 743 734 758 736 746 749 752 735 729 707 727 719 726 719 713 734 729 745 716 732 685 703 689 694 687 685 721 704 688 704 661 669 692 692 680 674 715 707 727 715 705 689 665 654 678 664 650 649 662 638 655 614 679 673 647 726 675 746 649 679 704 712 696 701 680 660 694 668 656 710 687 642 614 619 598 563 560 560 568 560 613 636 644 666 654
743 739 733 743 748 736 748 743 758 731 711 733 739 722 727 716 715 715 728 716 722 689 693 680 713 695 720 708 712 708 704 676 667 693 681 691 709 711 705 699 677 663 650 633 602 654 633 659 654 654 635 633 623 618 657 642 676 711 685 726 718 663 692 698 654 666 650 691 643 605 678 653 663 645 625 604 613 571 571 551 584 607 645 629 646 630
754 765 747 736 746 728 752 755 729 738 732 735 721 699 740 725 725 733 741 714 738 712 706 725 686 696 701 690 707 692 711 704 710 722 697 720 709 708 700 719 668 661 668 662 646 664 636 631 664 627 641 661 618 628 642 683 722 710 665 677 717 642 637 646 645 612 663 650 668 656 649 663 622 622 622 588 584 582 563 570 611 623 677 600 643 645
