worldclim/bio4_cr.asc
ncols        411
nrows        382
xllcorner    -85.979072453958
yllcorner    8.036441368777
cellsize     0.008333330000
NODATA_value  -9999
[rows 38 to 75 of 382, columns 172 to 257 of 411]
665 689 686 685 662 689 642 642 626 669 660 617 641 679 637 645 627 653 635 613 647 650 651 650 630 649 636 606 621 613 625 -9999 -9999 -9999 -9999 -9999 -9999 -9999 -9999 -9999 -9999 -9999 -9999 -9999 -9999 -9999 -9999 -9999 -9999 -9999 -9999 -9999 -9999 -9999 -9999 -9999 -9999 -9999 -9999 -9999 -9999 -9999 -9999 -9999 -9999 -9999 -9999 -9999 -9999 -9999 -9999 -9999 -9999 -9999 -9999 -9999 -9999 -9999 -9999 -9999 -9999 -9999 -9999 -9999 -9999 -9999
662 682 676 687 659 666 668 649 676 669 650 666 686 654 641 680 657 650 634 629 635 633 662 635 641 669 639 625 647 643 618 650 630 637 630 -9999 -9999 -9999 -9999 -9999 -9999 -9999 -9999 -9999 -9999 -9999 -9999 -9999 -9999 -9999 -9999 -9999 -9999 -9999 -9999 -9999 -9999 -9999 -9999 -9999 -9999 -9999 -9999 -9999 -9999 -9999 -9999 -9999 -9999 -9999 -9999 -9999 -9999 -9999 -9999 -9999 -9999 -9999 -9999 -9999 -9999 -9999 -9999 -9999 -9999 -9999
705 689 677 659 671 644 666 663 650 689 633 702 679 679 650 653 642 636 622 668 610 656 665 664 649 599 625 654 619 618 614 640 650 605 661 656 -9999 -9999 -9999 -9999 -9999 -9999 -9999 -9999 -9999 -9999 -9999 -9999 -9999 -9999 -9999 -9999 -9999 -9999 -9999 -9999 -9999 -9999 -9999 -9999 -9999 -9999 -9999 -9999 -9999 -9999 -9999 -9999 -9999 -9999 -9999 -9999 -9999 -9999 -9999 -9999 -9999 -9999 -9999 -9999 -9999 -9999 -9999 -9999 -9999 -9999
663 682 695 688 676 671 647 668 684 674 691 679 628 644 661 653 664 636 643 653 628 630 616 675 653 660 629 620 644 618 631 628 635 668 663 651 626 658 -9999 -9999 -9999 -9999 -9999 -9999 -9999 -9999 -9999 -9999 -9999 -9999 -9999 -9999 -9999 -9999 -9999 -9999 -9999 -9999 -9999 -9999 -9999 -9999 -9999 -9999 -9999 -9999 -9999 -9999 -9999 -9999 -9999 -9999 -9999 -9999 -9999 -9999 -9999 -9999 -9999 -9999 -9999 -9999 -9999 -9999 -9999 -9999
694 703 692 666 668 666 660 656 654 671 634 651 665 647 659 655 637 639 648 636 629 617 666 662 625 634 638 638 654 645 623 629 644 649 613 673 631 636 663 -9999 -9999 -9999 -9999 -9999 -9999 -9999 -9999 -9999 -9999 -9999 -9999 -9999 -9999 -9999 -9999 -9999 -9999 -9999 -9999 -9999 -9999 -9999 -9999 -9999 -9999 -9999 -9999 -9999 -9999 -9999 -9999 -9999 -9999 -9999 -9999 -9999 -9999 -9999 -9999 -9999 -9999 -9999 -9999 -9999 -9999 -9999
678 690 689 655 685 687 660 660 643 670 647 654 674 671 672 654 661 650 661 649 634 629 605 679 675 658 640 629 629 625 618 629 629 642 647 651 674 659 646 -9999 -9999 -9999 -9999 -9999 -9999 -9999 -9999 -9999 -9999 -9999 -9999 -9999 -9999 -9999 -9999 -9999 -9999 -9999 -9999 -9999 -9999 -9999 -9999 -9999 -9999 -9999 -9999 -9999 -9999 -9999 -9999 -9999 -9999 -9999 -9999 -9999 -9999 -9999 -9999 -9999 -9999 -9999 -9999 -9999 -9999 -9999
689 682 706 685 692 687 661 671 662 637 659 650 661 681 670 668 659 661 640 649 649 634 618 650 665 661 639 641 639 647 628 619 643 666 637 643 656 669 626 -9999 -9999 -9999 -9999 -9999 -9999 -9999 -9999 -9999 -9999 -9999 -9999 -9999 -9999 -9999 -9999 -9999 -9999 -9999 -9999 -9999 -9999 -9999 -9999 -9999 -9999 -9999 -9999 -9999 -9999 -9999 -9999 -9999 -9999 -9999 -9999 -9999 -9999 -9999 -9999 -9999 -9999 -9999 -9999 -9999 -9999 -9999
692 692 692 692 701 675 662 690 681 678 664 647 661 681 645 655 659 675 663 647 625 641 613 608 608 668 676 656 627 636 628 614 663 618 662 642 678 655 639 -9999 -9999 -9999 -9999 -9999 -9999 -9999 -9999 -9999 -9999 -9999 -9999 -9999 -9999 -9999 -9999 -9999 -9999 -9999 -9999 -9999 -9999 -9999 -9999 -9999 -9999 -9999 -9999 -9999 -9999 -9999 -9999 -9999 -9999 -9999 -9999 -9999 -9999 -9999 -9999 -9999 -9999 -9999 -9999 -9999 -9999 -9999
688 684 692 707 701 659 676 645 642 678 660 666 661 652 665 699 651 659 653 649 634 663 636 623 623 641 644 647 642 627 648 626 650 599 640 628 614 633 666 -9999 -9999 -9999 -9999 -9999 -9999 -9999 -9999 -9999 -9999 -9999 -9999 -9999 -9999 -9999 -9999 -9999 -9999 -9999 -9999 -9999 -9999 -9999 -9999 -9999 -9999 -9999 -9999 -9999 -9999 -9999 -9999 -9999 -9999 -9999 -9999 -9999 -9999 -9999 -9999 -9999 -9999 -9999 -9999 -9999 -9999 -9999
682 697 692 679 682 685 670 667 662 665 666 672 665 661 672 678 683 656 675 656 666 641 628 652 615 671 646 647 654 644 633 651 620 609 599 629 628 -9999 -9999 -9999 -9999 -9999 -9999 -9999 -9999 -9999 -9999 -9999 -9999 -9999 -9999 -9999 -9999 -9999 -9999 -9999 -9999 -9999 -9999 -9999 -9999 -9999 -9999 -9999 -9999 -9999 -9999 -9999 -9999 -9999 -9999 -9999 -9999 -9999 -9999 -9999 -9999 -9999 -9999 -9999 -9999 -9999 -9999 -9999 -9999 -9999
685 679 699 688 700 686 656 665 667 686 661 673 675 654 659 667 686 676 676 667 631 625 666 645 628 643 660 665 659 616 624 610 621 623 621 642 653 -9999 -9999 -9999 -9999 -9999 -9999 -9999 -9999 -9999 -9999 -9999 -9999 -9999 -9999 -9999 -9999 -9999 -9999 -9999 -9999 -9999 -9999 -9999 -9999 -9999 -9999 -9999 -9999 -9999 -9999 -9999 -9999 -9999 -9999 -9999 -9999 -9999 -9999 -9999 -9999 -9999 -9999 -9999 -9999 -9999 -9999 -9999 -9999 -9999
681 703 701 688 689 698 690 666 664 677 677 681 679 658 660 666 674 690 669 676 638 646 659 641 669 642 632 674 657 650 637 631 622 647 637 621 624 644 -9999 -9999 -9999 -9999 -9999 -9999 -9999 -9999 -9999 -9999 -9999 -9999 -9999 -9999 -9999 -9999 -9999 -9999 -9999 -9999 -9999 -9999 -9999 -9999 -9999 -9999 -9999 -9999 -9999 -9999 -9999 -9999 -9999 -9999 -9999 -9999 -9999 -9999 -9999 -9999 -9999 -9999 -9999 -9999 -9999 -9999 -9999 -9999
687 687 700 680 691 664 689 686 666 664 662 665 666 645 667 659 662 658 669 676 648 647 638 640 666 644 629 665 671 663 664 647 634 622 622 634 631 626 647 653 -9999 -9999 -9999 -9999 -9999 -9999 -9999 -9999 -9999 -9999 -9999 -9999 -9999 -9999 -9999 -9999 -9999 -9999 -9999 -9999 -9999 -9999 -9999 -9999 -9999 -9999 -9999 -9999 -9999 -9999 -9999 -9999 -9999 -9999 -9999 -9999 -9999 -9999 -9999 -9999 -9999 -9999 -9999 -9999 -9999 -9999
681 687 712 712 691 687 687 663 666 675 658 660 681 692 693 651 673 692 678 673 665 651 668 642 654 675 648 661 670 650 655 666 646 642 647 626 629 661 637 652 -9999 -9999 622 -9999 -9999 -9999 -9999 628 -9999 -9999 -9999 -9999 -9999 -9999 -9999 -9999 -9999 -9999 -9999 -9999 -9999 619 645 -9999 -9999 -9999 -9999 -9999 -9999 -9999 -9999 -9999 -9999 -9999 -9999 -9999 -9999 -9999 -9999 -9999 -9999 -9999 -9999 -9999 -9999 -9999
673 698 687 677 705 681 687 687 665 671 645 661 646 691 632 651 651 684 651 671 672 644 655 633 648 642 667 650 677 642 655 653 638 638 631 616 617 668 637 625 645 662 657 630 656 645 599 622 599 -9999 -9999 -9999 -9999 -9999 -9999 -9999 -9999 -9999 -9999 -9999 -9999 638 645 -9999 -9999 -9999 -9999 -9999 -9999 -9999 -9999 -9999 -9999 -9999 -9999 -9999 -9999 -9999 -9999 -9999 -9999 -9999 -9999 -9999 -9999 -9999
681 679 705 713 666 681 682 685 698 651 675 661 664 660 702 643 696 666 666 671 672 670 646 632 651 649 645 646 659 662 638 613 613 655 622 636 619 610 658 665 639 625 664 651 665 653 641 606 600 -9999 -9999 -9999 610 -9999 -9999 -9999 -9999 -9999 642 636 626 645 648 650 -9999 -9999 -9999 -9999 -9999 -9999 -9999 -9999 -9999 -9999 -9999 -9999 -9999 -9999 -9999 -9999 -9999 -9999 -9999 -9999 -9999 -9999
676 681 703 702 714 677 677 681 706 673 675 661 668 652 671 657 657 675 691 667 687 665 651 642 644 642 636 662 692 687 682 651 616 637 636 621 620 649 673 633 631 677 658 634 651 644 640 641 613 648 581 596 622 610 642 -9999 -9999 649 633 629 652 622 656 640 650 -9999 -9999 -9999 -9999 -9999 -9999 -9999 -9999 -9999 -9999 -9999 -9999 -9999 -9999 -9999 -9999 -9999 -9999 -9999 -9999 -9999
664 681 703 687 686 668 684 696 685 691 661 683 660 665 656 679 663 690 633 685 672 688 656 655 644 641 640 672 655 679 690 689 647 646 639 619 633 644 651 653 636 641 665 633 633 657 625 644 629 600 661 631 613 614 612 634 630 630 629 640 645 646 657 664 619 626 -9999 -9999 -9999 -9999 -9999 -9999 -9999 -9999 -9999 -9999 -9999 -9999 -9999 -9999 -9999 -9999 -9999 -9999 -9999 -9999
696 676 688 725 674 716 679 674 696 684 690 685 674 669 664 670 660 657 669 693 649 686 664 647 647 634 666 672 655 663 674 656 647 639 629 630 625 675 625 647 640 651 654 651 652 626 629 642 647 605 657 650 618 624 612 618 614 612 640 645 657 622 640 651 640 637 626 642 -9999 -9999 -9999 -9999 -9999 -9999 -9999 -9999 -9999 -9999 -9999 -9999 -9999 -9999 -9999 -9999 -9999 689
686 688 688 706 712 716 716 694 714 679 674 685 665 665 657 677 666 669 649 681 704 693 663 665 657 644 654 649 634 635 676 690 671 686 625 657 642 647 624 651 662 666 665 637 664 664 640 632 632 626 629 612 617 612 646 630 614 613 634 649 629 645 630 636 629 656 660 642 649 -9999 -9999 -9999 -9999 -9999 -9999 -9999 -9999 -9999 -9999 -9999 -9999 -9999 -9999 651 650 656
682 700 685 695 706 710 682 702 709 691 679 665 683 640 677 677 664 668 688 687 704 678 678 677 662 644 649 651 675 676 673 659 666 654 658 661 644 620 628 637 665 635 647 645 654 659 657 647 658 647 649 637 617 638 647 646 632 632 640 647 637 668 637 636 655 642 654 616 626 -9999 -9999 -9999 -9999 -9999 -9999 -9999 -9999 -9999 -9999 -9999 -9999 -9999 -9999 647 680 654
667 674 706 686 697 697 716 705 711 704 704 691 670 655 675 692 704 685 656 676 694 690 681 669 664 652 662 645 641 650 662 649 674 676 651 643 644 644 638 646 651 656 653 649 656 652 673 614 647 646 626 612 612 631 639 621 651 632 623 615 622 616 622 626 622 653 665 629 607 607 595 595 -9999 -9999 -9999 -9999 -9999 -9999 669 -9999 -9999 -9999 650 651 646 679
689 699 697 698 699 703 702 680 699 716 702 681 675 654 662 670 686 689 699 691 702 693 678 667 664 664 665 643 664 650 650 686 685 669 673 672 676 629 661 636 678 678 671 649 652 676 676 627 663 643 618 624 612 616 631 639 633 603 651 613 644 629 647 622 635 640 647 635 641 641 609 609 588 -9999 -9999 -9999 641 627 640 640 648 663 683 648 673 684
679 712 682 717 700 696 714 702 686 729 703 668 655 680 692 673 657 669 685 660 687 685 701 689 676 664 626 645 661 649 686 686 677 679 656 668 675 660 675 655 675 656 634 655 676 639 676 683 647 643 618 649 669 603 614 621 628 628 622 613 613 634 626 644 663 622 649 640 631 635 640 619 602 595 613 610 630 653 657 661 650 641 692 700 673 654
693 707 694 703 671 711 713 721 697 684 697 665 696 672 672 664 687 650 698 699 689 711 679 692 678 667 647 669 660 663 647 664 642 644 655 684 643 634 641 667 680 683 677 667 655 637 676 619 683 656 660 620 644 618 632 608 638 620 614 629 621 657 653 644 654 622 639 644 643 637 632 624 608 610 600 638 630 643 643 631 651 666 666 690 653 655
694 704 694 689 702 732 717 723 720 720 697 695 695 683 678 680 668 658 662 701 681 677 681 676 686 683 667 667 641 669 656 696 678 669 643 682 656 664 680 653 653 659 656 661 656 641 653 681 640 666 670 654 644 659 657 638 638 661 602 625 629 629 633 627 653 665 659 645 626 650 635 616 623 618 614 622 655 629 637 647 651 648 687 674 650 674
709 694 691 709 680 695 683 681 711 735 697 697 694 688 680 690 680 666 705 709 709 707 658 677 681 660 676 657 671 682 647 679 691 684 684 676 663 697 652 665 668 650 687 663 678 658 650 659 629 655 643 654 671 651 657 649 622 633 638 631 633 645 647 647 661 654 658 651 650 638 634 626 633 616 608 626 636 628 662 651 664 666 673 662 666 677
694 691 700 704 695 717 681 689 695 723 706 701 693 697 656 653 691 661 702 690 699 710 686 705 671 681 664 666 633 667 671 676 662 669 671 671 670 658 669 670 643 660 685 656 665 653 651 680 690 625 653 685 659 636 662 626 655 636 636 611 602 613 632 634 639 661 665 647 652 658 668 631 638 633 639 631 625 636 651 642 637 663 687 679 675 686
722 696 713 717 716 690 703 708 735 700 735 689 682 720 670 670 700 706 690 675 697 692 699 711 719 706 704 681 655 652 652 661 648 670 663 659 657 669 687 658 666 683 650 645 668 687 676 676 674 650 695 627 669 674 669 651 681 654 638 636 643 628 629 629 647 637 665 655 655 665 661 659 657 634 630 621 620 647 636 633 654 690 673 678 682 661
734 697 701 671 680 686 702 695 738 729 706 728 714 674 697 688 678 705 689 679 689 691 723 686 709 717 680 706 692 672 657 671 648 649 661 664 659 669 676 668 653 661 653 661 664 668 660 664 664 664 641 659 677 690 672 665 664 669 633 615 639 648 633 619 645 637 645 637 669 668 663 668 648 640 650 654 662 636 641 655 649 667 667 693 664 678
723 723 702 703 716 690 689 685 708 689 711 701 695 712 683 714 675 687 675 675 705 708 710 677 701 678 688 693 686 690 666 673 645 639 680 676 681 671 655 682 682 701 676 673 698 690 689 678 669 657 663 655 651 677 681 668 677 641 625 653 636 620 644 651 636 641 641 655 670 663 681 664 659 662 639 643 641 656 654 653 644 664 690 690 673 683
706 723 688 719 739 690 721 700 728 714 729 705 711 692 714 709 687 669 675 699 713 701 688 701 710 696 712 685 680 656 689 695 699 692 647 688 690 681 686 702 644 681 684 699 681 675 687 682 680 678 679 670 669 670 682 675 671 665 657 644 672 629 646 628 640 651 655 647 651 657 675 675 670 671 659 664 653 646 685 646 654 664 677 685 719 690
730 720 704 723 721 694 692 706 689 706 711 711 700 727 727 698 696 697 695 708 699 701 705 708 689 722 710 685 701 677 682 677 684 693 699 691 683 684 694 663 621 678 680 695 674 699 677 675 670 702 686 669 661 646 691 665 679 677 679 663 671 682 632 647 653 633 655 650 657 653 666 668 666 675 664 663 659 637 665 683 668 664 669 679 694 689
718 719 733 687 710 710 710 710 718 722 728 706 731 720 727 725 727 695 714 708 716 701 696 734 725 701 727 725 720 681 684 689 690 665 673 686 683 672 693 680 682 671 655 658 671 705 672 675 691 676 651 675 676 651 676 672 667 663 650 652 684 681 662 653 650 644 668 630 671 682 653 654 661 676 684 679 669 651 671 680 658 675 675 692 693 705
707 724 711 721 721 719 682 695 698 698 732 721 714 714 689 726 692 709 710 709 689 693 693 698 731 724 721 712 705 686 686 673 696 685 656 674 685 674 671 683 674 664 661 672 665 663 671 666 668 690 674 674 675 685 660 682 682 655 653 692 691 688 695 641 686 654 660 640 642 662 657 673 684 686 683 674 679 663 678 651 655 679 688 685 701 703
708 718 712 726 721 702 712 716 707 720 726 721 721 721 725 686 689 708 712 727 710 705 696 706 703 722 687 692 678 675 679 718 703 706 665 678 678 666 698 676 668 665 702 682 667 666 665 672 708 698 690 690 674 684 668 675 690 679 681 683 687 674 685 685 667 665 657 661 691 687 678 670 696 684 671 674 674 677 662 655 699 685 680 680 680 705
710 721 718 705 706 723 727 727 714 720 708 731 731 720 744 719 680 702 701 701 709 715 722 715 696 712 715 688 721 695 690 719 681 712 686 682 688 681 669 681 704 669 696 688 689 666 642 666 660 669 666 653 664 692 677 677 686 684 689 686 681 681 685 691 681 666 680 681 672 662 659 666 679 697 720 691 664 671 674 665 684 664 699 686 677 702
723 727 728 723 718 717 705 727 737 721 726 729 725 726 758 751 721 686 696 704 715 698 707 710 705 708 711 717 713 687 698 712 716 704 670 658 658 667 677 684 704 688 685 683 689 681 680 665 675 691 668 668 692 676 693 704 686 682 703 675 700 711 702 705 699 686 690 666 678 677 679 679 678 697 696 712 683 698 698 684 680 653 699 691 671 684
