worldclim/bio5_cr.asc
ncols        411
nrows        382
xllcorner    -85.979072453958
yllcorner    8.036441368777
cellsize     0.008333330000
NODATA_value  -9999
[rows 228 to 265 of 382, columns 258 to 343 of 411]
331 328 325 322 314 306 292 296 302 305 305 307 312 314 316 311 314 313 315 314 315 315 315 314 313 310 307 303 301 301 301 304 302 302 292 279 296 290 281 268 260 264 263 256 240 229 244 247 235 228 222 218 229 227 227 236 238 230 235 224 234 265 276 269 265 245 254 246 225 241 226 209 190 183 184 189 167 170 157 160 177 191 200 216 209 207
327 330 323 319 316 310 301 288 297 306 311 312 314 316 314 310 310 314 314 315 315 316 316 315 313 312 309 307 306 306 304 306 306 307 303 299 301 299 291 286 280 275 273 265 252 255 259 260 237 240 232 217 235 251 237 250 241 232 247 248 254 264 278 282 257 257 268 258 231 242 237 224 204 201 213 213 200 192 169 156 164 181 185 199 195 209
323 324 323 318 313 312 311 281 291 301 296 309 309 313 315 311 311 311 314 315 316 316 315 316 314 314 312 310 310 308 308 310 311 310 310 305 305 303 303 297 291 287 283 277 273 273 267 251 241 250 247 230 237 257 252 258 242 244 257 264 270 274 286 289 273 276 275 256 250 260 260 242 227 223 228 231 229 209 185 170 165 164 177 176 186 212
327 324 322 320 316 317 315 280 289 283 295 295 301 308 313 315 308 309 313 315 317 317 316 316 315 313 312 312 311 311 311 312 312 311 310 308 306 307 305 301 296 291 288 288 285 279 267 260 260 262 267 254 244 260 270 255 240 256 262 273 276 280 292 292 279 287 280 268 285 271 257 240 228 243 246 248 252 217 198 191 185 162 165 158 186 200
330 327 323 324 323 320 311 284 278 276 286 287 293 304 313 312 315 312 308 315 314 316 318 317 314 314 313 313 313 313 313 314 316 312 311 311 309 310 309 304 301 297 296 298 288 280 281 275 270 270 273 254 246 258 273 253 244 258 274 276 282 288 293 298 290 290 295 290 276 258 248 242 230 242 254 256 252 240 222 209 183 174 154 162 180 183
331 332 330 327 325 322 305 283 280 273 281 282 291 300 305 310 314 316 314 313 316 310 316 318 315 314 312 314 314 315 314 315 315 314 313 311 310 312 310 309 306 304 301 303 298 294 294 287 278 280 282 266 258 266 278 262 251 266 280 282 285 295 293 303 299 302 295 280 266 258 241 234 240 244 265 261 236 224 211 194 176 168 159 165 178 179
335 334 330 327 326 323 317 289 284 280 288 286 288 289 299 304 307 313 316 317 316 318 317 319 314 313 313 313 315 316 316 317 317 314 313 313 312 310 313 311 308 307 305 305 306 308 303 296 289 291 285 272 276 286 285 269 254 270 283 291 288 295 306 309 305 299 296 289 273 256 245 239 248 256 260 265 239 224 221 204 198 186 182 194 197 191
328 330 330 325 320 317 315 306 290 293 299 301 300 307 305 297 300 314 313 310 313 315 316 318 318 318 319 320 319 318 317 318 316 315 314 313 311 312 314 312 310 309 310 308 311 310 300 304 303 298 290 281 281 293 288 272 278 276 287 295 293 295 301 309 310 301 292 286 279 266 249 231 250 262 273 275 251 253 239 222 204 209 203 214 205 193
324 323 328 326 322 316 314 306 299 308 309 313 314 300 304 313 313 307 306 306 309 311 314 315 314 315 318 320 317 320 321 317 314 315 315 315 314 318 314 314 314 313 314 312 312 314 313 309 307 303 299 288 294 300 291 275 282 287 296 300 302 299 303 312 313 296 286 283 271 263 246 239 259 270 282 279 266 259 254 220 225 224 223 223 202 190
324 321 322 328 325 322 316 307 308 317 315 321 309 293 294 301 300 302 302 303 304 308 312 311 312 316 314 312 312 317 322 319 315 317 317 315 315 320 316 317 317 317 316 314 314 316 315 313 309 308 311 304 305 302 294 282 282 295 304 307 309 311 309 315 305 293 293 287 273 270 263 257 248 273 287 279 266 258 236 217 240 252 244 228 220 214
328 318 320 321 325 323 318 314 311 317 324 323 313 295 284 284 292 299 293 295 302 305 305 309 311 310 308 308 311 313 319 322 320 323 319 316 316 321 319 319 319 319 318 318 319 319 318 315 315 313 314 311 309 306 300 296 285 295 305 309 314 317 316 310 302 298 294 282 278 277 282 268 266 276 285 288 279 270 255 231 244 244 209 202 194 195
332 332 328 322 320 319 316 315 311 323 328 321 313 300 282 282 287 291 298 292 299 301 305 304 308 307 306 306 306 311 315 317 323 319 324 319 320 317 318 320 322 320 320 321 320 321 318 316 316 317 316 314 312 311 306 303 301 309 309 315 318 321 312 303 302 303 293 289 291 288 290 278 274 285 286 292 280 274 266 263 261 239 216 223 215 202
-9999 339 334 326 328 328 317 321 322 328 326 324 316 310 310 284 290 299 302 308 307 302 307 306 310 304 309 311 309 309 313 314 314 314 319 324 324 326 320 317 323 322 323 323 322 322 322 319 319 319 317 316 315 314 318 317 308 314 315 316 324 316 303 307 311 306 303 299 298 298 283 273 285 296 299 286 281 283 271 274 263 237 222 234 210 196
-9999 -9999 -9999 -9999 335 334 327 329 331 329 321 312 310 310 315 314 300 298 301 307 305 309 308 305 308 311 309 308 309 311 308 309 308 310 314 322 323 326 327 318 323 323 323 324 323 323 324 323 322 321 320 319 317 316 319 323 320 318 319 319 324 315 310 317 314 313 310 304 304 290 287 274 296 304 289 287 294 277 265 260 236 229 231 241 213 182
-9999 -9999 -9999 -9999 -9999 337 335 331 333 329 323 322 321 320 325 322 314 288 292 298 303 308 305 304 304 308 308 308 308 311 308 306 306 306 309 315 317 322 322 327 326 322 322 323 324 325 325 324 324 323 322 321 321 321 322 323 328 327 324 325 321 315 314 319 318 318 313 310 304 296 292 287 302 303 289 297 288 277 243 240 235 237 254 238 210 188
-9999 -9999 -9999 -9999 -9999 -9999 339 336 336 334 329 330 328 329 328 328 324 307 284 293 298 304 304 306 308 307 308 308 308 308 309 308 306 306 309 310 311 315 317 320 325 324 322 322 323 324 326 326 325 324 324 323 325 325 325 327 329 329 329 325 322 321 318 320 320 316 314 310 307 304 300 296 297 307 296 302 292 276 258 259 256 263 262 243 221 214
-9999 -9999 -9999 -9999 -9999 -9999 -9999 339 339 337 335 334 330 333 329 325 318 305 292 284 289 296 301 304 304 307 314 312 308 308 311 318 312 307 308 309 310 310 315 318 322 327 320 321 323 323 325 326 326 325 325 326 326 327 328 331 330 330 330 327 324 322 321 323 320 314 314 315 312 311 300 291 298 306 308 292 284 271 272 273 267 267 260 244 236 231
-9999 -9999 -9999 -9999 -9999 -9999 -9999 -9999 339 339 338 337 337 332 327 319 320 304 296 296 294 292 291 293 300 307 314 316 314 314 318 322 313 307 308 308 311 310 309 316 323 329 325 319 321 324 323 325 326 326 326 327 328 330 330 330 331 330 329 327 327 327 325 324 318 314 318 318 319 309 300 300 299 311 306 289 281 272 284 281 279 277 268 260 249 233
-9999 -9999 -9999 -9999 -9999 -9999 -9999 -9999 339 339 338 335 337 331 330 317 306 304 297 299 299 295 287 292 299 310 316 319 321 320 325 324 321 313 311 309 310 314 313 317 320 328 330 318 320 322 324 324 326 326 326 327 329 330 331 330 330 330 330 327 327 326 327 327 320 316 322 315 311 307 307 307 301 308 314 299 293 280 293 287 280 276 260 253 234 223
-9999 -9999 -9999 -9999 -9999 -9999 -9999 -9999 339 339 339 339 335 333 330 325 314 301 296 294 297 298 305 308 309 312 317 318 318 322 325 325 325 325 322 321 316 314 320 321 320 325 328 326 328 328 321 324 324 325 325 325 330 331 331 330 329 328 328 327 327 328 329 329 325 327 321 314 309 306 314 311 307 313 311 306 304 299 291 270 253 251 237 225 210 226
-9999 -9999 -9999 -9999 -9999 -9999 -9999 -9999 -9999 -9999 -9999 -9999 335 332 329 326 323 320 311 299 288 292 298 306 306 306 309 310 309 313 321 324 322 322 319 322 324 324 319 322 322 319 326 328 326 329 326 322 331 323 323 325 329 331 331 329 328 328 327 327 327 327 330 329 330 324 319 316 309 308 314 314 312 317 314 311 308 295 282 264 263 261 250 247 222 236
-9999 -9999 -9999 -9999 -9999 -9999 -9999 -9999 -9999 -9999 -9999 -9999 337 335 333 329 320 306 310 309 282 287 289 294 294 294 299 303 295 299 309 317 318 315 307 312 318 321 314 315 317 316 314 317 321 329 331 329 331 321 323 327 327 331 329 329 327 326 325 326 327 326 328 330 326 325 325 321 320 324 318 309 317 319 313 312 309 303 289 285 286 288 271 267 248 248
-9999 -9999 -9999 -9999 -9999 -9999 -9999 -9999 -9999 -9999 -9999 -9999 -9999 338 338 336 332 324 314 301 289 281 279 282 284 289 295 290 292 295 301 311 317 322 317 319 326 314 311 311 314 309 306 310 319 326 330 332 332 331 331 332 332 331 330 327 325 325 325 325 326 328 326 330 329 326 326 326 326 323 317 311 307 322 309 309 312 310 303 298 299 294 282 280 265 260
-9999 -9999 -9999 -9999 -9999 -9999 -9999 -9999 -9999 -9999 -9999 -9999 -9999 -9999 338 336 334 331 326 320 316 317 320 303 285 294 296 298 301 307 302 308 314 322 323 325 322 312 309 307 305 300 302 307 314 320 327 329 328 329 329 331 332 332 329 325 323 322 324 324 323 328 328 329 329 329 326 329 327 323 319 317 313 323 314 311 308 315 312 312 305 300 298 286 277 267
-9999 -9999 -9999 -9999 -9999 -9999 -9999 -9999 -9999 -9999 -9999 -9999 -9999 -9999 -9999 -9999 335 333 328 329 331 330 326 321 313 292 289 296 308 306 312 311 316 321 325 321 309 309 308 305 304 299 309 309 318 320 321 324 323 325 328 331 331 330 327 325 322 322 322 322 322 324 328 330 330 329 328 329 326 322 320 319 317 324 320 312 312 311 318 315 309 305 295 289 283 271
-9999 -9999 -9999 -9999 -9999 -9999 -9999 -9999 -9999 -9999 -9999 -9999 -9999 -9999 -9999 -9999 338 334 333 333 332 333 331 331 325 313 308 307 295 298 299 311 314 316 319 311 309 309 309 309 308 311 315 317 318 323 320 316 322 327 329 332 332 331 331 323 322 321 321 322 323 320 322 325 331 331 331 328 323 321 323 320 320 317 325 315 318 319 316 313 309 302 301 296 287 279
-9999 -9999 -9999 -9999 -9999 -9999 -9999 -9999 -9999 -9999 -9999 -9999 -9999 -9999 -9999 -9999 -9999 336 337 336 336 335 335 332 325 326 321 309 303 290 296 302 305 313 313 308 317 320 321 311 307 310 314 322 325 329 326 323 326 330 331 330 332 332 332 329 329 330 324 327 328 326 324 327 329 330 331 329 327 325 323 320 320 318 325 322 322 322 309 306 306 305 300 296 291 285
-9999 -9999 -9999 -9999 -9999 -9999 -9999 -9999 -9999 -9999 -9999 -9999 -9999 -9999 -9999 -9999 -9999 -9999 337 338 337 336 335 333 332 329 319 310 303 301 291 295 299 309 312 314 321 318 322 325 325 324 322 326 326 330 331 330 331 327 328 324 329 331 332 332 333 333 331 332 331 330 330 329 329 330 331 329 326 326 323 324 319 318 326 326 323 318 311 309 303 302 300 298 298 292
-9999 -9999 -9999 -9999 -9999 -9999 -9999 -9999 -9999 -9999 -9999 -9999 -9999 -9999 -9999 -9999 -9999 -9999 -9999 338 337 337 337 334 335 329 322 326 319 314 314 313 303 300 307 320 320 319 324 327 328 328 324 329 330 331 331 332 331 327 321 319 321 327 330 332 330 332 331 329 330 330 329 330 329 330 329 327 328 328 324 326 321 318 327 327 323 318 314 310 307 306 300 300 299 300
-9999 -9999 -9999 -9999 -9999 -9999 -9999 -9999 -9999 -9999 -9999 -9999 -9999 -9999 -9999 -9999 -9999 -9999 -9999 338 337 337 335 335 334 330 330 332 333 330 326 302 307 310 316 314 318 322 322 324 328 329 327 321 328 325 324 331 330 329 320 314 321 321 325 325 325 327 325 324 323 324 328 325 327 329 330 328 330 329 326 326 321 323 322 327 325 322 318 314 311 308 302 302 302 303
-9999 -9999 -9999 -9999 -9999 -9999 -9999 -9999 -9999 -9999 -9999 -9999 -9999 -9999 -9999 -9999 -9999 -9999 -9999 -9999 -9999 338 335 334 335 333 336 335 333 324 311 298 304 307 314 313 317 318 312 319 324 326 324 324 329 319 318 315 324 326 325 315 316 322 323 321 325 323 315 314 315 321 319 322 324 327 329 330 330 330 329 329 324 323 324 326 326 323 320 317 315 312 309 308 312 306
-9999 -9999 -9999 -9999 -9999 -9999 -9999 -9999 -9999 -9999 -9999 -9999 -9999 -9999 -9999 -9999 -9999 -9999 -9999 -9999 -9999 -9999 338 334 338 337 336 336 333 328 323 297 294 299 308 308 311 310 313 313 318 324 322 327 329 321 316 314 319 318 317 311 316 315 316 318 322 318 314 310 315 320 317 316 321 325 328 328 330 331 331 329 325 324 326 326 328 327 322 324 318 313 312 316 310 305
-9999 -9999 -9999 -9999 -9999 -9999 -9999 -9999 -9999 -9999 -9999 -9999 -9999 -9999 -9999 -9999 -9999 -9999 -9999 -9999 -9999 -9999 338 -9999 338 338 333 334 332 332 329 322 309 306 306 299 306 304 307 304 311 318 323 327 328 327 328 325 322 317 310 308 310 306 306 307 310 312 316 319 322 321 316 312 318 316 322 326 329 330 331 330 328 327 324 326 327 325 324 323 319 317 320 315 311 310
-9999 -9999 -9999 -9999 -9999 -9999 -9999 -9999 -9999 -9999 -9999 -9999 -9999 -9999 -9999 -9999 -9999 -9999 -9999 -9999 -9999 -9999 337 -9999 338 338 338 335 338 336 333 330 323 315 309 307 312 308 301 303 313 316 320 328 325 324 324 326 315 318 316 315 317 311 307 311 314 314 317 318 317 320 315 310 312 313 317 322 327 329 331 329 329 329 329 326 328 327 326 324 323 323 320 317 313 307
-9999 -9999 -9999 -9999 -9999 -9999 -9999 -9999 -9999 -9999 -9999 -9999 -9999 -9999 -9999 -9999 -9999 -9999 -9999 -9999 -9999 -9999 -9999 338 337 338 338 338 338 337 335 334 329 323 316 328 323 315 305 300 305 311 317 324 318 315 320 323 325 323 323 320 314 312 308 313 315 316 314 314 317 313 309 310 315 317 318 321 325 328 331 331 330 330 330 328 329 328 326 326 326 323 323 320 315 309
-9999 -9999 -9999 -9999 -9999 -9999 -9999 -9999 -9999 -9999 -9999 -9999 -9999 -9999 -9999 -9999 -9999 -9999 -9999 -9999 -9999 -9999 -9999 338 -9999 338 338 338 338 337 333 333 331 327 328 328 330 322 315 303 299 303 315 314 313 306 310 320 324 319 314 309 300 310 305 307 312 312 312 310 313 313 313 316 321 322 322 325 323 329 330 330 330 330 329 328 329 328 327 327 326 325 324 322 317 311
-9999 -9999 -9999 -9999 -9999 -9999 -9999 -9999 -9999 -9999 -9999 -9999 -9999 -9999 -9999 -9999 -9999 -9999 -9999 -9999 -9999 -9999 -9999 338 338 338 338 338 338 336 336 335 333 332 333 333 332 331 329 322 295 300 308 307 311 305 304 307 307 312 312 309 304 305 305 307 310 314 316 312 311 322 319 320 320 325 327 327 327 328 328 330 330 331 329 329 329 328 328 328 326 325 323 323 319 312
-9999 -9999 -9999 -9999 -9999 -9999 -9999 -9999 -9999 -9999 -9999 -9999 -9999 -9999 -9999 -9999 -9999 -9999 -9999 -9999 -9999 -9999 -9999 338 338 337 338 338 337 337 336 334 332 333 333 334 334 335 331 328 319 313 306 304 309 307 298 295 302 299 300 306 304 300 304 311 312 312 313 316 317 323 329 327 322 324 329 328 327 328 329 329 332 329 331 330 329 329 329 328 328 327 325 326 322 317
