worldclim/bio5_cr.asc
ncols        411
nrows        382
xllcorner    -85.979072453958
yllcorner    8.036441368777
cellsize     0.008333330000
NODATA_value  -9999
[rows 190 to 227 of 382, columns 172 to 257 of 411]
333 335 342 341 341 341 341 334 333 333 336 339 337 335 333 332 332 334 329 329 330 329 328 328 334 335 336 337 338 337 337 337 335 333 323 316 308 302 309 320 327 314 314 291 270 243 219 217 256 271 262 254 263 249 242 243 234 245 240 245 248 252 246 234 228 217 206 220 229 219 203 204 198 209 191 196 180 173 167 171 154 149 151 144 147 157
331 337 337 339 341 341 340 341 336 336 335 341 335 335 331 330 330 335 331 328 330 328 328 329 333 336 336 336 338 332 333 335 333 332 331 319 313 304 303 310 311 312 309 285 267 255 228 224 244 255 248 249 252 248 236 228 235 242 246 258 251 259 249 229 217 213 200 204 216 206 199 218 195 188 180 176 181 166 161 158 146 137 136 137 144 147
336 336 338 336 335 336 336 341 338 339 341 341 338 334 333 331 331 334 332 328 329 328 327 328 332 338 338 337 338 335 337 337 335 334 330 328 322 320 317 322 319 313 309 308 277 253 237 250 242 245 244 239 242 245 242 239 243 252 258 263 264 268 251 245 225 232 211 206 218 199 228 216 205 194 186 177 171 159 156 146 146 138 140 151 155 153
337 338 339 334 336 337 339 341 340 341 340 340 339 337 333 331 333 335 333 333 331 327 332 332 334 336 338 338 337 338 337 336 334 332 333 334 332 324 314 322 308 303 300 279 299 282 259 268 252 239 245 234 246 245 253 263 253 257 270 268 271 259 254 256 247 240 224 220 226 220 228 217 209 206 205 188 177 167 151 153 153 150 151 165 168 157
340 341 338 341 337 335 339 341 340 341 340 339 338 334 335 332 335 337 336 331 331 336 332 333 334 337 338 338 337 337 336 336 337 334 336 336 334 331 327 322 304 297 303 273 277 287 270 262 255 269 269 256 270 269 277 284 264 265 274 274 284 278 281 268 259 260 240 239 239 241 227 220 234 219 204 203 179 171 154 168 174 164 155 167 178 160
341 341 340 341 339 335 335 341 341 337 338 337 339 337 337 339 338 337 336 338 338 338 335 337 339 338 338 338 338 338 338 337 334 336 336 334 334 334 328 319 318 303 285 277 264 273 282 295 290 298 296 291 287 292 299 292 274 254 261 273 275 293 296 284 281 273 268 257 254 240 227 241 239 211 187 179 181 171 164 166 179 175 173 178 179 162
342 341 340 341 334 332 337 337 334 339 338 340 338 337 336 338 338 337 337 338 339 338 338 339 338 338 338 339 339 338 337 337 336 338 337 336 334 335 333 328 317 303 295 280 265 266 280 304 307 311 308 300 304 303 304 281 258 263 272 287 294 296 273 267 277 268 258 265 230 225 244 223 213 210 190 173 168 172 172 166 182 191 183 190 175 158
341 342 341 339 341 341 341 340 339 340 339 339 339 337 339 338 336 336 339 339 339 338 339 339 338 338 339 338 339 338 339 338 338 335 337 338 336 335 335 333 324 308 308 299 295 284 285 301 314 317 314 307 315 317 304 286 270 264 278 291 307 295 295 282 285 280 261 242 233 233 250 223 193 189 180 168 166 174 185 182 191 204 204 185 161 154
341 342 341 335 336 336 338 339 340 339 339 337 339 339 339 335 335 337 340 339 339 339 339 339 338 339 339 339 338 338 338 338 336 336 337 338 339 336 337 336 329 317 319 314 309 309 308 303 310 318 324 319 318 309 308 296 292 297 286 295 308 303 293 299 303 297 279 266 265 260 253 217 198 201 178 165 165 177 184 193 205 217 218 182 180 167
341 341 340 341 340 340 339 339 339 338 338 338 338 338 336 337 336 338 340 340 340 339 339 339 339 338 339 338 338 339 338 338 337 337 338 339 339 338 338 335 332 329 323 323 320 313 303 313 322 314 326 312 309 302 303 297 305 309 308 299 305 307 306 308 299 280 288 286 270 254 248 220 225 210 185 169 172 167 176 185 208 223 203 189 187 171
341 342 341 341 341 341 340 338 339 339 340 340 340 339 338 338 338 339 340 340 340 340 339 339 339 339 339 339 338 338 339 339 338 338 339 339 339 338 339 336 333 333 332 329 322 314 320 331 330 328 325 319 311 306 312 315 318 320 318 315 305 297 310 308 282 261 262 265 259 251 232 233 222 201 188 200 205 184 172 179 199 232 226 209 207 183
342 341 341 342 340 341 340 339 339 340 340 340 339 338 339 339 339 339 340 340 340 340 339 339 339 339 339 339 339 338 338 339 339 339 339 339 339 339 339 337 336 336 333 333 330 328 330 335 327 322 323 314 317 319 319 323 327 327 323 321 308 310 315 308 285 269 263 264 272 261 250 245 236 206 202 221 235 206 183 186 208 223 238 230 225 202
342 341 340 341 342 -9999 -9999 -9999 -9999 340 341 341 340 340 339 339 339 340 340 339 339 339 339 339 339 339 340 339 339 339 338 339 339 339 339 339 340 340 339 339 338 339 337 337 335 333 336 333 331 323 319 323 327 324 324 327 330 324 319 315 314 315 313 300 300 291 289 292 277 256 239 239 230 238 228 249 252 223 209 222 239 245 241 225 214 228
-9999 342 -9999 -9999 -9999 -9999 -9999 -9999 -9999 -9999 -9999 -9999 340 340 340 340 340 340 340 339 339 339 339 339 339 339 339 339 339 339 340 339 340 340 341 339 340 340 340 339 339 339 335 334 335 338 336 333 329 327 315 325 332 330 330 332 328 320 310 317 320 320 315 304 302 290 298 294 286 266 253 264 266 255 260 258 269 244 223 254 255 242 223 212 200 192
-9999 -9999 -9999 -9999 -9999 -9999 -9999 -9999 -9999 -9999 -9999 -9999 -9999 -9999 -9999 -9999 340 340 340 340 340 340 340 340 340 339 339 340 340 340 339 340 340 339 339 341 340 340 340 340 340 340 339 339 338 336 331 331 334 337 333 332 334 334 335 334 331 323 310 322 324 322 318 318 306 297 300 283 275 265 280 296 287 271 275 276 284 260 260 270 252 231 212 206 192 209
-9999 -9999 -9999 -9999 -9999 -9999 -9999 -9999 -9999 -9999 -9999 -9999 -9999 -9999 -9999 -9999 -9999 -9999 -9999 -9999 340 340 340 340 340 340 340 340 340 340 340 340 340 340 340 340 341 340 341 340 340 340 340 339 339 339 338 337 339 338 337 338 337 335 336 330 326 326 322 325 324 316 304 308 312 304 294 285 294 287 302 305 300 288 296 293 278 275 273 248 245 239 227 215 190 214
-9999 -9999 -9999 -9999 -9999 -9999 -9999 -9999 -9999 -9999 -9999 -9999 -9999 -9999 -9999 -9999 -9999 -9999 -9999 -9999 -9999 -9999 -9999 -9999 -9999 340 340 340 339 339 340 340 340 340 340 340 340 341 340 341 341 340 340 340 340 340 339 339 339 338 338 337 334 331 332 333 329 323 324 328 324 315 301 287 309 301 292 299 297 293 299 312 311 301 304 298 296 284 268 261 239 241 219 210 203 223
-9999 -9999 -9999 -9999 -9999 -9999 -9999 -9999 -9999 -9999 -9999 -9999 -9999 -9999 -9999 -9999 -9999 -9999 -9999 -9999 -9999 -9999 -9999 -9999 -9999 -9999 -9999 -9999 -9999 340 340 340 340 340 341 340 340 341 342 341 341 341 341 340 340 340 340 339 338 338 338 337 336 334 333 333 333 329 324 328 323 320 313 303 298 304 311 313 310 292 303 316 318 313 311 287 266 264 253 247 238 232 246 243 226 224
-9999 -9999 -9999 -9999 -9999 -9999 -9999 -9999 -9999 -9999 -9999 -9999 -9999 -9999 -9999 -9999 -9999 -9999 -9999 -9999 -9999 -9999 -9999 -9999 -9999 -9999 -9999 -9999 -9999 -9999 -9999 -9999 -9999 -9999 341 340 341 341 341 342 342 341 341 340 340 339 340 339 339 337 337 336 336 335 333 333 332 331 329 329 325 321 311 304 314 316 320 322 304 287 304 316 303 311 308 299 278 256 267 267 257 253 262 265 244 237
-9999 -9999 -9999 -9999 -9999 -9999 -9999 -9999 -9999 -9999 -9999 -9999 -9999 -9999 -9999 -9999 -9999 -9999 -9999 -9999 -9999 -9999 -9999 -9999 -9999 -9999 -9999 -9999 -9999 -9999 -9999 -9999 -9999 -9999 -9999 -9999 341 341 -9999 341 342 342 341 341 341 338 338 339 338 338 337 337 336 335 335 333 332 332 332 328 318 320 322 313 320 326 328 324 316 293 292 318 305 293 288 290 284 287 296 278 256 267 286 274 255 245
-9999 -9999 -9999 -9999 -9999 -9999 -9999 -9999 -9999 -9999 -9999 -9999 -9999 -9999 -9999 -9999 -9999 -9999 -9999 -9999 -9999 -9999 -9999 -9999 -9999 -9999 -9999 -9999 -9999 -9999 -9999 -9999 -9999 -9999 -9999 -9999 -9999 -9999 341 341 342 342 341 341 341 341 340 339 338 338 338 337 337 337 336 335 334 333 332 330 324 313 317 323 322 330 330 330 326 318 310 319 315 293 273 289 296 306 298 271 270 259 288 284 267 275
-9999 -9999 -9999 -9999 -9999 -9999 -9999 -9999 -9999 -9999 -9999 -9999 -9999 -9999 -9999 -9999 -9999 -9999 -9999 -9999 -9999 -9999 -9999 -9999 -9999 -9999 -9999 -9999 -9999 -9999 -9999 -9999 -9999 -9999 -9999 -9999 -9999 -9999 -9999 -9999 -9999 -9999 341 341 341 340 340 340 339 339 338 338 338 337 336 335 333 333 333 331 328 327 330 328 329 334 322 323 328 325 318 326 300 300 288 296 312 315 306 288 280 274 286 299 293 304
-9999 -9999 -9999 -9999 -9999 -9999 -9999 -9999 -9999 -9999 -9999 -9999 -9999 -9999 -9999 -9999 -9999 -9999 -9999 -9999 -9999 -9999 -9999 -9999 -9999 -9999 -9999 -9999 -9999 -9999 -9999 -9999 -9999 -9999 -9999 -9999 -9999 -9999 -9999 -9999 -9999 -9999 -9999 341 341 340 340 339 339 339 339 338 338 338 338 336 333 334 335 333 328 332 336 335 331 334 330 323 331 324 321 325 313 312 307 312 318 315 311 304 295 283 295 309 308 294
-9999 -9999 -9999 -9999 -9999 -9999 -9999 -9999 -9999 -9999 -9999 -9999 -9999 -9999 -9999 -9999 -9999 -9999 -9999 -9999 -9999 -9999 -9999 -9999 -9999 -9999 -9999 -9999 -9999 -9999 -9999 -9999 -9999 -9999 -9999 -9999 -9999 -9999 -9999 -9999 -9999 -9999 -9999 -9999 -9999 340 340 339 339 339 339 339 338 338 338 336 335 335 335 337 337 336 336 333 327 324 319 321 324 328 324 326 316 319 319 315 318 308 310 307 316 300 297 313 312 292
-9999 -9999 -9999 -9999 -9999 -9999 -9999 -9999 -9999 -9999 -9999 -9999 -9999 -9999 -9999 -9999 -9999 -9999 -9999 -9999 -9999 -9999 -9999 -9999 -9999 -9999 -9999 -9999 -9999 -9999 -9999 -9999 -9999 -9999 -9999 -9999 -9999 -9999 -9999 -9999 -9999 -9999 -9999 -9999 -9999 340 338 339 339 339 339 339 338 338 338 338 338 337 337 337 337 335 327 328 326 319 321 319 325 330 328 327 328 327 324 321 322 321 320 322 317 316 317 315 308 305
-9999 -9999 -9999 -9999 -9999 -9999 -9999 -9999 -9999 -9999 -9999 -9999 -9999 -9999 -9999 -9999 -9999 -9999 -9999 -9999 -9999 -9999 -9999 -9999 -9999 -9999 -9999 -9999 -9999 -9999 -9999 -9999 -9999 -9999 -9999 -9999 -9999 -9999 -9999 -9999 -9999 -9999 -9999 -9999 -9999 337 336 338 339 340 339 339 339 339 339 339 338 338 337 337 337 336 330 326 329 329 321 317 315 319 319 324 324 319 319 316 305 314 313 312 312 309 309 305 294 290
-9999 -9999 -9999 -9999 -9999 -9999 -9999 -9999 -9999 -9999 -9999 -9999 -9999 -9999 -9999 -9999 -9999 -9999 -9999 -9999 -9999 -9999 -9999 -9999 -9999 -9999 -9999 -9999 -9999 -9999 -9999 -9999 -9999 -9999 -9999 -9999 -9999 -9999 -9999 -9999 -9999 -9999 -9999 -9999 -9999 338 334 336 337 340 339 339 339 339 339 339 338 338 336 337 337 337 336 334 334 332 327 320 315 309 320 323 316 313 311 301 301 309 304 306 305 297 281 286 284 277
-9999 -9999 -9999 -9999 -9999 -9999 -9999 -9999 -9999 -9999 -9999 -9999 -9999 -9999 -9999 -9999 -9999 -9999 -9999 -9999 -9999 -9999 -9999 -9999 -9999 -9999 -9999 -9999 -9999 -9999 -9999 -9999 -9999 -9999 -9999 -9999 -9999 -9999 -9999 -9999 -9999 -9999 -9999 -9999 -9999 338 335 334 338 340 339 339 339 339 339 339 339 338 336 338 338 337 335 331 331 327 325 317 313 310 314 318 313 305 304 275 287 298 299 311 313 304 301 278 279 277
-9999 -9999 -9999 -9999 -9999 -9999 -9999 -9999 -9999 -9999 -9999 -9999 -9999 -9999 -9999 -9999 -9999 -9999 -9999 -9999 -9999 -9999 -9999 -9999 -9999 -9999 -9999 -9999 -9999 -9999 -9999 -9999 -9999 -9999 -9999 -9999 -9999 -9999 -9999 -9999 -9999 -9999 -9999 -9999 -9999 -9999 338 336 338 340 339 339 339 339 339 339 339 338 338 337 337 337 331 330 325 323 314 310 317 310 309 308 309 311 315 305 304 287 294 295 302 315 315 303 292 293
-9999 -9999 -9999 -9999 -9999 -9999 -9999 -9999 -9999 -9999 -9999 -9999 -9999 -9999 -9999 -9999 -9999 -9999 -9999 -9999 -9999 -9999 -9999 -9999 -9999 -9999 -9999 -9999 -9999 -9999 -9999 -9999 -9999 -9999 -9999 -9999 -9999 -9999 -9999 -9999 -9999 -9999 -9999 -9999 -9999 -9999 -9999 340 337 339 340 339 339 339 339 339 339 338 338 338 338 338 335 333 330 327 322 319 325 320 319 315 310 313 322 321 320 288 288 300 303 312 319 317 308 308
-9999 -9999 -9999 -9999 -9999 -9999 -9999 -9999 -9999 -9999 -9999 -9999 -9999 -9999 -9999 -9999 -9999 -9999 -9999 -9999 -9999 -9999 -9999 -9999 -9999 -9999 -9999 -9999 -9999 -9999 -9999 -9999 -9999 -9999 -9999 -9999 -9999 -9999 -9999 -9999 -9999 -9999 -9999 -9999 -9999 -9999 -9999 -9999 -9999 -9999 339 339 339 339 339 339 339 339 338 338 338 337 338 337 333 324 319 325 330 330 324 321 312 316 325 327 312 308 300 311 308 314 318 320 317 318
-9999 -9999 -9999 -9999 -9999 -9999 -9999 -9999 -9999 -9999 -9999 -9999 -9999 -9999 -9999 -9999 -9999 -9999 -9999 -9999 -9999 -9999 -9999 -9999 -9999 -9999 -9999 -9999 -9999 -9999 -9999 -9999 -9999 -9999 -9999 -9999 -9999 -9999 -9999 -9999 -9999 -9999 -9999 -9999 -9999 -9999 -9999 -9999 -9999 -9999 -9999 -9999 -9999 -9999 -9999 339 339 339 338 338 338 338 338 338 336 331 329 328 333 327 318 323 327 325 328 329 323 314 316 313 311 313 315 323 324 318
-9999 -9999 -9999 -9999 -9999 -9999 -9999 -9999 -9999 -9999 -9999 -9999 -9999 -9999 -9999 -9999 -9999 -9999 -9999 -9999 -9999 -9999 -9999 -9999 -9999 -9999 -9999 -9999 -9999 -9999 -9999 -9999 -9999 -9999 -9999 -9999 -9999 -9999 -9999 -9999 -9999 -9999 -9999 -9999 -9999 -9999 -9999 -9999 -9999 -9999 -9999 -9999 -9999 -9999 -9999 -9999 -9999 339 338 338 338 338 338 338 337 335 337 335 335 326 315 321 329 330 329 332 323 319 321 323 321 322 319 326 326 322
-9999 -9999 -9999 -9999 -9999 -9999 -9999 -9999 -9999 -9999 -9999 -9999 -9999 -9999 -9999 -9999 -9999 -9999 -9999 -9999 -9999 -9999 -9999 -9999 -9999 -9999 -9999 -9999 -9999 -9999 -9999 -9999 -9999 -9999 -9999 -9999 -9999 -9999 -9999 -9999 -9999 -9999 -9999 -9999 -9999 -9999 -9999 -9999 -9999 -9999 -9999 -9999 -9999 -9999 -9999 -9999 -9999 -9999 -9999 338 338 338 338 338 338 338 338 337 335 329 317 320 326 330 332 333 329 317 323 326 329 325 322 325 328 329
-9999 -9999 -9999 -9999 -9999 -9999 -9999 -9999 -9999 -9999 -9999 -9999 -9999 -9999 -9999 -9999 -9999 -9999 -9999 -9999 -9999 -9999 -9999 -9999 -9999 -9999 -9999 -9999 -9999 -9999 -9999 -9999 -9999 -9999 -9999 -9999 -9999 -9999 -9999 -9999 -9999 -9999 -9999 -9999 -9999 -9999 -9999 -9999 -9999 -9999 -9999 -9999 -9999 -9999 -9999 -9999 -9999 -9999 -9999 -9999 -9999 -9999 338 337 338 338 338 338 338 334 330 323 326 326 330 334 333 325 319 329 328 332 326 329 331 330
-9999 -9999 -9999 -9999 -9999 -9999 -9999 -9999 -9999 -9999 -9999 -9999 -9999 -9999 -9999 -9999 -9999 -9999 -9999 -9999 -9999 -9999 -9999 -9999 -9999 -9999 -9999 -9999 -9999 -9999 -9999 -9999 -9999 -9999 -9999 -9999 -9999 -9999 -9999 -9999 -9999 -9999 -9999 -9999 -9999 -9999 -9999 -9999 -9999 -9999 -9999 -9999 -9999 -9999 -9999 -9999 -9999 -9999 -9999 -9999 -9999 -9999 -9999 -9999 -9999 338 338 338 338 338 336 333 331 324 324 334 331 326 317 320 326 329 331 331 333 332
-9999 -9999 -9999 -9999 -9999 -9999 -9999 -9999 -9999 -9999 -9999 -9999 -9999 -9999 -9999 -9999 -9999 -9999 -9999 -9999 -9999 -9999 -9999 -9999 -9999 -9999 -9999 -9999 -9999 -9999 -9999 -9999 -9999 -9999 -9999 -9999 -9999 -9999 -9999 -9999 -9999 -9999 -9999 -9999 -9999 -9999 -9999 -9999 -9999 -9999 -9999 -9999 -9999 -9999 -9999 -9999 -9999 -9999 -9999 -9999 -9999 -9999 -9999 -9999 -9999 -9999 -9999 338 338 338 337 335 333 331 331 327 335 324 320 316 329 330 334 334 332 333
-9999 -9999 -9999 -9999 -9999 -9999 -9999 -9999 -9999 -9999 -9999 -9999 -9999 -9999 -9999 -9999 -9999 -9999 -9999 -9999 -9999 -9999 -9999 -9999 -9999 -9999 -9999 -9999 -9999 -9999 -9999 -9999 -9999 -9999 -9999 -9999 -9999 -9999 -9999 -9999 -9999 -9999 -9999 -9999 -9999 -9999 -9999 -9999 -9999 -9999 -9999 -9999 -9999 -9999 -9999 -9999 -9999 -9999 -9999 -9999 -9999 -9999 -9999 -9999 -9999 -9999 -9999 -9999 -9999 -9999 338 338 338 338 334 331 336 326 323 318 321 329 335 331 332 334
