worldclim/bio5_cr.asc
ncols        411
nrows        382
xllcorner    -85.979072453958
yllcorner    8.036441368777
cellsize     0.008333330000
NODATA_value  -9999
[rows 114 to 151 of 382, columns 258 to 343 of 411]
317 317 317 317 316 316 318 317 317 317 318 318 318 317 319 319 318 318 319 319 319 319 319 319 319 319 319 318 318 318 318 317 317 317 317 316 316 316 316 315 315 315 315 314 315 315 315 315 315 315 316 316 316 316 316 316 316 316 316 317 316 -9999 -9999 -9999 -9999 -9999 -9999 -9999 -9999 -9999 -9999 -9999 -9999 -9999 -9999 -9999 -9999 -9999 -9999 -9999 -9999 -9999 -9999 -9999 -9999 -9999
317 317 317 316 315 315 316 316 316 317 317 317 318 318 318 318 319 318 318 319 319 319 319 319 319 319 319 319 318 318 318 318 317 317 317 317 316 316 316 315 315 315 316 315 315 315 315 315 315 315 316 315 315 316 316 316 316 316 316 316 317 316 -9999 -9999 -9999 -9999 -9999 -9999 -9999 -9999 -9999 -9999 -9999 -9999 -9999 -9999 -9999 -9999 -9999 -9999 -9999 -9999 -9999 -9999 -9999 -9999
316 316 316 316 316 316 316 315 317 316 317 317 317 318 318 318 318 318 318 319 319 319 319 319 319 319 319 319 318 318 318 318 317 317 317 317 316 316 315 315 316 316 315 315 315 314 315 315 314 315 315 316 316 316 316 316 316 316 316 316 316 317 317 -9999 -9999 -9999 -9999 -9999 -9999 -9999 -9999 -9999 -9999 -9999 -9999 -9999 -9999 -9999 -9999 -9999 -9999 -9999 -9999 -9999 -9999 -9999
315 315 315 314 315 315 315 316 315 316 315 316 316 317 318 317 318 318 318 318 319 319 319 319 319 319 319 319 318 319 317 318 317 317 317 317 317 316 316 316 316 316 315 316 315 315 315 315 315 315 315 316 316 316 316 316 316 316 316 316 316 316 316 316 -9999 -9999 -9999 -9999 -9999 -9999 -9999 -9999 -9999 -9999 -9999 -9999 -9999 -9999 -9999 -9999 -9999 -9999 -9999 -9999 -9999 -9999
314 314 314 313 314 314 314 315 314 315 315 315 315 316 317 317 318 318 318 319 319 319 319 319 319 319 319 319 319 319 317 317 317 317 317 317 316 316 316 314 315 314 315 314 314 314 315 315 315 315 315 315 316 316 316 316 316 316 317 317 316 317 317 316 317 -9999 -9999 -9999 -9999 -9999 -9999 -9999 -9999 -9999 -9999 -9999 -9999 -9999 -9999 -9999 -9999 -9999 -9999 -9999 -9999 -9999
312 312 312 312 312 313 313 313 314 313 314 315 314 315 316 317 317 318 318 319 319 319 319 318 319 319 319 319 319 318 318 316 317 317 317 317 316 316 316 315 315 314 314 314 314 314 314 315 316 315 315 315 316 316 316 316 316 316 317 317 317 317 317 316 316 317 -9999 -9999 -9999 -9999 -9999 -9999 -9999 -9999 -9999 -9999 -9999 -9999 -9999 -9999 -9999 -9999 -9999 -9999 -9999 -9999
312 312 311 311 311 312 312 312 312 312 312 313 314 314 315 316 317 318 319 318 318 319 318 319 319 319 319 319 319 317 317 318 317 317 317 316 316 316 316 315 315 314 314 314 314 314 314 314 316 316 315 315 316 316 316 316 316 316 316 317 317 317 317 317 317 317 317 -9999 -9999 -9999 -9999 -9999 -9999 -9999 -9999 -9999 -9999 -9999 -9999 -9999 -9999 -9999 -9999 -9999 -9999 -9999
311 309 310 310 310 310 310 311 311 312 313 312 313 313 314 316 317 318 318 318 318 318 318 319 319 318 318 319 318 318 319 319 317 317 317 316 316 316 316 315 315 314 314 314 314 315 315 316 316 316 315 315 316 316 316 317 316 316 316 317 317 317 317 317 317 317 317 317 -9999 -9999 -9999 -9999 -9999 -9999 -9999 -9999 -9999 -9999 -9999 -9999 -9999 -9999 -9999 -9999 -9999 -9999
309 308 309 308 308 309 308 309 310 311 308 310 311 311 313 315 316 316 317 318 317 318 319 319 318 318 318 318 318 319 318 318 318 317 317 316 316 316 316 315 315 315 314 314 315 315 316 316 316 316 316 316 316 316 317 317 316 316 317 317 317 317 317 317 317 317 317 317 -9999 -9999 -9999 -9999 -9999 -9999 -9999 -9999 -9999 -9999 -9999 -9999 -9999 -9999 -9999 -9999 -9999 -9999
308 308 307 307 308 308 307 307 307 304 305 306 308 308 310 314 315 315 316 316 317 317 319 318 317 317 317 318 318 318 318 318 318 318 317 316 316 316 316 316 315 315 315 315 315 315 316 316 316 316 316 316 316 317 317 317 316 316 317 317 317 317 317 318 317 317 318 317 317 -9999 -9999 -9999 -9999 -9999 -9999 -9999 -9999 -9999 -9999 -9999 -9999 -9999 -9999 -9999 -9999 -9999
306 306 305 306 305 305 304 305 305 303 303 306 306 306 308 311 313 313 314 315 315 315 316 318 318 317 317 318 318 318 318 318 318 316 316 317 316 316 316 316 315 315 315 315 315 315 316 316 316 316 316 316 316 317 317 317 316 317 317 317 317 317 317 318 318 318 318 319 317 319 -9999 -9999 -9999 -9999 -9999 -9999 -9999 -9999 -9999 -9999 -9999 -9999 -9999 -9999 -9999 -9999
304 304 304 302 302 302 303 304 303 301 301 305 304 305 306 310 312 312 313 314 314 313 315 316 316 317 316 318 317 317 317 318 317 316 318 316 316 317 316 316 316 316 315 315 315 316 316 316 316 316 316 316 317 317 317 316 317 317 317 317 317 319 318 318 318 318 319 319 319 319 318 -9999 -9999 -9999 -9999 -9999 -9999 -9999 -9999 -9999 -9999 -9999 -9999 -9999 -9999 -9999
302 302 302 299 301 301 299 300 300 298 300 302 301 303 305 305 304 311 313 312 312 312 313 314 315 316 316 317 316 317 317 317 317 317 317 316 317 317 316 316 316 316 316 316 316 316 316 316 316 315 316 316 317 317 317 317 317 318 318 318 318 318 318 318 318 319 319 319 319 319 318 -9999 -9999 -9999 -9999 -9999 -9999 -9999 -9999 -9999 -9999 -9999 -9999 -9999 -9999 -9999
299 300 300 298 297 298 296 296 296 296 298 299 299 300 302 301 301 307 309 310 310 310 311 313 314 315 315 315 316 316 316 317 317 317 317 317 316 316 317 316 316 316 316 316 316 316 316 316 316 315 315 316 316 317 317 317 318 318 318 318 319 319 318 318 319 319 319 319 319 319 319 319 -9999 -9999 -9999 -9999 -9999 -9999 -9999 -9999 -9999 -9999 -9999 -9999 -9999 -9999
297 297 298 296 292 293 293 292 293 294 295 296 292 295 299 296 300 303 303 307 309 311 312 312 312 314 314 314 315 316 315 316 316 317 317 317 317 317 316 317 317 317 317 316 316 316 316 316 315 315 316 316 316 317 317 317 318 318 318 319 319 318 319 319 319 319 319 319 319 319 319 318 319 -9999 -9999 -9999 -9999 -9999 -9999 -9999 -9999 -9999 -9999 -9999 -9999 -9999
295 294 297 293 289 289 288 291 290 289 290 291 290 295 292 295 297 300 300 304 304 308 310 311 312 313 312 313 314 315 314 315 316 316 317 317 317 317 317 317 317 318 317 316 316 316 316 316 315 316 316 316 316 317 317 317 318 318 318 319 319 319 319 319 319 319 319 320 319 319 319 319 319 320 -9999 -9999 -9999 -9999 -9999 -9999 -9999 -9999 -9999 -9999 -9999 -9999
291 291 293 291 286 283 283 284 280 286 287 287 287 290 290 295 295 296 298 300 303 307 310 311 310 310 311 311 312 313 314 316 315 316 317 317 317 317 317 318 318 318 318 316 316 316 316 316 316 316 316 316 317 317 317 317 318 318 318 319 319 319 319 319 319 320 320 320 319 320 320 320 319 319 319 -9999 -9999 -9999 -9999 -9999 -9999 -9999 -9999 -9999 -9999 -9999
291 288 287 285 284 281 282 278 278 280 282 281 280 284 285 289 290 292 295 298 304 304 307 307 309 310 310 311 311 312 313 314 315 315 316 316 317 317 317 318 318 318 318 317 316 316 316 316 316 316 316 316 316 317 317 317 318 318 318 319 319 319 319 319 320 320 320 320 320 320 320 320 320 320 320 320 -9999 -9999 -9999 -9999 -9999 -9999 -9999 -9999 -9999 -9999
282 287 280 281 282 277 278 275 273 273 276 274 272 275 280 283 286 289 293 296 299 301 301 304 309 307 308 310 311 312 313 313 314 315 315 318 318 317 317 318 318 318 318 318 317 316 316 316 316 315 316 316 316 316 317 317 318 318 318 319 319 319 319 320 319 319 320 320 320 320 320 320 320 320 320 320 320 -9999 -9999 -9999 -9999 -9999 -9999 -9999 -9999 -9999
274 280 281 274 274 274 272 267 266 267 268 265 264 268 275 279 280 284 286 292 292 295 302 303 304 305 307 309 309 310 312 313 314 314 316 316 317 317 318 318 318 318 318 317 317 317 317 316 315 315 315 316 316 316 317 319 318 319 320 319 319 320 320 320 320 320 320 320 320 320 320 320 320 320 320 319 320 -9999 -9999 -9999 -9999 -9999 -9999 -9999 -9999 -9999
261 273 277 272 271 266 268 263 261 258 262 253 253 261 266 269 272 278 285 289 287 293 297 299 300 301 305 307 307 310 310 311 312 317 312 313 315 316 318 318 318 316 314 312 313 315 314 315 315 315 315 316 316 317 318 319 319 319 320 319 320 320 321 321 321 321 320 321 321 321 320 320 320 320 320 320 320 320 -9999 -9999 -9999 -9999 -9999 -9999 -9999 -9999
256 275 264 256 263 257 257 256 253 250 242 240 246 248 250 252 259 267 277 282 282 287 291 296 294 297 301 304 304 308 315 316 309 310 311 309 310 313 316 316 315 309 310 311 308 307 308 312 314 315 315 316 316 317 318 319 319 319 320 320 320 321 321 321 321 321 321 321 321 321 321 320 321 321 320 320 320 320 320 -9999 -9999 -9999 -9999 -9999 -9999 -9999
264 259 252 254 254 249 245 246 252 245 231 219 230 212 225 234 246 261 274 275 279 282 284 287 291 294 298 301 302 305 311 309 310 308 303 302 304 306 311 317 311 305 307 304 305 309 309 311 313 315 315 315 316 317 318 319 319 319 320 320 320 321 321 321 321 321 321 321 322 321 321 321 321 321 321 320 321 320 320 320 -9999 -9999 -9999 -9999 -9999 -9999
259 243 240 240 237 239 239 235 226 221 235 205 194 202 211 221 229 261 264 272 271 276 280 283 284 290 294 299 301 313 304 301 299 304 302 297 298 303 306 313 308 305 303 304 308 308 308 308 312 315 311 309 314 316 319 319 319 320 320 320 321 321 321 321 321 321 322 322 322 322 321 321 321 321 321 321 320 321 321 320 -9999 -9999 -9999 -9999 -9999 -9999
256 252 230 227 228 228 216 202 209 206 220 197 202 218 228 232 245 254 261 267 271 271 271 279 288 290 293 302 315 316 302 296 298 298 298 292 289 296 309 317 317 304 303 308 303 299 295 304 311 314 307 307 308 314 318 319 319 320 320 320 321 321 321 321 321 322 322 322 322 322 321 322 321 322 321 321 321 321 321 321 321 -9999 -9999 -9999 -9999 -9999
252 256 219 211 209 215 204 190 191 205 210 191 201 210 222 232 242 252 260 266 271 270 277 291 296 296 301 310 314 310 304 293 292 295 294 293 295 307 309 313 316 310 303 306 303 295 298 302 306 311 307 309 313 316 318 317 320 320 320 321 321 321 321 321 322 322 322 322 322 322 322 322 322 322 322 322 322 322 321 321 321 320 -9999 -9999 -9999 -9999
241 251 225 193 192 196 181 172 178 192 210 188 186 199 215 227 245 253 260 267 267 272 277 277 296 304 304 311 311 305 304 298 292 286 290 298 303 306 310 312 315 310 301 302 300 296 303 299 310 306 301 307 313 317 317 317 320 320 321 321 321 321 321 322 322 322 322 322 322 322 322 322 322 322 322 322 322 321 321 321 321 321 -9999 -9999 -9999 -9999
219 233 249 208 180 177 168 156 176 186 192 184 181 188 205 205 237 252 271 276 281 287 283 297 302 310 313 313 309 301 296 287 288 287 297 292 291 296 308 314 316 309 301 299 295 298 304 303 307 303 299 308 312 316 314 317 320 320 321 321 321 321 321 322 322 322 322 322 322 322 322 322 322 322 322 322 322 321 321 321 321 321 321 -9999 -9999 -9999
186 217 234 209 168 161 155 138 157 173 174 164 187 202 220 227 236 252 260 270 278 280 284 287 297 308 308 299 299 298 296 287 288 294 299 290 291 298 311 314 307 304 297 294 295 299 299 302 308 309 310 307 310 318 313 316 319 321 322 321 321 322 321 322 322 322 322 322 322 322 322 322 322 322 322 322 322 322 322 321 321 321 321 321 -9999 -9999
203 222 227 186 164 157 141 125 135 148 155 168 181 194 218 237 246 251 259 269 276 277 282 283 292 307 304 297 299 295 293 287 293 300 303 301 296 304 311 315 306 295 293 292 293 301 305 305 309 312 311 307 318 313 313 315 319 319 321 321 322 322 322 322 322 322 322 322 322 322 323 322 322 322 322 322 322 322 322 322 321 321 321 321 321 -9999
203 214 197 166 165 160 142 137 147 155 164 174 182 189 216 233 248 258 262 275 279 283 283 285 296 308 312 307 303 300 294 288 294 301 301 304 308 310 306 298 293 289 288 296 304 308 309 310 308 315 315 316 313 311 312 314 317 314 316 322 322 322 322 323 323 322 322 322 322 323 323 323 323 322 322 322 322 322 321 322 321 321 321 320 320 320
194 202 184 161 164 161 156 155 164 174 179 185 200 215 226 239 254 259 265 271 277 282 285 288 299 303 302 309 305 300 292 293 300 307 305 309 297 298 301 294 283 286 291 290 304 309 312 316 315 313 313 309 310 304 304 309 313 311 313 316 322 322 322 323 323 323 322 322 322 323 323 323 323 322 320 320 322 321 322 322 322 321 321 321 321 321
179 184 182 159 163 164 167 170 179 183 194 209 216 228 239 247 254 260 267 271 277 281 285 289 296 298 305 307 309 302 298 303 303 313 305 304 293 289 294 289 286 292 292 290 298 302 312 308 316 308 309 304 302 302 306 306 309 308 309 313 321 322 322 322 323 323 316 318 319 324 322 320 321 321 323 318 317 318 321 322 321 321 321 321 321 320
159 165 171 160 166 170 173 179 188 194 218 224 231 237 248 251 257 265 270 273 275 281 284 287 293 301 304 308 307 304 299 303 307 308 297 293 286 287 283 281 285 292 299 295 294 309 305 294 289 312 289 293 299 304 304 303 304 307 314 315 321 322 322 321 321 315 317 312 312 312 314 312 317 320 323 322 320 314 315 322 321 321 321 321 321 321
137 145 151 156 172 177 182 187 206 214 220 228 241 247 252 256 264 268 273 275 277 280 284 289 299 304 308 304 300 297 293 293 302 303 301 294 283 283 281 283 284 295 300 304 297 298 303 293 297 306 292 284 295 300 303 309 310 312 316 318 321 321 322 322 322 322 319 313 312 312 310 311 317 316 319 320 321 319 316 316 319 321 321 321 321 320
150 155 155 164 176 183 190 205 217 227 231 236 241 244 252 262 265 270 277 280 283 280 284 287 302 306 306 301 293 293 290 294 301 307 297 292 284 275 279 288 294 292 285 299 306 305 299 296 307 301 287 276 289 297 306 309 315 316 319 321 321 318 318 322 322 322 322 322 319 314 317 314 317 315 319 318 320 320 320 321 321 321 319 317 317 316
161 162 171 173 182 197 212 233 234 237 244 247 249 254 258 272 274 273 279 284 286 287 289 293 296 308 298 294 291 289 288 286 295 303 288 285 296 281 274 280 289 289 283 288 297 305 298 300 303 294 289 282 281 292 291 294 309 316 320 320 315 312 312 314 318 322 322 318 317 319 316 312 313 312 316 313 318 319 322 322 322 319 322 321 320 318
171 174 177 181 195 217 230 233 234 245 252 257 255 255 256 262 274 279 283 285 287 290 296 300 305 301 292 288 286 287 286 287 298 305 286 283 280 287 274 273 283 283 281 283 285 294 299 298 290 298 283 280 283 284 290 298 307 320 321 316 316 309 307 309 315 322 320 317 315 315 318 313 311 313 313 315 317 321 322 321 322 320 321 321 320 320
