worldclim/bio5_cr.asc
ncols        411
nrows        382
xllcorner    -85.979072453958
yllcorner    8.036441368777
cellsize     0.008333330000
NODATA_value  -9999
[rows 38 to 75 of 382, columns 0 to 85 of 411]
-9999 -9999 -9999 -9999 343 -9999 -9999 -9999 336 328 319 320 313 321 313 318 319 327 333 329 338 332 340 335 337 334 333 332 335 338 330 334 337 325 327 327 331 327 328 334 332 331 326 324 326 326 328 329 329 331 329 325 323 323 322 321 319 315 307 298 296 294 291 290 288 285 291 297 303 305 306 306 303 301 305 307 311 312 315 316 316 316 316 315 315 315
-9999 -9999 -9999 -9999 -9999 -9999 -9999 -9999 -9999 -9999 -9999 339 325 322 310 313 318 327 326 326 328 327 332 328 323 322 323 322 321 335 334 327 322 315 314 325 331 325 324 328 335 325 326 324 327 327 328 328 329 330 333 328 330 327 326 324 321 320 312 305 302 300 297 296 294 291 292 297 303 303 305 304 302 300 302 306 307 308 311 314 313 313 314 311 314 314
-9999 -9999 -9999 -9999 -9999 -9999 -9999 -9999 -9999 -9999 -9999 -9999 -9999 337 332 324 308 318 329 332 334 331 325 328 331 326 324 321 320 321 324 322 320 320 317 319 323 320 322 328 327 325 325 324 325 327 328 328 329 332 332 334 332 329 326 325 321 319 316 309 304 302 299 299 300 298 299 298 303 301 300 295 297 297 300 303 301 303 307 306 308 307 309 309 308 314
-9999 -9999 -9999 -9999 -9999 -9999 -9999 -9999 -9999 -9999 -9999 -9999 -9999 -9999 338 327 322 318 321 331 339 342 333 339 337 337 335 333 330 326 327 329 328 323 319 321 320 322 322 324 325 325 325 326 325 325 327 328 331 333 333 334 331 329 327 325 323 318 314 309 307 307 304 302 303 303 305 300 300 298 295 293 293 291 296 296 297 296 301 300 301 298 298 302 300 298
-9999 -9999 -9999 -9999 -9999 -9999 -9999 344 -9999 -9999 -9999 -9999 -9999 -9999 344 343 330 334 330 325 332 343 336 343 338 342 342 342 338 339 338 337 333 332 334 328 325 323 322 324 325 325 326 325 325 325 327 326 332 334 334 333 330 329 328 323 321 319 316 312 309 310 307 305 307 308 308 302 299 294 292 285 285 288 285 285 289 289 293 292 294 292 293 295 293 301
-9999 -9999 -9999 -9999 -9999 -9999 -9999 -9999 -9999 -9999 -9999 -9999 -9999 -9999 -9999 -9999 -9999 -9999 -9999 334 340 -9999 343 343 343 337 332 336 335 332 330 326 323 326 325 327 330 326 324 324 324 324 325 326 325 326 327 330 332 336 335 335 332 331 329 324 322 319 318 316 313 310 308 310 309 310 307 301 296 288 283 279 276 272 277 279 282 283 285 285 286 282 285 288 293 303
-9999 -9999 -9999 -9999 -9999 -9999 -9999 -9999 -9999 -9999 -9999 -9999 -9999 344 -9999 -9999 -9999 -9999 -9999 -9999 -9999 -9999 345 343 343 339 342 332 330 329 328 326 323 323 321 327 333 331 324 324 324 324 325 325 325 327 330 332 333 336 336 335 333 332 329 324 323 319 319 315 313 313 313 315 314 304 304 299 290 282 274 273 269 265 259 267 275 276 276 275 277 275 282 279 291 302
-9999 -9999 -9999 -9999 -9999 -9999 -9999 -9999 -9999 -9999 -9999 -9999 -9999 -9999 -9999 -9999 -9999 -9999 -9999 -9999 -9999 -9999 344 341 343 342 342 342 338 338 331 328 326 324 323 332 335 325 324 325 324 325 325 325 326 327 329 331 337 337 337 335 333 332 330 326 324 321 319 317 315 317 318 318 303 302 297 294 288 278 267 257 257 250 251 255 258 261 262 269 269 274 280 284 293 301
-9999 -9999 -9999 -9999 -9999 -9999 -9999 -9999 -9999 -9999 -9999 -9999 -9999 -9999 -9999 -9999 -9999 -9999 -9999 -9999 -9999 335 335 328 332 340 332 334 335 335 333 335 327 327 328 333 340 329 324 325 325 325 325 325 327 328 330 333 336 337 337 336 332 331 331 328 323 323 321 321 321 321 318 312 304 300 298 291 289 277 273 252 241 236 235 235 241 245 253 259 265 272 278 285 291 299
-9999 -9999 -9999 -9999 -9999 -9999 -9999 -9999 -9999 -9999 -9999 -9999 -9999 -9999 -9999 -9999 -9999 -9999 -9999 -9999 -9999 -9999 339 334 328 333 332 335 343 330 326 330 335 331 330 336 342 338 334 326 325 326 326 326 327 328 330 334 337 338 338 338 337 333 332 331 326 324 324 323 322 322 319 310 303 304 302 298 292 283 270 264 253 234 245 243 238 239 243 250 257 262 269 282 285 298
-9999 -9999 -9999 -9999 -9999 -9999 -9999 -9999 -9999 -9999 -9999 -9999 -9999 -9999 -9999 -9999 -9999 -9999 -9999 -9999 -9999 -9999 -9999 -9999 333 337 -9999 -9999 -9999 -9999 343 343 337 341 339 340 342 336 337 328 331 327 328 327 328 328 330 333 335 337 338 338 338 336 334 335 332 327 326 325 324 321 320 316 312 308 304 303 295 285 281 268 256 251 254 254 250 239 226 244 249 254 262 267 282 293
-9999 -9999 -9999 -9999 -9999 -9999 -9999 -9999 -9999 -9999 -9999 -9999 -9999 -9999 -9999 -9999 -9999 -9999 -9999 -9999 -9999 -9999 -9999 -9999 -9999 -9999 -9999 -9999 -9999 -9999 -9999 -9999 -9999 343 -9999 343 343 342 342 333 338 327 328 327 327 328 330 332 335 338 338 338 337 336 335 334 334 333 328 328 325 324 318 311 309 309 307 300 296 289 283 272 264 258 264 262 245 243 231 241 243 247 257 261 273 292
-9999 -9999 -9999 -9999 -9999 -9999 -9999 -9999 -9999 -9999 -9999 -9999 -9999 -9999 -9999 -9999 -9999 -9999 -9999 -9999 -9999 -9999 -9999 -9999 -9999 -9999 -9999 -9999 -9999 -9999 -9999 -9999 -9999 -9999 -9999 -9999 343 343 343 342 338 329 328 328 329 330 330 332 335 337 338 337 337 336 335 334 333 330 331 330 328 321 317 313 309 305 303 299 293 291 286 279 274 269 269 270 257 253 255 253 254 250 256 265 278 291
-9999 -9999 -9999 -9999 -9999 -9999 -9999 -9999 -9999 -9999 -9999 -9999 -9999 -9999 -9999 -9999 -9999 -9999 -9999 -9999 -9999 -9999 -9999 -9999 -9999 -9999 -9999 -9999 -9999 -9999 -9999 -9999 -9999 -9999 -9999 -9999 -9999 343 334 331 330 329 330 330 330 331 331 332 334 336 337 337 337 337 336 335 334 330 328 330 326 321 323 322 309 308 308 302 302 296 292 290 283 282 279 278 272 265 266 267 257 260 266 274 282 293
-9999 -9999 -9999 -9999 -9999 -9999 -9999 -9999 -9999 -9999 -9999 -9999 -9999 -9999 -9999 -9999 -9999 -9999 -9999 -9999 -9999 -9999 -9999 -9999 -9999 -9999 -9999 -9999 -9999 -9999 -9999 -9999 -9999 -9999 -9999 -9999 -9999 343 335 333 332 329 330 330 332 331 331 332 334 336 337 338 338 338 337 336 334 332 330 330 323 324 324 324 320 317 314 310 305 299 296 295 293 291 288 284 279 277 275 276 270 274 278 283 288 297
-9999 -9999 -9999 -9999 -9999 -9999 -9999 -9999 -9999 -9999 -9999 -9999 -9999 -9999 -9999 -9999 -9999 -9999 -9999 -9999 -9999 -9999 -9999 -9999 -9999 -9999 -9999 -9999 -9999 -9999 -9999 -9999 -9999 -9999 -9999 -9999 -9999 -9999 344 341 339 332 331 332 331 331 333 333 335 336 338 338 339 338 338 338 336 334 332 331 327 323 324 323 322 318 314 311 307 305 302 300 297 296 293 294 287 283 283 284 280 280 285 287 292 297
-9999 -9999 -9999 -9999 -9999 -9999 -9999 -9999 -9999 -9999 -9999 -9999 -9999 -9999 -9999 -9999 -9999 -9999 -9999 -9999 -9999 -9999 -9999 -9999 -9999 -9999 -9999 -9999 -9999 -9999 -9999 -9999 -9999 -9999 -9999 -9999 -9999 -9999 344 336 331 331 333 332 333 333 333 334 336 338 339 339 338 339 338 338 338 336 334 332 326 324 322 318 314 317 304 300 308 308 306 304 301 300 297 295 292 289 290 289 289 288 289 289 292 295
-9999 -9999 -9999 -9999 -9999 -9999 -9999 -9999 -9999 -9999 -9999 -9999 -9999 -9999 -9999 -9999 -9999 -9999 -9999 -9999 -9999 -9999 -9999 -9999 -9999 -9999 -9999 -9999 -9999 -9999 -9999 -9999 -9999 -9999 -9999 -9999 -9999 -9999 329 330 331 333 333 333 331 331 337 338 338 338 339 339 339 339 339 338 338 337 337 333 327 323 320 312 310 317 315 311 303 308 310 306 305 302 301 298 294 295 294 292 292 290 289 289 291 295
-9999 -9999 -9999 -9999 -9999 -9999 -9999 -9999 -9999 -9999 -9999 -9999 -9999 -9999 -9999 -9999 -9999 -9999 -9999 -9999 -9999 -9999 -9999 -9999 -9999 -9999 -9999 -9999 -9999 -9999 -9999 -9999 -9999 -9999 -9999 -9999 -9999 -9999 330 329 330 332 332 330 331 337 338 337 337 338 339 339 339 339 339 339 338 338 338 335 329 325 321 315 313 315 317 313 308 311 311 309 306 304 302 299 301 298 296 295 293 294 293 293 296 296
-9999 -9999 -9999 -9999 -9999 -9999 -9999 -9999 -9999 -9999 -9999 -9999 -9999 -9999 -9999 -9999 -9999 -9999 -9999 -9999 -9999 -9999 -9999 -9999 -9999 -9999 -9999 -9999 -9999 -9999 -9999 -9999 -9999 -9999 -9999 -9999 -9999 -9999 330 330 330 332 332 331 334 336 333 335 337 338 340 340 339 340 339 339 339 339 338 337 330 328 324 322 320 319 320 318 316 315 312 310 309 307 307 306 304 300 300 299 299 298 298 299 296 294
-9999 -9999 -9999 -9999 -9999 -9999 -9999 -9999 -9999 -9999 -9999 -9999 -9999 -9999 -9999 -9999 -9999 -9999 -9999 -9999 -9999 -9999 -9999 -9999 -9999 -9999 -9999 -9999 -9999 -9999 -9999 -9999 -9999 -9999 -9999 -9999 -9999 -9999 329 330 331 332 333 334 335 335 335 335 336 337 339 339 340 339 339 340 340 339 339 338 336 333 330 325 324 324 322 321 320 318 315 315 312 311 309 308 306 304 302 302 303 302 300 300 297 296
-9999 -9999 -9999 -9999 -9999 -9999 -9999 -9999 -9999 -9999 -9999 -9999 -9999 -9999 -9999 -9999 -9999 -9999 -9999 -9999 -9999 -9999 -9999 -9999 -9999 -9999 -9999 -9999 -9999 -9999 -9999 -9999 -9999 -9999 -9999 -9999 -9999 -9999 330 331 331 332 333 334 335 334 335 335 336 337 338 338 338 341 340 340 340 340 339 339 338 334 331 328 327 325 323 322 321 320 319 317 316 315 313 310 306 305 305 304 304 303 301 301 299 299
-9999 -9999 -9999 -9999 -9999 -9999 -9999 -9999 -9999 -9999 -9999 -9999 -9999 -9999 -9999 -9999 -9999 -9999 -9999 -9999 -9999 -9999 -9999 -9999 -9999 -9999 -9999 -9999 -9999 -9999 -9999 -9999 -9999 -9999 -9999 -9999 -9999 -9999 338 332 332 332 333 334 334 334 335 335 336 336 339 338 339 339 339 339 339 339 339 340 337 334 332 330 329 327 326 324 323 321 320 319 319 316 315 309 308 310 308 306 306 306 304 304 303 302
-9999 -9999 -9999 -9999 -9999 -9999 -9999 -9999 -9999 -9999 -9999 -9999 -9999 -9999 -9999 -9999 -9999 -9999 -9999 -9999 -9999 -9999 -9999 -9999 -9999 -9999 -9999 -9999 -9999 -9999 -9999 -9999 -9999 -9999 -9999 -9999 -9999 -9999 341 334 333 333 333 334 334 334 334 335 336 337 338 338 339 338 338 339 339 339 338 339 337 334 334 332 331 328 327 327 324 323 322 322 319 315 313 310 311 312 311 310 307 308 308 306 304 305
-9999 -9999 -9999 -9999 -9999 -9999 -9999 -9999 -9999 -9999 -9999 -9999 -9999 -9999 -9999 -9999 -9999 -9999 -9999 -9999 -9999 -9999 -9999 -9999 -9999 -9999 -9999 -9999 -9999 -9999 -9999 -9999 -9999 -9999 -9999 -9999 -9999 -9999 344 334 338 334 334 334 334 334 335 335 336 337 338 338 338 338 340 340 339 339 338 337 336 335 335 333 330 329 328 328 326 326 323 320 318 317 314 315 313 314 312 311 310 310 310 308 308 308
-9999 -9999 -9999 -9999 -9999 -9999 -9999 -9999 -9999 -9999 -9999 -9999 -9999 -9999 -9999 -9999 -9999 -9999 -9999 -9999 -9999 -9999 -9999 -9999 -9999 -9999 -9999 -9999 -9999 -9999 -9999 -9999 -9999 -9999 -9999 -9999 -9999 -9999 -9999 335 338 335 335 334 334 334 335 335 336 336 337 337 338 341 341 340 339 339 338 338 337 336 334 331 331 328 328 325 327 322 321 321 319 317 317 316 316 315 315 314 312 312 313 313 310 311
-9999 -9999 -9999 -9999 -9999 -9999 -9999 -9999 -9999 -9999 -9999 -9999 -9999 -9999 -9999 -9999 -9999 -9999 -9999 -9999 -9999 -9999 -9999 -9999 -9999 -9999 -9999 -9999 -9999 -9999 -9999 -9999 -9999 -9999 -9999 -9999 -9999 -9999 -9999 343 337 335 334 333 333 334 334 335 336 336 338 339 340 341 341 341 340 339 339 339 339 335 336 332 330 334 329 325 326 325 324 321 321 321 318 319 315 317 315 315 314 314 315 314 314 315
-9999 -9999 -9999 -9999 -9999 -9999 -9999 -9999 -9999 -9999 -9999 -9999 -9999 -9999 -9999 -9999 -9999 -9999 -9999 -9999 -9999 -9999 -9999 -9999 -9999 -9999 -9999 -9999 -9999 -9999 -9999 -9999 -9999 -9999 -9999 -9999 -9999 -9999 344 344 335 336 334 334 334 334 334 335 336 337 339 341 341 341 341 341 340 340 339 338 338 337 336 333 335 331 329 328 327 327 325 322 322 321 321 319 319 319 318 317 316 316 317 315 317 315
-9999 -9999 -9999 -9999 -9999 -9999 -9999 -9999 -9999 -9999 -9999 -9999 -9999 -9999 -9999 -9999 -9999 -9999 -9999 -9999 -9999 -9999 -9999 -9999 -9999 -9999 -9999 -9999 -9999 -9999 -9999 -9999 -9999 -9999 -9999 -9999 343 344 341 342 335 335 333 335 335 334 335 335 338 341 341 342 342 342 341 341 341 340 339 339 338 337 337 337 333 331 330 329 329 328 325 326 323 322 321 323 320 320 320 319 318 317 318 319 319 318
-9999 -9999 -9999 -9999 -9999 -9999 -9999 -9999 -9999 -9999 -9999 -9999 -9999 -9999 -9999 -9999 -9999 -9999 -9999 -9999 -9999 -9999 -9999 -9999 -9999 -9999 -9999 -9999 -9999 -9999 -9999 -9999 -9999 -9999 -9999 -9999 341 338 343 336 336 338 334 335 335 335 335 335 339 341 342 342 342 341 342 341 341 340 340 339 338 338 338 336 336 333 331 331 330 329 327 327 325 323 322 324 322 322 323 322 322 321 321 320 320 320
-9999 -9999 -9999 -9999 -9999 -9999 -9999 -9999 -9999 -9999 -9999 -9999 -9999 -9999 -9999 -9999 -9999 -9999 -9999 -9999 -9999 -9999 -9999 -9999 -9999 -9999 -9999 -9999 -9999 -9999 -9999 -9999 -9999 -9999 -9999 338 343 341 337 341 342 338 335 336 335 335 335 338 341 341 342 342 342 342 341 342 341 341 339 339 339 339 338 337 336 334 333 332 331 331 329 330 327 325 325 325 324 324 324 324 323 323 326 320 321 320
-9999 -9999 -9999 -9999 -9999 -9999 -9999 -9999 -9999 -9999 -9999 -9999 -9999 -9999 -9999 -9999 -9999 -9999 -9999 -9999 -9999 -9999 -9999 -9999 -9999 -9999 -9999 -9999 -9999 -9999 -9999 -9999 -9999 -9999 -9999 -9999 340 -9999 -9999 -9999 -9999 337 340 337 335 336 336 341 342 342 342 342 341 342 341 341 341 340 339 339 339 339 338 338 337 335 334 334 333 332 330 328 328 327 327 326 325 325 326 326 326 325 326 323 322 322
-9999 -9999 -9999 -9999 -9999 -9999 -9999 -9999 -9999 -9999 -9999 -9999 -9999 -9999 -9999 -9999 -9999 -9999 -9999 -9999 -9999 -9999 -9999 -9999 -9999 -9999 -9999 -9999 -9999 -9999 -9999 -9999 -9999 -9999 344 344 -9999 -9999 -9999 -9999 -9999 -9999 343 337 335 338 343 343 343 342 342 341 341 341 342 341 340 339 339 339 339 339 338 338 337 337 336 335 333 333 334 330 331 328 328 326 327 331 328 328 328 329 327 328 326 325
-9999 -9999 -9999 -9999 -9999 -9999 -9999 -9999 -9999 -9999 -9999 -9999 -9999 -9999 -9999 -9999 -9999 -9999 -9999 -9999 -9999 -9999 -9999 -9999 -9999 -9999 -9999 -9999 -9999 -9999 -9999 -9999 -9999 -9999 -9999 341 -9999 -9999 -9999 -9999 -9999 344 337 338 342 343 343 343 343 341 341 341 341 342 340 340 339 339 339 339 339 339 338 338 338 337 337 336 335 334 333 332 332 333 331 331 329 330 333 329 332 331 332 330 329 329
-9999 -9999 -9999 -9999 -9999 -9999 -9999 -9999 -9999 -9999 -9999 -9999 -9999 -9999 -9999 -9999 -9999 -9999 -9999 -9999 -9999 -9999 -9999 -9999 -9999 -9999 -9999 -9999 -9999 -9999 -9999 -9999 -9999 -9999 343 -9999 -9999 -9999 -9999 -9999 345 336 335 339 342 342 342 343 342 342 341 342 341 341 340 340 339 339 339 339 339 339 339 338 338 337 337 336 336 335 334 334 333 334 331 332 332 332 333 331 333 333 332 333 333 331
-9999 -9999 -9999 -9999 -9999 -9999 -9999 -9999 -9999 -9999 -9999 -9999 -9999 -9999 -9999 -9999 -9999 -9999 -9999 -9999 -9999 -9999 -9999 -9999 -9999 -9999 -9999 -9999 -9999 -9999 -9999 -9999 -9999 -9999 -9999 -9999 -9999 -9999 -9999 -9999 342 339 336 341 342 342 343 342 341 342 341 340 341 340 340 339 340 339 340 339 339 339 338 338 338 338 338 337 337 337 335 334 334 336 333 333 332 333 334 333 336 336 336 333 334 331
-9999 -9999 -9999 -9999 -9999 -9999 -9999 -9999 -9999 -9999 -9999 -9999 -9999 -9999 -9999 -9999 -9999 -9999 -9999 -9999 -9999 -9999 -9999 -9999 -9999 -9999 -9999 -9999 -9999 -9999 -9999 -9999 -9999 -9999 -9999 -9999 -9999 -9999 -9999 344 339 336 339 343 343 343 342 343 341 342 340 341 340 340 341 341 339 339 340 339 339 339 338 338 338 338 338 338 338 336 336 336 337 335 334 333 333 332 335 333 338 336 337 336 336 333
-9999 -9999 -9999 -9999 -9999 -9999 -9999 -9999 -9999 -9999 -9999 -9999 -9999 -9999 -9999 -9999 -9999 -9999 -9999 -9999 -9999 -9999 -9999 -9999 -9999 -9999 -9999 -9999 -9999 -9999 -9999 -9999 -9999 -9999 -9999 -9999 345 345 345 340 337 336 339 343 343 343 342 342 342 341 341 341 340 340 340 340 338 339 338 340 339 339 338 339 339 339 339 338 338 337 336 338 335 336 335 333 336 336 337 335 338 337 337 337 337 335
