worldclim/bio6_cr.asc
ncols        411
nrows        382
xllcorner    -85.979072453958
yllcorner    8.036441368777
cellsize     0.008333330000
NODATA_value  -9999
[rows 195 to 233 of 382, columns 261 to 347 of 411]
56 58 43 27 15 27 41 53 51 53 69 70 72 67 63 51 37 29 21 29 26 40 52 62 65 65 69 69 73 83 85 106 120 121 116 115 96 90 93 93 77 78 92 90 89 92 76 82 87 88 102 106 115 124 121 138 145 150 150 141 144 151 151 152 166 172 171 170 157 160 158 164 172 177 180 180 177 169 170 173 170 171 183 179 186 197 193
68 42 40 29 20 25 30 36 41 55 64 61 71 67 61 51 39 31 22 22 22 32 49 56 65 70 75 76 85 99 108 117 119 112 95 101 91 71 73 77 72 80 83 84 81 77 71 80 92 100 104 109 108 115 129 138 138 143 152 159 166 162 162 167 169 158 156 163 155 141 156 165 167 165 159 164 179 174 156 150 158 170 184 177 175 185 190
70 63 54 41 22 19 28 26 39 50 60 61 66 66 58 43 38 64 62 27 20 31 50 62 66 62 64 78 84 83 92 85 81 79 83 82 70 58 57 62 67 80 80 77 74 70 77 79 91 103 112 116 115 109 119 117 128 140 151 157 164 172 161 168 156 156 142 140 133 147 162 158 159 151 148 160 166 174 162 153 164 175 173 174 175 183 188
74 57 42 30 23 14 21 32 32 49 43 53 63 62 55 50 54 75 59 26 24 29 40 52 60 58 69 77 72 69 67 63 63 63 76 65 51 51 57 57 58 62 69 69 71 70 76 84 95 105 116 121 123 113 119 121 129 142 153 162 166 156 153 163 148 153 125 114 129 148 153 140 138 140 142 163 171 169 156 159 171 169 170 169 177 173 177
69 56 40 19 15 13 25 43 48 30 40 52 56 55 55 61 71 78 66 71 55 29 41 47 46 57 66 68 58 59 62 45 48 72 75 66 39 27 43 33 40 50 62 62 71 78 74 75 91 103 113 124 132 130 128 128 137 149 161 167 153 141 145 159 141 126 133 114 128 143 132 122 130 145 153 160 169 163 153 152 158 156 167 168 169 174 179
70 66 58 41 32 30 49 61 57 37 53 65 70 69 67 78 72 89 80 78 68 59 64 59 40 47 52 56 47 44 37 44 57 67 70 58 40 23 24 24 33 42 56 65 68 78 83 80 88 104 124 130 132 142 144 144 153 164 155 153 136 137 144 153 146 129 106 114 133 139 111 123 141 155 163 163 162 156 147 143 143 149 155 159 168 172 169
75 80 73 60 52 53 63 73 52 41 59 71 80 86 78 95 90 98 87 74 62 50 71 72 56 50 43 36 41 27 29 39 48 58 58 49 40 21 9 13 21 46 59 64 69 75 86 86 101 111 125 138 138 142 152 155 162 158 152 140 126 126 142 152 141 128 115 100 128 138 129 135 148 145 150 154 151 152 150 155 147 158 163 156 157 160 161
79 91 85 77 63 72 79 78 64 57 58 66 78 95 96 96 104 107 89 77 59 71 79 78 68 68 53 41 22 20 20 31 45 45 54 48 31 24 11 7 10 36 49 59 61 73 97 107 113 113 127 136 146 150 155 157 150 159 150 144 134 123 132 142 138 127 118 116 130 136 128 138 138 134 143 143 143 142 153 162 154 156 167 162 160 162 170
97 88 97 80 84 90 96 84 74 60 60 74 86 99 107 112 112 105 97 78 70 75 93 84 89 75 59 59 42 38 27 30 27 36 36 29 26 15 9 6 10 33 47 61 71 78 84 105 119 133 131 132 150 149 140 139 131 146 146 134 130 126 120 127 134 125 118 107 126 122 115 124 117 141 151 152 152 141 160 168 152 158 163 169 157 170 177
108 100 108 98 100 105 103 93 81 77 76 83 97 105 111 119 114 107 90 81 82 84 95 98 92 81 77 67 54 53 32 12 16 19 16 11 18 6 3 15 26 43 42 56 64 71 77 94 109 111 130 147 136 126 122 121 133 147 149 126 119 120 114 103 121 113 105 110 119 119 108 115 115 140 150 160 168 158 169 176 181 179 182 173 170 180 187
105 106 112 108 103 113 104 100 97 86 76 92 99 106 110 120 124 108 99 90 95 97 105 99 80 74 78 62 66 65 51 26 3 7 4 4 6 8 0 13 32 60 63 76 63 64 71 89 96 109 122 144 119 112 116 132 143 142 147 136 121 113 107 106 120 107 98 112 113 107 105 114 127 143 152 157 159 173 177 180 182 183 184 189 187 187 180
117 116 116 115 124 120 115 98 86 82 84 80 92 100 112 125 129 119 110 95 96 108 113 103 92 92 83 66 79 75 57 37 23 22 13 -1 5 8 4 10 27 61 70 79 81 80 87 81 99 112 130 145 128 110 119 133 134 134 144 138 130 120 109 98 107 95 92 92 102 95 94 128 131 133 138 147 155 166 181 178 175 173 172 177 178 180 176
136 133 125 124 128 124 105 90 92 91 99 87 86 97 112 124 130 126 109 88 100 111 116 111 108 102 99 80 92 76 69 67 59 39 18 2 0 0 0 9 24 54 56 66 78 87 97 108 113 113 134 132 125 113 120 129 120 131 137 125 131 129 117 100 93 89 84 86 99 117 130 138 144 139 151 161 176 172 167 168 168 162 167 175 173 163 168
145 140 134 133 127 119 107 103 108 113 105 106 99 95 97 120 135 128 118 101 101 110 120 110 115 113 107 107 94 90 80 66 45 21 3 3 5 -2 7 16 29 30 55 65 69 78 88 108 117 122 137 119 117 108 113 120 109 133 125 112 119 122 115 102 91 87 102 121 110 128 132 136 149 158 161 170 163 157 162 158 160 154 156 175 167 150 159
151 129 126 125 120 113 108 115 114 117 107 113 112 107 110 127 140 123 106 114 107 107 120 125 123 123 120 111 102 103 71 64 46 25 11 0 -5 6 8 14 24 36 40 47 64 73 85 103 103 112 125 109 102 108 116 119 107 128 120 105 107 114 113 91 83 87 104 114 127 137 149 149 149 161 165 163 149 145 147 147 138 148 157 170 165 157 143
135 117 110 113 111 112 119 123 126 119 115 121 122 115 116 127 140 130 118 120 122 108 123 133 130 122 111 100 87 83 83 71 39 24 4 7 10 8 3 14 34 50 49 48 70 80 90 98 96 100 111 106 90 102 111 112 100 111 120 107 94 102 102 98 79 84 89 99 121 128 136 147 155 155 150 147 134 131 133 132 139 156 161 159 151 148 137
122 109 112 112 114 113 117 129 132 123 125 129 131 116 116 128 142 138 127 126 125 119 132 135 129 122 116 108 92 80 74 65 39 19 16 15 3 8 11 28 45 55 65 64 74 87 92 96 86 87 93 96 93 102 105 102 91 102 110 106 88 89 87 85 79 77 86 96 108 116 122 137 154 143 152 138 119 115 115 125 145 143 148 142 134 134 145
117 119 123 118 127 121 118 131 137 129 132 136 129 121 125 132 146 147 129 134 132 142 141 126 123 117 103 96 95 90 79 54 34 29 22 13 18 14 14 28 42 56 73 77 83 91 86 86 80 91 94 90 80 80 95 96 86 85 98 99 93 76 72 71 71 92 100 108 122 130 141 151 149 133 139 126 117 102 96 122 134 124 131 130 128 138 152
131 137 126 122 131 130 124 136 140 134 133 142 137 133 131 142 144 148 140 143 143 145 128 119 112 101 91 84 76 70 68 57 48 43 36 26 27 19 16 33 51 61 74 80 81 71 75 82 88 93 88 84 84 81 84 77 71 69 71 84 74 63 72 73 84 93 100 107 119 129 141 137 135 130 131 127 120 108 99 113 114 110 112 118 128 145 155
142 141 141 130 134 135 132 140 145 141 135 146 145 133 138 144 149 149 151 150 143 140 131 122 116 110 106 102 78 71 61 46 34 37 31 27 23 17 20 38 56 69 69 64 67 54 70 82 91 91 87 85 85 84 82 79 76 76 73 72 65 70 81 92 98 101 107 110 128 135 137 126 120 123 126 120 120 111 92 102 89 100 108 121 135 145 166
146 150 144 138 142 138 139 145 147 139 142 147 148 143 143 148 155 151 152 146 138 131 130 128 124 117 102 94 90 97 78 54 43 42 30 26 35 37 19 33 55 54 46 49 49 62 76 86 91 92 86 85 84 78 78 69 75 77 75 74 71 73 76 90 98 112 114 119 122 130 119 110 109 115 115 114 109 103 90 82 88 94 104 124 148 158 168
148 156 154 147 143 137 147 151 148 141 148 153 152 151 150 151 156 154 149 144 140 130 125 119 117 113 116 109 108 96 79 66 65 63 29 24 27 62 59 37 43 40 46 54 69 70 84 86 84 90 89 87 83 75 69 62 70 74 73 73 72 75 78 88 101 109 116 117 124 126 118 107 103 102 102 108 102 103 79 85 91 107 121 129 143 160 168
140 152 155 156 152 151 153 154 155 149 151 155 155 155 154 154 157 154 148 143 137 136 128 125 124 122 123 117 96 75 84 83 68 50 26 37 54 77 52 35 28 53 57 62 74 80 84 81 80 89 88 86 81 73 57 53 62 68 66 63 68 69 79 91 99 103 110 115 122 119 111 103 96 93 90 87 86 91 91 91 97 112 122 148 151 140 143
135 143 146 154 160 160 159 156 157 157 155 158 157 156 155 157 158 152 146 143 141 137 139 134 135 130 120 103 89 84 93 86 68 44 44 61 68 89 76 51 40 52 65 72 76 78 75 70 81 87 82 84 80 73 57 42 53 54 57 55 58 65 73 85 90 97 107 111 117 115 115 105 99 93 85 74 72 81 102 108 115 122 129 135 129 132 140
132 136 140 142 159 162 161 157 159 160 160 160 160 159 158 159 158 153 152 152 145 146 144 141 136 128 119 106 107 98 101 92 79 58 56 88 90 95 76 66 54 57 62 62 61 66 64 69 77 84 81 77 76 64 51 47 43 51 39 44 58 64 71 85 91 99 103 109 114 110 112 110 104 99 83 80 66 88 98 109 103 103 111 115 122 134 148
140 134 147 150 159 162 160 159 161 160 162 162 160 159 158 161 161 158 159 155 148 149 144 143 136 127 129 120 113 108 114 100 89 73 76 87 107 111 87 85 62 40 34 43 44 52 64 73 79 81 70 68 62 51 48 38 43 43 33 36 48 66 79 83 90 99 103 110 111 107 106 101 101 100 87 77 73 84 93 95 90 92 98 105 113 126 136
140 150 150 152 153 155 162 159 160 162 162 163 162 161 160 161 162 161 160 155 153 150 148 146 140 136 129 116 110 115 117 105 79 81 94 101 120 109 94 83 65 50 37 32 35 43 52 64 70 76 68 65 57 51 43 46 56 67 66 26 47 65 82 88 95 97 103 107 105 102 97 89 91 93 87 73 62 72 78 80 87 98 111 109 110 127 139
153 145 143 146 146 156 163 162 163 163 164 162 162 162 162 162 163 161 161 156 155 153 153 149 144 138 127 123 114 125 124 98 86 85 91 125 121 110 91 76 78 72 52 40 41 38 50 58 66 71 60 62 50 47 42 55 70 88 78 60 52 61 72 80 85 88 96 102 106 95 97 80 85 89 82 67 55 68 76 78 84 97 112 125 122 134 139
166 155 132 138 144 152 157 165 165 164 160 161 162 163 162 163 163 163 162 160 156 156 154 150 149 141 127 131 125 132 131 119 105 100 121 129 116 102 106 99 87 70 50 59 58 52 51 49 62 62 53 57 49 41 45 58 60 91 96 81 77 59 69 75 83 90 97 102 104 102 97 94 87 79 71 67 72 83 86 90 95 101 116 127 134 139 149
166 157 149 134 144 155 158 161 165 162 161 161 162 162 164 164 164 163 161 160 158 158 155 153 155 148 143 138 142 136 125 117 119 108 123 135 124 122 112 89 72 68 62 89 84 62 68 50 50 48 50 55 53 48 61 65 85 96 111 106 88 72 84 70 76 88 91 95 92 98 97 94 87 71 55 62 83 87 97 103 109 111 115 123 126 134 126
177 163 153 144 142 144 152 156 165 162 162 161 161 163 163 164 164 164 162 160 160 160 157 157 153 150 146 145 145 133 134 126 131 127 125 140 135 116 107 94 94 96 81 94 92 92 75 54 47 66 71 68 75 84 66 83 102 112 125 109 98 87 98 87 96 91 89 84 84 89 91 91 81 69 51 64 75 84 90 90 96 113 116 129 134 127 118
175 168 160 155 148 143 146 154 162 165 163 161 162 162 163 164 165 165 164 162 162 160 159 159 154 151 147 148 148 142 139 130 134 142 144 140 130 107 111 107 113 105 94 99 109 96 77 68 73 87 93 86 94 86 75 84 109 122 128 121 119 108 115 99 108 111 100 89 78 84 81 70 65 58 44 48 63 69 73 81 94 102 116 120 124 119 101
180 171 164 149 147 150 152 153 158 162 166 166 161 162 163 164 165 165 165 164 164 163 160 157 155 153 152 153 153 151 145 144 141 149 147 136 129 120 123 120 117 111 95 113 116 96 90 92 88 92 107 93 104 101 90 99 97 108 129 140 125 129 117 113 126 115 98 93 79 69 61 67 64 53 45 42 52 64 74 84 100 108 115 109 121 116 100
174 164 157 148 150 154 156 157 158 161 163 166 160 163 162 164 165 166 166 165 165 163 160 159 156 155 155 155 158 156 156 150 142 153 150 143 135 129 132 131 127 115 109 119 121 113 108 104 100 109 108 107 114 116 110 114 107 113 136 143 139 135 121 127 122 107 118 108 95 80 75 76 79 61 63 51 55 69 81 89 101 95 94 106 116 113 112
170 165 160 153 145 151 156 160 161 162 165 163 160 160 164 162 165 166 166 166 166 164 163 160 159 158 158 157 159 159 159 157 154 156 155 149 146 143 139 139 133 124 127 129 129 114 115 111 99 112 124 114 123 118 111 122 123 127 135 144 147 129 130 138 131 111 120 116 106 91 89 98 98 88 82 63 51 58 72 76 88 85 96 109 110 106 111
168 162 162 160 141 147 153 150 158 158 161 165 159 159 160 163 164 166 167 165 166 165 164 162 160 161 159 159 162 162 163 162 158 159 158 157 153 149 147 145 141 139 139 134 123 116 123 121 110 114 128 124 129 118 119 129 135 138 141 150 152 141 142 143 129 125 133 132 120 110 105 109 111 110 96 76 63 60 58 69 68 77 98 100 102 93 100
170 167 167 164 140 145 142 149 150 153 159 162 164 159 158 162 163 167 167 166 167 165 164 163 163 162 161 162 162 164 164 162 160 159 160 160 156 152 150 148 147 147 142 135 129 129 131 134 126 119 131 138 127 116 128 132 140 142 146 154 155 145 152 146 138 150 141 130 118 108 120 122 124 127 101 87 80 76 56 58 52 76 87 91 99 86 91
177 176 171 160 142 138 137 144 144 148 155 161 160 164 161 159 163 163 165 168 167 164 164 163 164 164 163 163 164 166 165 163 163 161 162 162 158 156 153 153 154 148 143 143 139 137 137 139 125 120 128 139 125 120 129 140 142 146 150 154 159 153 153 157 153 144 130 123 119 110 119 128 131 127 118 105 95 74 66 48 56 71 73 84 84 78 81
183 178 174 155 141 140 136 140 141 147 152 155 159 161 166 162 162 164 159 167 168 164 163 163 165 165 165 165 166 167 165 164 162 162 164 163 161 160 159 156 157 155 152 152 148 141 144 144 134 129 134 143 132 124 135 145 146 148 156 155 162 160 162 156 146 136 131 118 114 118 121 136 133 116 106 96 83 67 61 54 58 70 71 79 74 68 65
