worldclim/bio6_cr.asc
ncols        411
nrows        382
xllcorner    -85.979072453958
yllcorner    8.036441368777
cellsize     0.008333330000
NODATA_value  -9999
[rows 156 to 194 of 382, columns 261 to 347 of 411]
119 121 121 125 127 130 136 136 140 147 155 161 167 170 172 173 173 174 178 168 170 166 157 155 154 151 156 161 166 169 178 165 154 157 153 148 158 162 165 165 165 170 158 152 155 158 144 139 129 151 164 163 173 188 201 176 174 172 169 177 182 178 176 191 195 196 191 189 196 195 189 189 192 187 184 187 191 194 190 190 190 196 202 204 208 207 207
127 128 126 126 132 135 136 137 139 145 151 155 165 170 173 174 173 176 171 165 164 162 155 146 149 150 155 160 160 166 175 185 170 164 150 148 155 156 162 166 169 169 163 150 140 146 147 149 138 150 174 183 175 189 200 181 175 160 159 165 175 171 166 179 179 189 190 189 191 191 191 185 188 186 189 194 195 196 196 197 198 199 202 207 207 206 204
131 134 136 138 138 142 141 142 144 141 144 151 161 166 173 173 173 173 172 165 162 159 152 145 145 147 156 162 167 171 176 181 176 167 155 147 142 145 155 160 165 169 164 156 144 149 148 162 152 164 176 180 182 179 195 185 173 167 152 154 164 161 168 163 181 186 186 183 178 181 187 188 187 189 190 197 203 202 204 204 205 206 206 206 206 204 203
132 136 137 138 137 143 144 146 146 149 141 147 155 163 169 172 174 174 173 167 159 153 152 144 143 155 159 167 169 175 166 176 182 173 162 156 138 138 151 159 163 164 164 152 150 155 153 166 171 172 164 163 172 160 184 191 184 178 169 154 150 160 170 170 178 176 177 174 174 181 184 187 190 193 192 198 197 198 200 201 205 199 201 202 205 204 201
138 139 142 152 164 154 150 147 150 154 147 143 152 158 165 169 173 174 175 172 164 158 153 141 140 148 157 156 159 165 175 170 170 180 171 153 143 135 150 153 150 153 160 156 148 158 168 168 158 160 142 149 158 140 159 185 169 156 154 160 149 159 171 175 178 172 170 169 174 178 182 187 189 194 198 196 196 193 196 200 201 196 198 201 204 204 207
146 152 154 161 165 163 162 158 157 159 155 141 150 156 163 166 170 174 174 175 170 164 158 152 139 141 142 147 154 163 168 161 161 172 179 171 153 140 142 142 143 144 150 151 144 158 151 155 155 146 141 154 162 146 154 188 175 169 156 140 146 151 151 163 173 165 158 158 169 172 176 184 189 190 193 188 185 185 187 199 203 195 193 195 201 203 202
154 153 155 142 146 160 162 168 168 165 164 169 153 164 168 165 170 173 174 174 174 168 165 161 150 144 140 144 153 162 160 155 167 174 164 169 163 150 155 145 141 144 149 155 155 156 146 144 146 144 141 152 162 164 163 182 155 156 157 137 135 138 151 163 166 167 156 156 166 168 179 185 184 179 182 185 170 173 186 190 200 195 194 197 199 200 202
148 136 131 136 140 142 155 159 163 167 170 167 166 172 171 172 173 174 174 171 172 172 172 167 160 152 150 153 155 154 156 164 168 173 162 159 166 161 158 157 147 144 151 150 152 156 140 136 137 129 127 136 157 170 170 178 156 142 139 137 125 127 142 155 155 157 148 147 160 144 167 183 178 178 181 188 181 173 188 195 195 193 192 195 196 198 201
144 136 132 128 131 138 146 142 154 160 164 164 160 167 172 171 174 174 174 163 165 168 170 170 169 158 160 154 149 146 149 160 165 170 168 159 157 159 159 155 149 144 142 144 143 151 150 142 132 119 124 143 155 164 169 176 178 157 145 136 121 109 137 140 142 151 136 126 131 144 156 171 173 168 179 182 181 179 179 196 189 188 187 192 191 194 202
149 138 133 128 125 138 144 151 156 161 164 167 163 172 172 172 161 172 167 151 156 162 163 164 163 168 165 161 149 140 153 162 158 176 165 158 156 154 153 149 146 148 148 148 145 147 143 142 139 123 125 132 138 156 170 176 165 144 137 136 121 105 119 121 129 138 128 117 131 146 172 164 161 155 175 176 176 177 171 182 186 179 197 193 196 198 203
141 136 137 125 118 136 143 137 143 153 159 166 169 171 170 172 171 170 158 151 155 148 155 158 158 161 163 160 154 147 151 163 151 162 175 161 153 150 148 145 147 147 147 147 146 143 146 141 135 128 122 127 140 159 165 180 181 152 147 138 120 121 111 108 112 113 119 124 137 147 160 152 147 162 157 166 167 171 173 182 193 181 192 185 189 196 200
141 129 132 108 125 133 136 144 153 145 155 165 167 165 159 171 170 168 157 149 144 143 148 152 153 152 154 155 157 159 161 156 154 164 166 172 157 150 152 149 147 148 144 143 147 141 141 143 133 132 147 140 150 157 170 177 177 169 155 142 138 132 121 123 122 111 121 135 146 155 142 131 139 157 151 158 160 167 167 185 179 183 185 183 186 196 200
132 130 116 114 126 129 132 140 150 159 163 169 169 167 161 154 157 165 161 144 134 137 148 145 138 145 151 152 153 155 158 159 162 160 150 166 173 164 160 150 142 146 144 137 134 132 134 141 137 147 158 151 149 166 182 162 171 175 165 154 145 148 136 140 135 110 104 133 140 140 122 129 132 135 151 142 149 169 177 180 167 178 177 179 189 197 198
119 111 105 118 123 130 134 135 151 158 168 166 168 167 163 153 149 159 162 150 132 131 139 136 134 153 146 140 148 151 153 155 154 147 152 157 160 171 161 150 140 140 142 139 135 131 128 129 133 147 151 168 174 175 174 156 159 170 171 161 159 156 153 145 131 121 111 119 126 124 122 128 128 130 130 132 143 162 170 170 173 169 160 174 186 185 191
113 108 106 127 125 138 138 147 154 160 162 160 165 163 158 156 148 153 155 157 144 127 134 130 141 142 141 140 145 137 146 153 140 147 154 142 152 164 161 152 145 134 133 138 135 134 133 134 139 143 152 164 174 172 158 146 153 164 167 166 158 150 138 139 132 122 112 118 117 114 133 139 152 144 139 138 134 140 147 157 165 162 161 165 173 163 178
113 108 115 130 143 149 152 154 156 165 157 144 159 164 158 152 147 143 151 154 151 129 122 128 138 127 130 134 140 137 145 144 133 140 144 150 150 158 164 154 140 133 127 133 133 131 132 143 154 157 160 174 172 169 151 141 152 164 159 155 143 132 122 110 107 104 100 103 124 134 140 142 153 157 149 148 145 134 125 122 132 159 169 172 170 171 169
126 119 128 135 137 139 151 157 160 164 158 150 158 162 153 148 141 143 148 145 150 147 138 134 131 122 122 128 128 140 137 135 146 152 151 153 150 150 165 159 155 140 124 123 127 130 128 142 147 160 174 178 165 171 152 146 150 157 152 156 145 129 120 113 108 103 95 102 107 124 140 148 153 163 165 160 154 152 136 131 145 150 168 179 178 174 185
133 122 119 130 138 146 148 157 157 160 157 151 151 159 159 154 146 135 140 141 146 140 130 128 128 116 112 117 124 129 128 138 144 143 146 137 142 148 159 153 150 139 128 121 122 125 139 146 156 163 176 171 161 168 160 152 148 148 148 153 151 136 116 107 100 95 105 107 107 114 118 136 147 144 155 171 167 158 158 152 161 146 158 179 187 184 189
131 135 122 130 134 147 151 150 153 157 154 149 147 155 154 148 140 128 128 130 136 139 124 117 117 119 107 110 119 130 136 130 136 136 142 147 148 164 161 148 145 133 120 117 120 128 144 154 152 170 168 169 159 163 170 150 142 139 143 145 149 145 128 119 92 94 108 115 117 119 113 126 128 138 157 165 174 179 179 181 171 162 159 174 185 191 196
119 135 126 125 134 136 131 140 147 155 150 147 133 146 146 148 144 134 125 119 123 132 133 118 110 113 110 117 125 122 127 119 123 131 147 156 156 158 153 150 145 137 117 111 126 142 144 157 164 174 161 159 150 152 164 157 141 137 138 135 144 143 135 121 108 102 119 128 123 127 113 120 125 147 158 164 163 164 164 187 186 179 168 172 186 197 197
120 132 125 119 125 132 139 149 150 153 146 136 136 146 147 134 135 135 122 111 111 114 123 112 108 109 113 113 117 118 119 121 133 142 149 158 156 148 146 136 136 137 126 113 123 141 155 168 170 161 157 162 144 140 152 160 145 136 132 135 140 136 135 131 121 113 120 135 144 132 124 139 132 140 138 146 168 167 168 173 193 187 181 184 193 198 200
104 128 124 113 124 131 135 144 138 144 133 135 131 138 147 141 130 121 113 111 111 112 108 105 104 108 108 102 101 104 108 128 135 148 156 154 149 144 146 130 133 135 130 116 124 143 152 170 171 151 148 153 156 147 142 154 152 141 135 131 134 131 130 129 124 125 129 136 145 142 139 151 148 136 138 152 177 180 175 184 183 194 194 191 199 201 202
103 119 123 110 116 118 134 146 129 137 131 121 125 131 133 134 137 131 120 115 116 119 124 112 108 103 112 112 96 96 110 127 133 143 154 142 138 136 136 128 132 131 133 136 134 152 162 158 153 142 145 156 150 144 141 150 147 135 131 130 129 127 125 125 125 134 138 137 155 157 147 154 145 145 156 168 182 190 189 191 196 197 200 202 203 202 204
99 112 120 110 106 113 127 129 121 131 131 129 124 122 127 123 129 125 123 116 110 119 121 122 119 111 114 123 113 104 114 128 139 149 156 140 130 127 129 123 122 132 144 148 157 161 168 161 150 142 135 153 151 142 141 145 144 130 127 119 123 130 136 129 134 138 147 139 148 161 158 159 160 159 170 185 188 173 177 181 189 196 201 202 201 195 203
111 119 118 105 102 112 127 120 114 122 129 122 128 120 109 110 123 122 114 107 104 109 119 125 129 121 124 126 132 124 124 125 140 149 142 139 132 121 121 115 119 133 147 155 160 167 156 150 145 133 137 138 148 144 136 134 142 129 118 108 121 132 138 145 145 143 152 137 147 165 168 168 172 174 178 177 167 164 169 176 189 198 200 199 199 201 202
104 113 117 108 107 116 119 125 117 109 112 112 113 111 106 103 110 110 105 110 111 109 114 119 122 132 134 137 134 138 132 131 142 135 129 133 129 115 111 108 115 129 139 151 165 161 146 141 142 129 129 137 145 134 127 127 134 131 118 110 117 125 134 144 152 155 160 162 146 157 174 172 165 167 165 156 159 172 176 185 193 198 198 199 201 200 201
103 111 117 114 109 103 105 115 112 98 104 114 94 98 100 93 93 100 108 112 114 118 121 123 126 123 124 119 126 132 137 141 130 121 117 126 119 112 102 111 130 131 148 158 164 149 144 128 133 122 119 130 142 131 129 119 123 123 120 117 122 132 140 142 148 146 145 160 163 164 165 166 162 166 167 168 161 171 180 188 195 195 197 197 197 194 196
103 107 111 100 104 111 99 104 107 93 88 103 110 91 84 87 89 99 109 114 115 118 118 120 122 115 125 114 117 121 129 136 123 111 104 116 110 105 114 122 134 137 141 157 163 145 134 123 127 120 112 121 135 120 122 109 118 113 110 116 119 135 133 139 137 131 145 152 153 153 156 160 163 168 173 175 175 178 184 189 196 193 191 191 191 183 185
83 92 91 92 99 112 102 102 104 98 83 98 92 87 76 82 89 99 107 112 111 110 117 119 109 116 123 116 110 117 134 126 132 115 100 103 100 91 104 108 101 116 125 149 160 146 133 128 129 124 113 116 125 129 113 110 109 109 107 111 121 129 122 119 120 132 143 141 145 150 146 151 164 169 175 178 180 187 189 195 190 195 181 177 179 176 170
72 72 77 81 82 87 105 92 100 92 83 88 89 86 77 81 86 93 103 109 106 108 104 100 101 109 117 116 108 120 126 120 122 120 108 96 84 89 98 104 104 113 134 155 159 155 145 137 132 124 111 110 114 120 120 103 98 93 102 109 116 119 112 102 117 124 131 132 141 145 133 140 153 166 169 169 174 185 186 183 180 181 184 182 172 172 182
68 69 70 71 67 99 98 83 88 95 82 80 80 82 75 77 84 95 101 105 102 99 91 95 91 99 105 113 108 113 123 120 115 116 109 89 88 108 113 118 123 135 146 150 139 145 149 143 132 123 109 102 106 109 107 97 85 103 113 110 116 114 111 116 113 127 135 136 145 148 130 137 141 150 159 166 176 182 174 175 174 173 176 179 176 176 180
71 68 64 66 69 85 100 87 83 89 86 73 71 71 66 72 81 87 94 98 94 91 83 87 85 83 96 106 100 110 118 112 106 105 108 105 97 105 124 130 137 144 153 141 128 125 139 138 136 127 119 108 94 106 99 92 91 110 122 127 128 127 126 129 126 132 133 145 150 152 137 133 141 142 149 162 170 176 172 166 163 166 173 173 175 182 186
73 73 77 73 72 78 88 88 80 81 82 77 72 71 62 66 75 77 86 92 85 83 72 72 68 81 87 98 95 100 108 105 96 97 107 121 113 109 117 132 144 149 143 139 114 118 132 124 129 128 116 113 106 104 100 99 97 112 116 128 139 133 138 138 138 140 139 151 157 161 153 140 141 147 149 147 155 171 169 157 159 165 172 180 182 181 184
72 71 71 75 77 77 79 86 83 80 78 76 75 73 67 60 69 71 75 81 82 73 56 65 62 82 80 89 89 86 104 96 92 94 109 120 128 127 130 136 148 144 128 135 106 105 108 117 117 115 116 113 108 104 99 101 108 119 126 130 139 146 147 147 148 142 143 153 161 166 161 148 143 151 160 146 152 164 168 157 157 168 174 181 182 189 187
65 63 62 63 72 68 71 74 76 73 79 79 78 75 71 63 48 55 66 74 66 55 46 57 56 61 69 79 84 77 84 85 86 91 95 115 131 140 143 145 137 137 130 133 119 115 98 104 110 113 114 106 106 100 96 95 108 115 127 136 143 145 149 154 153 148 148 150 161 170 168 158 154 161 170 164 163 169 171 165 163 168 175 174 175 173 176
53 47 52 58 68 62 59 65 66 73 72 76 76 75 72 69 62 52 51 63 51 36 43 52 49 47 65 79 68 74 75 83 80 85 94 107 125 140 135 133 130 125 125 119 117 104 98 96 100 107 109 99 94 96 89 94 97 100 125 135 139 146 149 150 159 156 156 158 158 168 170 165 165 166 173 176 173 178 174 167 167 171 172 175 177 178 175
45 34 49 49 47 40 53 61 69 74 72 77 76 72 70 65 58 58 49 51 45 32 42 40 42 49 53 70 65 68 74 78 76 95 113 120 134 132 120 120 109 119 119 118 101 94 89 79 87 87 100 99 101 96 95 102 104 105 104 113 122 140 149 152 161 159 162 166 171 179 183 178 180 179 183 185 183 180 169 170 172 170 169 174 177 183 182
48 35 34 37 27 40 47 49 63 68 70 75 72 68 59 62 58 53 52 42 30 42 43 44 45 51 52 51 60 69 69 75 93 109 119 135 129 127 115 97 99 102 113 113 109 87 77 69 70 76 86 95 110 110 99 106 120 121 109 112 115 122 128 144 163 159 161 166 173 182 181 180 184 186 184 183 186 180 170 173 183 179 172 177 182 180 183
47 51 44 37 23 29 37 56 64 60 66 73 73 68 65 48 48 45 40 43 29 38 50 56 50 58 54 62 61 69 76 86 98 115 128 125 116 111 110 98 82 88 104 100 104 95 82 71 73 84 87 96 111 121 121 126 134 140 129 139 128 139 140 144 154 165 161 173 180 174 178 172 174 175 172 174 183 187 187 187 193 194 190 195 196 197 188
