worldclim/bio6_cr.asc
ncols        411
nrows        382
xllcorner    -85.979072453958
yllcorner    8.036441368777
cellsize     0.008333330000
NODATA_value  -9999
[rows 273 to 311 of 382, columns 261 to 347 of 411]
-9999 -9999 -9999 -9999 -9999 -9999 -9999 -9999 -9999 -9999 -9999 -9999 -9999 -9999 -9999 -9999 -9999 -9999 -9999 -9999 -9999 199 199 199 200 200 200 200 200 200 201 201 201 200 200 201 201 201 201 201 201 201 197 195 194 192 192 192 187 180 178 179 183 189 190 190 196 189 179 174 179 169 167 178 184 184 184 190 183 177 169 160 158 156 174 171 176 174 179 182 175 174 179 181 179 178 178
-9999 -9999 -9999 -9999 -9999 -9999 -9999 -9999 -9999 -9999 -9999 -9999 -9999 -9999 -9999 -9999 -9999 -9999 -9999 -9999 -9999 200 199 199 200 199 200 200 200 200 200 201 201 201 200 200 201 201 201 201 201 201 201 201 195 195 200 196 192 188 182 178 181 181 180 176 182 187 184 183 166 166 164 169 183 180 181 182 180 175 172 162 166 161 154 158 167 170 176 181 176 168 172 178 178 178 176
-9999 -9999 -9999 -9999 -9999 -9999 -9999 -9999 -9999 -9999 -9999 -9999 -9999 -9999 -9999 -9999 -9999 -9999 -9999 -9999 -9999 200 -9999 200 200 199 199 200 200 200 200 200 201 201 201 201 201 201 201 201 201 201 200 200 200 200 200 198 194 193 190 187 180 176 175 169 174 178 174 174 172 179 176 177 179 169 173 183 183 176 170 167 169 167 162 148 158 162 165 173 176 166 164 169 174 175 176
-9999 -9999 -9999 -9999 -9999 -9999 -9999 -9999 -9999 -9999 -9999 -9999 -9999 -9999 -9999 -9999 -9999 -9999 -9999 -9999 -9999 -9999 -9999 200 200 199 199 200 200 199 200 200 200 201 201 201 200 200 201 201 201 200 200 201 200 200 200 197 194 193 194 192 190 188 185 169 168 174 173 167 173 172 175 171 178 170 167 177 181 181 177 169 171 168 165 156 145 145 162 173 178 169 166 165 163 169 176
-9999 -9999 -9999 -9999 -9999 -9999 -9999 -9999 -9999 -9999 -9999 -9999 -9999 -9999 -9999 -9999 -9999 -9999 -9999 -9999 -9999 -9999 -9999 200 199 199 199 199 199 199 199 200 200 200 200 200 200 200 200 200 200 200 200 201 200 200 200 197 197 196 193 196 195 192 185 182 172 169 170 165 171 164 172 168 169 179 163 170 170 179 181 175 171 166 163 159 140 143 156 170 178 168 162 162 165 167 168
-9999 -9999 -9999 -9999 -9999 -9999 -9999 -9999 -9999 -9999 -9999 -9999 -9999 -9999 -9999 -9999 -9999 -9999 -9999 -9999 -9999 -9999 -9999 -9999 -9999 -9999 -9999 199 199 199 199 200 199 200 200 200 200 200 200 200 200 200 200 200 200 200 200 200 197 199 199 198 196 192 190 185 181 168 165 162 166 167 169 168 163 172 160 162 166 176 173 173 171 164 161 152 146 145 153 167 176 171 171 158 162 164 164
-9999 -9999 -9999 -9999 -9999 -9999 -9999 -9999 -9999 -9999 -9999 -9999 -9999 -9999 -9999 -9999 -9999 -9999 -9999 -9999 -9999 -9999 200 199 200 199 199 199 199 199 199 199 199 199 200 200 200 200 200 200 200 200 200 200 200 200 200 200 200 200 200 198 198 196 194 193 189 183 172 168 165 162 172 167 162 171 170 146 165 168 170 176 168 167 162 155 150 147 153 161 169 178 171 166 160 161 162
-9999 -9999 -9999 -9999 -9999 -9999 -9999 -9999 -9999 -9999 -9999 -9999 -9999 -9999 -9999 -9999 -9999 -9999 -9999 -9999 -9999 -9999 200 199 199 199 199 199 199 199 199 199 199 199 199 200 200 200 200 199 200 200 200 200 200 200 200 200 200 200 200 199 199 198 195 198 196 190 186 180 177 169 174 164 169 173 161 160 169 159 159 170 167 165 162 161 147 148 150 159 168 174 177 177 166 167 165
-9999 -9999 -9999 -9999 -9999 -9999 -9999 -9999 -9999 -9999 -9999 -9999 -9999 -9999 -9999 -9999 -9999 -9999 -9999 -9999 -9999 -9999 -9999 -9999 199 199 199 199 199 199 199 199 199 199 199 199 199 199 200 200 200 200 200 200 200 200 200 200 200 199 199 199 199 199 199 199 196 195 195 188 182 178 174 170 172 169 158 161 168 159 151 158 169 167 161 154 149 143 139 154 162 167 170 175 174 171 169
-9999 -9999 -9999 -9999 -9999 -9999 -9999 -9999 -9999 -9999 -9999 -9999 -9999 -9999 -9999 -9999 -9999 -9999 -9999 -9999 -9999 -9999 -9999 -9999 -9999 199 199 198 199 199 199 198 198 199 199 198 199 199 199 200 200 200 200 200 200 200 200 200 200 200 199 199 199 199 199 199 192 193 196 195 192 185 175 169 168 167 161 165 169 164 158 138 151 158 164 162 151 146 146 145 155 160 166 173 169 170 170
-9999 -9999 -9999 -9999 -9999 -9999 -9999 -9999 -9999 -9999 -9999 -9999 -9999 -9999 -9999 -9999 -9999 -9999 -9999 -9999 -9999 -9999 -9999 -9999 -9999 -9999 199 199 198 199 199 199 199 199 199 199 198 199 198 199 199 200 200 200 200 200 200 200 200 200 200 200 199 199 199 198 199 196 195 196 193 189 184 176 175 176 163 162 159 158 157 148 134 131 145 150 153 147 142 154 157 165 169 172 165 164 167
-9999 -9999 -9999 -9999 -9999 -9999 -9999 -9999 -9999 -9999 -9999 -9999 -9999 -9999 -9999 -9999 -9999 -9999 -9999 -9999 -9999 -9999 -9999 199 -9999 -9999 199 199 199 198 198 198 199 198 199 199 197 199 195 197 194 199 199 200 200 200 199 199 199 199 199 200 199 199 199 199 199 198 198 198 198 195 188 186 184 180 169 160 157 156 144 142 131 121 133 138 144 147 139 149 156 158 167 170 165 166 169
-9999 -9999 -9999 -9999 -9999 -9999 -9999 -9999 -9999 -9999 -9999 -9999 -9999 -9999 -9999 -9999 -9999 -9999 -9999 -9999 -9999 -9999 -9999 -9999 198 198 199 199 199 199 199 199 197 193 198 199 195 194 194 195 198 199 199 199 199 200 199 200 199 199 199 199 199 199 199 199 199 199 199 199 198 198 191 192 191 190 181 169 170 169 163 138 130 123 126 137 138 137 144 147 150 158 159 163 173 173 172
-9999 -9999 -9999 -9999 -9999 -9999 -9999 -9999 -9999 -9999 -9999 -9999 -9999 -9999 -9999 -9999 -9999 -9999 -9999 -9999 -9999 -9999 -9999 198 198 199 199 199 199 198 198 198 198 193 189 192 192 194 197 198 199 199 199 199 198 199 200 200 199 199 199 199 199 199 199 199 199 199 199 199 199 198 197 192 193 187 182 174 177 179 169 159 153 152 131 132 131 136 135 136 145 149 161 166 169 169 170
-9999 -9999 -9999 -9999 -9999 -9999 -9999 -9999 -9999 -9999 -9999 -9999 -9999 -9999 -9999 -9999 -9999 -9999 -9999 -9999 200 198 189 197 198 198 198 198 199 198 197 198 198 198 193 186 190 193 193 195 199 199 199 199 197 199 199 199 199 198 199 199 199 199 199 199 199 199 199 199 199 199 198 192 187 181 185 182 183 180 173 166 157 158 130 119 122 129 125 126 135 146 155 164 168 163 163
-9999 -9999 -9999 -9999 -9999 -9999 -9999 -9999 -9999 -9999 -9999 -9999 -9999 -9999 -9999 -9999 -9999 -9999 -9999 195 192 192 189 196 198 197 198 198 198 198 197 198 198 199 190 188 186 187 189 197 199 199 198 197 194 198 199 198 199 197 198 197 199 199 199 199 199 199 199 199 199 199 198 196 195 191 193 188 185 178 177 169 170 160 131 121 120 115 120 130 150 151 150 162 162 153 158
-9999 -9999 -9999 -9999 -9999 -9999 -9999 -9999 -9999 -9999 -9999 -9999 -9999 -9999 -9999 -9999 -9999 -9999 -9999 188 197 199 -9999 -9999 197 198 199 197 198 198 198 198 198 196 191 181 186 190 186 191 198 198 198 196 194 198 198 198 199 198 194 190 197 199 199 199 199 199 199 199 199 199 199 199 199 196 193 185 181 181 180 179 173 165 145 124 124 121 125 141 136 148 139 151 151 152 155
-9999 -9999 -9999 -9999 -9999 -9999 -9999 -9999 -9999 -9999 -9999 -9999 -9999 -9999 -9999 -9999 -9999 -9999 198 191 194 198 -9999 199 199 198 197 197 198 198 198 198 197 195 190 186 188 193 190 198 198 198 198 193 194 197 198 198 198 198 196 192 198 199 199 199 197 199 199 199 199 200 199 199 199 199 196 192 187 186 181 186 177 165 161 156 137 131 124 121 125 140 135 136 138 138 147
-9999 -9999 -9999 -9999 -9999 -9999 -9999 -9999 -9999 -9999 -9999 -9999 -9999 -9999 -9999 -9999 -9999 -9999 -9999 198 198 -9999 197 197 191 191 195 198 197 197 198 198 198 191 187 182 183 189 191 198 198 198 198 189 191 193 195 198 198 196 198 190 200 199 199 199 200 200 199 197 199 200 200 199 199 199 200 199 195 190 186 183 182 175 166 166 162 161 143 127 122 127 129 122 120 128 136
-9999 -9999 -9999 -9999 -9999 -9999 -9999 -9999 -9999 -9999 -9999 -9999 -9999 -9999 -9999 -9999 -9999 -9999 -9999 -9999 -9999 -9999 197 197 193 187 187 191 193 197 197 197 191 185 185 187 188 190 198 198 197 198 198 193 190 187 198 198 200 193 198 196 198 200 199 199 200 200 199 196 195 196 196 199 199 200 200 199 196 191 188 183 181 182 176 175 173 167 160 146 137 132 128 117 117 122 126
-9999 -9999 -9999 -9999 -9999 -9999 -9999 -9999 -9999 -9999 -9999 -9999 -9999 -9999 -9999 -9999 -9999 -9999 -9999 195 198 197 197 197 188 181 183 190 193 194 190 192 186 183 190 194 198 198 198 193 192 198 198 196 189 185 190 191 189 193 194 194 195 197 193 193 194 199 197 199 193 193 193 200 199 200 200 200 200 197 194 188 182 181 179 181 177 173 168 163 158 157 147 136 132 136 141
-9999 -9999 -9999 -9999 -9999 -9999 -9999 -9999 -9999 -9999 -9999 -9999 -9999 -9999 -9999 -9999 -9999 -9999 -9999 188 187 191 193 196 197 178 178 186 183 192 182 186 187 187 196 196 198 197 198 190 186 191 198 198 194 192 186 189 190 190 190 189 193 194 191 190 192 193 195 194 193 200 200 198 200 200 197 196 200 200 194 190 189 183 180 185 182 179 177 172 167 164 165 169 169 169 167
-9999 -9999 -9999 -9999 -9999 -9999 -9999 -9999 -9999 -9999 -9999 -9999 -9999 -9999 -9999 -9999 -9999 -9999 -9999 196 196 197 197 197 194 188 177 183 177 182 177 180 186 191 194 198 193 190 197 191 186 198 198 198 198 198 189 189 190 192 194 188 190 190 187 192 189 192 192 193 193 200 194 192 192 192 193 194 199 201 201 195 192 190 185 188 182 180 178 174 172 171 168 173 172 169 171
-9999 -9999 -9999 -9999 -9999 -9999 -9999 -9999 -9999 -9999 -9999 -9999 -9999 -9999 -9999 -9999 -9999 -9999 -9999 197 197 197 196 196 197 183 176 174 170 172 176 180 185 190 186 191 195 187 194 190 186 198 198 198 198 192 191 190 191 194 198 193 191 190 190 189 195 191 192 193 200 200 190 189 191 190 191 199 199 201 201 201 200 196 196 191 183 178 177 173 173 175 179 176 175 172 169
-9999 -9999 -9999 -9999 -9999 -9999 -9999 -9999 -9999 -9999 -9999 -9999 -9999 -9999 -9999 -9999 -9999 -9999 -9999 197 192 189 186 189 194 196 185 177 167 170 177 183 190 184 178 188 194 187 193 187 187 191 198 195 194 194 192 198 196 194 -9999 -9999 -9999 195 198 190 199 200 193 194 200 200 192 187 188 186 187 189 192 196 201 196 196 199 199 194 189 180 180 179 175 178 183 180 181 184 181
-9999 -9999 -9999 -9999 -9999 -9999 -9999 -9999 -9999 -9999 -9999 -9999 -9999 -9999 -9999 -9999 -9999 -9999 197 197 191 187 183 181 186 191 188 180 172 167 172 186 184 177 182 187 190 190 190 189 191 191 193 193 192 194 196 -9999 -9999 -9999 -9999 -9999 -9999 -9999 -9999 200 198 199 199 198 200 200 193 184 183 183 185 188 192 195 198 199 196 195 200 200 194 189 186 182 179 180 190 189 181 187 182
-9999 -9999 -9999 -9999 -9999 -9999 -9999 -9999 -9999 -9999 -9999 -9999 -9999 -9999 -9999 -9999 -9999 -9999 197 197 197 196 185 183 180 180 180 183 182 169 176 177 171 171 176 176 186 189 -9999 -9999 -9999 -9999 -9999 196 193 198 -9999 -9999 -9999 -9999 -9999 -9999 -9999 -9999 -9999 -9999 199 199 197 197 200 200 188 181 182 181 182 183 188 194 199 199 200 195 195 200 199 195 191 190 184 186 191 186 188 189 193
-9999 -9999 -9999 -9999 -9999 -9999 -9999 -9999 -9999 -9999 -9999 -9999 -9999 -9999 -9999 -9999 -9999 -9999 197 197 196 195 194 188 185 178 186 188 188 174 167 169 177 175 174 177 185 194 -9999 -9999 -9999 -9999 -9999 -9999 -9999 -9999 -9999 -9999 -9999 -9999 -9999 -9999 -9999 -9999 -9999 -9999 198 199 194 191 199 196 189 181 179 176 179 180 183 197 199 196 200 200 200 200 200 200 198 193 191 191 191 188 188 189 189
-9999 -9999 -9999 -9999 -9999 -9999 -9999 -9999 -9999 -9999 -9999 -9999 -9999 -9999 -9999 -9999 -9999 -9999 194 196 197 194 192 191 180 181 188 189 186 181 176 180 188 195 187 190 189 198 -9999 -9999 -9999 -9999 -9999 -9999 -9999 -9999 -9999 -9999 -9999 -9999 -9999 -9999 -9999 -9999 -9999 -9999 198 197 188 189 197 193 187 179 177 176 178 180 183 193 198 196 200 200 200 194 190 200 199 198 196 194 198 192 191 189 193
-9999 -9999 -9999 -9999 -9999 -9999 -9999 -9999 -9999 -9999 -9999 -9999 -9999 -9999 -9999 -9999 -9999 198 194 194 197 195 192 180 178 183 188 188 189 180 185 180 180 189 195 196 187 191 -9999 198 -9999 -9999 -9999 -9999 -9999 -9999 -9999 -9999 -9999 -9999 -9999 -9999 -9999 -9999 -9999 -9999 -9999 192 196 197 197 188 180 176 179 185 186 193 197 198 189 195 200 197 198 192 190 190 194 197 199 202 202 198 193 189 191
-9999 -9999 -9999 -9999 -9999 -9999 -9999 -9999 -9999 -9999 -9999 198 194 193 194 195 195 192 188 191 191 194 192 192 184 177 186 188 189 181 190 190 184 190 194 196 197 198 198 198 -9999 -9999 -9999 -9999 -9999 -9999 -9999 -9999 -9999 -9999 -9999 -9999 -9999 -9999 -9999 -9999 -9999 193 192 191 197 190 177 174 179 180 185 188 197 191 188 190 200 195 191 186 188 189 189 195 202 202 202 203 202 201 201
-9999 -9999 -9999 -9999 -9999 -9999 -9999 -9999 -9999 -9999 -9999 193 191 194 193 194 194 192 189 184 185 189 192 190 186 177 179 186 188 187 186 191 195 193 189 196 196 198 198 198 197 -9999 -9999 -9999 -9999 -9999 -9999 -9999 -9999 -9999 -9999 -9999 -9999 -9999 -9999 -9999 -9999 199 193 191 189 190 185 184 183 183 178 186 195 192 189 190 191 188 185 183 187 189 189 191 204 204 203 203 203 203 202
-9999 -9999 -9999 -9999 -9999 -9999 -9999 -9999 -9999 -9999 190 190 190 190 192 191 194 193 189 183 179 184 189 186 181 175 175 186 186 187 186 191 194 195 194 196 198 198 198 198 198 198 198 -9999 -9999 -9999 -9999 -9999 -9999 -9999 -9999 -9999 -9999 -9999 -9999 -9999 -9999 -9999 -9999 -9999 188 188 196 186 191 193 182 191 195 193 195 195 189 191 187 180 182 185 189 189 196 204 204 203 203 203 202
-9999 -9999 -9999 -9999 -9999 -9999 -9999 -9999 -9999 -9999 195 193 190 190 189 189 192 192 190 187 183 179 177 176 177 174 174 182 186 188 180 190 193 196 196 198 198 198 198 197 198 197 198 -9999 -9999 -9999 -9999 -9999 -9999 -9999 -9999 -9999 -9999 -9999 -9999 -9999 -9999 -9999 -9999 -9999 196 199 200 193 200 199 191 179 187 188 191 194 196 195 186 181 182 181 194 201 204 204 196 199 203 203 203
-9999 -9999 -9999 -9999 -9999 -9999 -9999 -9999 -9999 -9999 198 194 194 192 189 189 188 188 187 188 187 185 176 170 173 172 168 172 182 186 180 184 187 195 195 196 196 197 197 198 198 197 197 198 -9999 -9999 -9999 -9999 -9999 -9999 -9999 -9999 -9999 -9999 -9999 -9999 -9999 -9999 -9999 -9999 -9999 -9999 -9999 -9999 -9999 -9999 191 185 191 185 190 192 192 204 199 183 182 185 185 187 204 189 194 199 198 200 203
-9999 -9999 -9999 -9999 -9999 -9999 -9999 -9999 -9999 -9999 193 193 193 191 193 188 188 187 188 187 187 185 182 174 170 178 173 172 176 185 183 180 190 192 194 196 196 196 196 197 197 198 198 198 -9999 -9999 -9999 -9999 -9999 -9999 -9999 -9999 -9999 -9999 -9999 -9999 -9999 -9999 -9999 -9999 -9999 -9999 -9999 -9999 -9999 -9999 193 191 200 191 185 191 198 204 205 196 181 182 187 196 190 187 189 193 192 203 203
-9999 -9999 -9999 -9999 -9999 -9999 -9999 -9999 193 190 190 190 189 190 188 190 190 187 187 187 186 186 183 181 180 175 177 177 175 179 185 188 190 196 195 195 195 196 196 196 196 198 198 198 -9999 -9999 -9999 -9999 -9999 -9999 -9999 -9999 -9999 -9999 -9999 -9999 -9999 -9999 -9999 -9999 -9999 -9999 -9999 -9999 -9999 -9999 -9999 196 -9999 -9999 189 199 203 205 205 -9999 197 180 182 187 194 185 186 189 193 199 200
-9999 -9999 -9999 -9999 -9999 -9999 -9999 -9999 192 190 189 189 189 189 189 188 190 190 189 187 187 189 187 183 177 173 176 180 178 174 178 182 188 189 192 193 196 195 196 196 195 195 198 198 -9999 -9999 -9999 -9999 -9999 -9999 -9999 -9999 -9999 -9999 -9999 -9999 -9999 -9999 -9999 -9999 -9999 -9999 -9999 -9999 -9999 -9999 -9999 -9999 -9999 -9999 -9999 -9999 196 194 205 -9999 -9999 198 187 189 186 186 184 184 190 193 198
-9999 -9999 -9999 -9999 -9999 -9999 -9999 -9999 193 190 188 189 189 188 188 189 190 191 189 188 188 186 186 186 182 179 179 178 181 178 178 180 184 186 191 192 194 196 196 195 194 196 198 198 199 -9999 -9999 -9999 -9999 -9999 -9999 -9999 -9999 -9999 -9999 -9999 -9999 -9999 -9999 -9999 -9999 -9999 -9999 -9999 -9999 -9999 -9999 -9999 -9999 -9999 -9999 -9999 -9999 -9999 -9999 205 -9999 -9999 206 188 181 184 183 182 186 192 196
