worldclim/bio6_cr.asc
ncols        411
nrows        382
xllcorner    -85.979072453958
yllcorner    8.036441368777
cellsize     0.008333330000
NODATA_value  -9999
[rows 156 to 194 of 382, columns 87 to 173 of 411]
187 190 192 183 189 190 185 191 195 191 185 186 192 188 193 196 195 196 186 184 178 179 187 196 199 199 193 192 196 198 200 199 197 191 192 195 195 200 202 206 -9999 -9999 -9999 -9999 -9999 -9999 -9999 -9999 -9999 -9999 -9999 -9999 -9999 -9999 -9999 -9999 -9999 -9999 -9999 -9999 -9999 -9999 -9999 -9999 207 201 201 208 208 208 208 206 209 205 205 205 205 206 206 204 204 203 203 204 203 202 202
192 191 193 193 192 192 183 190 196 188 184 190 192 191 190 196 194 188 186 180 173 183 190 195 196 198 197 194 197 198 197 194 189 192 193 196 199 200 198 202 -9999 -9999 -9999 -9999 -9999 -9999 -9999 -9999 -9999 -9999 -9999 -9999 -9999 -9999 -9999 -9999 -9999 -9999 -9999 -9999 -9999 -9999 -9999 207 202 201 201 208 208 208 207 206 207 204 205 205 205 205 205 204 203 203 203 204 203 203 204
176 186 192 194 194 194 190 189 190 196 190 193 191 190 190 197 193 191 193 189 188 188 185 190 195 197 194 195 193 194 190 185 188 192 198 200 204 202 -9999 -9999 -9999 -9999 -9999 -9999 -9999 -9999 -9999 -9999 -9999 -9999 -9999 -9999 -9999 -9999 -9999 -9999 -9999 -9999 -9999 -9999 -9999 -9999 208 206 203 203 206 209 209 208 207 206 205 206 204 205 204 205 205 204 204 204 203 204 205 204 204
182 186 185 194 195 194 191 193 195 196 194 196 195 192 192 197 197 194 193 195 190 185 186 184 192 190 192 193 188 184 177 172 181 188 186 195 202 204 -9999 -9999 -9999 -9999 -9999 -9999 -9999 -9999 -9999 -9999 -9999 -9999 -9999 -9999 -9999 -9999 -9999 -9999 -9999 -9999 -9999 -9999 -9999 -9999 -9999 203 204 205 208 208 208 208 209 206 205 205 205 203 204 205 205 205 204 204 203 204 205 205 204
191 191 184 193 195 195 192 190 193 196 197 193 197 197 197 196 196 197 196 193 193 193 186 183 187 189 190 188 184 180 186 181 182 183 190 192 199 203 -9999 -9999 -9999 -9999 -9999 -9999 -9999 -9999 -9999 -9999 -9999 -9999 -9999 -9999 -9999 -9999 -9999 -9999 -9999 -9999 -9999 -9999 -9999 -9999 -9999 -9999 -9999 208 207 208 207 208 208 206 206 205 203 202 205 206 205 205 204 204 203 205 206 206 206
193 194 195 195 195 196 193 192 191 195 197 197 197 193 190 189 190 196 196 196 195 195 184 184 184 187 182 180 186 186 190 192 196 197 199 199 202 199 201 -9999 -9999 -9999 -9999 -9999 -9999 -9999 -9999 -9999 -9999 -9999 -9999 -9999 -9999 -9999 -9999 -9999 -9999 -9999 -9999 -9999 -9999 -9999 -9999 -9999 -9999 -9999 208 207 207 207 208 207 208 205 206 205 205 205 206 205 203 202 204 205 208 207 205
192 195 195 196 191 195 196 196 193 197 197 192 192 187 186 192 182 185 191 187 187 191 188 184 179 177 168 175 178 188 190 191 194 197 198 200 201 202 203 -9999 -9999 -9999 -9999 -9999 -9999 -9999 -9999 -9999 -9999 -9999 -9999 -9999 -9999 -9999 -9999 -9999 -9999 -9999 -9999 -9999 -9999 -9999 -9999 -9999 -9999 -9999 208 208 207 206 206 206 207 206 206 206 207 206 206 205 205 204 205 206 207 206 206
195 195 195 196 193 189 194 196 196 197 190 185 189 185 178 182 178 183 186 182 183 184 179 185 181 175 172 175 177 181 182 187 186 192 193 198 199 203 203 202 -9999 -9999 -9999 -9999 -9999 -9999 -9999 -9999 -9999 -9999 -9999 -9999 -9999 -9999 -9999 -9999 -9999 -9999 -9999 -9999 -9999 -9999 -9999 -9999 -9999 -9999 -9999 208 207 207 206 205 204 204 204 204 203 204 204 203 203 205 208 208 208 206 206
195 196 196 195 188 188 194 196 196 191 183 189 186 184 180 175 171 177 176 180 177 180 184 183 179 172 173 177 181 188 189 189 188 189 193 195 198 203 203 -9999 -9999 -9999 -9999 -9999 204 -9999 -9999 -9999 -9999 -9999 -9999 -9999 -9999 -9999 -9999 -9999 -9999 -9999 -9999 -9999 -9999 -9999 -9999 -9999 -9999 -9999 -9999 -9999 208 206 206 205 204 205 204 205 204 203 202 202 202 204 208 208 206 204 206
194 196 196 194 192 191 195 197 196 191 192 194 188 184 181 180 179 180 179 184 182 183 187 186 182 172 172 172 173 184 188 195 196 198 197 199 202 203 -9999 -9999 -9999 -9999 -9999 204 -9999 -9999 -9999 -9999 -9999 -9999 -9999 -9999 -9999 -9999 -9999 -9999 -9999 -9999 -9999 -9999 -9999 -9999 -9999 -9999 -9999 -9999 -9999 -9999 -9999 207 207 206 206 206 205 205 204 203 202 202 202 207 207 205 206 207 207
194 196 196 196 196 193 194 197 192 196 196 195 194 187 183 178 180 184 183 187 190 192 189 184 183 180 180 182 177 176 180 177 193 194 200 201 201 203 203 -9999 -9999 -9999 200 200 204 204 -9999 -9999 -9999 -9999 -9999 -9999 -9999 -9999 -9999 -9999 -9999 -9999 -9999 -9999 -9999 -9999 -9999 -9999 -9999 -9999 -9999 -9999 -9999 -9999 207 207 207 207 204 204 205 204 202 202 205 207 206 201 200 202 204
194 196 197 196 196 191 191 197 196 194 187 187 185 183 174 173 181 185 186 193 188 192 184 183 182 184 186 190 188 189 191 190 190 197 199 201 202 202 203 201 201 200 199 199 204 -9999 -9999 204 -9999 -9999 -9999 -9999 -9999 -9999 -9999 -9999 -9999 -9999 -9999 -9999 -9999 -9999 -9999 -9999 -9999 -9999 -9999 -9999 -9999 -9999 -9999 207 206 206 206 206 205 203 204 205 207 204 203 203 196 195 199
194 197 197 196 194 195 194 196 192 184 182 182 171 173 174 177 175 182 189 193 184 185 185 184 180 183 185 189 192 193 191 195 192 194 196 198 201 202 203 203 203 203 -9999 -9999 -9999 -9999 -9999 -9999 -9999 -9999 -9999 -9999 -9999 -9999 -9999 -9999 -9999 -9999 -9999 -9999 -9999 -9999 -9999 -9999 -9999 -9999 -9999 -9999 -9999 -9999 -9999 -9999 206 207 206 206 205 204 207 207 207 207 206 199 192 194 199
197 197 197 196 196 189 197 192 180 180 187 180 170 182 184 176 176 185 194 190 183 182 183 184 183 177 180 186 186 191 195 198 200 199 201 201 202 202 203 203 203 203 -9999 -9999 -9999 -9999 -9999 -9999 -9999 -9999 -9999 -9999 -9999 -9999 -9999 -9999 -9999 -9999 -9999 -9999 -9999 -9999 -9999 -9999 -9999 -9999 -9999 -9999 -9999 -9999 -9999 -9999 206 206 206 207 207 207 207 207 204 202 201 195 193 192 197
197 198 196 195 192 185 197 193 183 185 190 182 173 189 177 173 180 187 194 186 180 178 180 180 183 185 181 183 185 189 191 195 194 194 197 199 201 200 200 198 -9999 -9999 -9999 -9999 -9999 -9999 -9999 -9999 -9999 -9999 -9999 -9999 -9999 -9999 -9999 -9999 -9999 -9999 -9999 -9999 -9999 -9999 -9999 -9999 -9999 -9999 -9999 -9999 -9999 -9999 -9999 -9999 -9999 206 206 207 207 207 206 203 201 196 205 197 193 191 196
194 196 195 189 181 187 194 197 193 194 190 187 188 191 183 176 176 189 190 186 179 176 179 180 181 190 190 192 193 195 184 188 185 193 195 197 199 202 202 -9999 -9999 -9999 -9999 -9999 -9999 -9999 -9999 -9999 -9999 -9999 -9999 -9999 -9999 -9999 -9999 -9999 -9999 -9999 -9999 -9999 -9999 -9999 -9999 -9999 -9999 -9999 -9999 -9999 -9999 -9999 -9999 -9999 -9999 -9999 207 207 207 207 200 196 197 194 202 198 197 195 194
193 192 194 191 187 193 194 197 197 195 192 193 193 187 177 180 186 192 183 182 179 180 182 181 182 189 193 196 198 199 199 196 192 195 197 199 201 201 199 -9999 -9999 -9999 -9999 -9999 -9999 -9999 -9999 -9999 -9999 -9999 -9999 -9999 -9999 -9999 -9999 -9999 -9999 -9999 -9999 -9999 -9999 -9999 -9999 -9999 -9999 -9999 -9999 -9999 -9999 -9999 -9999 -9999 -9999 -9999 206 206 206 206 200 198 193 194 196 201 202 199 200
197 196 196 196 196 197 197 195 195 195 194 193 190 186 181 188 192 194 184 175 179 187 184 181 178 181 190 195 197 199 198 196 197 200 196 196 196 195 -9999 -9999 -9999 -9999 203 202 -9999 -9999 -9999 -9999 -9999 -9999 -9999 -9999 -9999 -9999 -9999 -9999 -9999 -9999 -9999 -9999 -9999 -9999 -9999 -9999 -9999 -9999 -9999 -9999 -9999 -9999 -9999 -9999 -9999 -9999 -9999 204 204 203 202 194 188 182 181 184 190 196 199
196 197 196 197 197 197 197 195 195 194 194 194 190 189 188 192 193 193 188 188 192 183 175 176 175 178 185 188 196 199 200 199 200 200 197 194 198 196 -9999 -9999 -9999 -9999 -9999 -9999 -9999 -9999 -9999 -9999 -9999 -9999 -9999 -9999 -9999 -9999 -9999 -9999 -9999 -9999 -9999 -9999 -9999 -9999 -9999 -9999 -9999 -9999 -9999 -9999 -9999 -9999 -9999 -9999 -9999 -9999 -9999 206 206 196 196 189 186 182 182 180 182 186 198
197 198 197 198 197 197 197 196 195 195 194 192 191 190 182 185 192 193 193 193 190 185 179 175 182 184 190 187 194 200 199 200 200 200 200 202 -9999 -9999 -9999 -9999 -9999 -9999 -9999 -9999 -9999 -9999 -9999 -9999 -9999 -9999 -9999 -9999 -9999 -9999 -9999 -9999 -9999 -9999 -9999 -9999 -9999 -9999 -9999 -9999 -9999 -9999 -9999 -9999 -9999 -9999 -9999 -9999 -9999 -9999 -9999 205 201 201 194 184 179 180 184 178 174 183 193
-9999 198 197 197 197 197 196 195 191 191 192 194 191 183 182 181 193 193 193 190 193 190 189 184 190 195 194 196 200 200 -9999 -9999 197 192 196 -9999 -9999 -9999 -9999 -9999 -9999 -9999 -9999 -9999 -9999 -9999 -9999 -9999 -9999 -9999 -9999 -9999 -9999 -9999 -9999 -9999 -9999 -9999 -9999 -9999 -9999 -9999 -9999 -9999 -9999 -9999 -9999 -9999 -9999 -9999 -9999 -9999 -9999 -9999 205 204 196 191 198 185 184 186 183 178 173 179 192
-9999 -9999 197 197 197 197 196 191 193 195 195 194 192 186 185 191 193 193 187 189 194 193 193 188 191 196 198 199 200 -9999 -9999 -9999 -9999 186 190 202 -9999 -9999 -9999 -9999 -9999 -9999 -9999 -9999 -9999 -9999 -9999 -9999 -9999 -9999 -9999 -9999 -9999 -9999 -9999 -9999 -9999 -9999 -9999 -9999 -9999 -9999 -9999 -9999 -9999 -9999 -9999 -9999 -9999 -9999 -9999 -9999 -9999 -9999 204 199 198 193 190 186 184 186 184 179 181 181 192
-9999 -9999 -9999 197 197 197 196 195 197 195 195 194 189 190 190 193 191 187 187 193 193 193 189 192 193 197 198 200 -9999 -9999 -9999 -9999 -9999 -9999 -9999 -9999 -9999 -9999 -9999 -9999 -9999 -9999 -9999 -9999 -9999 -9999 -9999 -9999 -9999 -9999 -9999 -9999 -9999 -9999 -9999 -9999 -9999 -9999 -9999 -9999 -9999 -9999 -9999 -9999 -9999 -9999 -9999 -9999 -9999 -9999 -9999 -9999 204 202 203 201 191 181 184 186 179 185 185 180 183 181 188
-9999 -9999 -9999 -9999 198 196 196 196 195 195 194 192 191 193 192 191 190 187 190 193 190 191 195 196 198 199 198 199 -9999 -9999 -9999 -9999 -9999 -9999 -9999 -9999 -9999 -9999 -9999 -9999 -9999 -9999 -9999 -9999 -9999 -9999 -9999 -9999 -9999 -9999 -9999 -9999 -9999 -9999 -9999 -9999 -9999 -9999 -9999 -9999 -9999 -9999 -9999 -9999 -9999 -9999 -9999 -9999 -9999 -9999 -9999 204 204 202 203 201 197 178 175 185 181 184 185 183 185 185 187
-9999 -9999 -9999 -9999 196 196 196 194 194 194 195 194 192 193 192 191 192 192 193 193 194 198 198 198 197 195 195 195 200 198 -9999 -9999 -9999 -9999 -9999 -9999 -9999 -9999 -9999 -9999 -9999 -9999 -9999 -9999 -9999 -9999 -9999 -9999 -9999 -9999 -9999 -9999 -9999 -9999 -9999 -9999 -9999 -9999 -9999 -9999 -9999 -9999 -9999 -9999 -9999 -9999 -9999 -9999 -9999 -9999 -9999 204 202 203 201 201 200 193 182 184 181 183 183 185 185 189 190
-9999 -9999 -9999 -9999 -9999 196 195 194 193 193 194 194 192 192 191 192 192 192 192 193 194 194 195 194 194 194 196 196 197 198 -9999 -9999 -9999 -9999 -9999 -9999 -9999 -9999 -9999 -9999 -9999 -9999 -9999 -9999 -9999 -9999 -9999 -9999 -9999 -9999 -9999 -9999 -9999 -9999 -9999 -9999 -9999 -9999 -9999 -9999 -9999 -9999 -9999 -9999 -9999 -9999 -9999 -9999 -9999 -9999 203 201 203 201 197 191 189 191 195 181 180 184 184 185 185 186 190
-9999 -9999 -9999 -9999 -9999 197 197 196 194 192 192 193 192 191 191 191 191 190 190 191 191 193 193 193 194 195 197 197 197 199 -9999 -9999 -9999 -9999 -9999 -9999 -9999 -9999 -9999 -9999 -9999 -9999 -9999 -9999 -9999 -9999 -9999 -9999 -9999 -9999 -9999 -9999 -9999 -9999 -9999 -9999 -9999 -9999 -9999 -9999 -9999 -9999 -9999 -9999 -9999 -9999 -9999 -9999 -9999 200 199 201 201 193 191 193 180 177 185 180 186 186 187 187 188 189 192
-9999 -9999 -9999 -9999 -9999 -9999 196 196 196 195 191 191 191 190 190 190 190 189 190 191 191 192 193 194 196 196 198 199 -9999 -9999 -9999 -9999 -9999 -9999 -9999 -9999 -9999 -9999 -9999 -9999 -9999 -9999 -9999 -9999 -9999 -9999 -9999 -9999 -9999 -9999 -9999 -9999 -9999 -9999 -9999 -9999 -9999 -9999 -9999 -9999 -9999 -9999 -9999 -9999 -9999 -9999 -9999 -9999 -9999 199 195 197 198 199 199 196 179 176 181 178 174 194 194 190 196 199 189
-9999 -9999 -9999 -9999 -9999 -9999 194 195 196 195 191 191 190 189 189 189 189 190 189 189 190 190 191 193 194 -9999 -9999 -9999 -9999 -9999 -9999 -9999 -9999 -9999 -9999 -9999 -9999 -9999 -9999 -9999 -9999 -9999 -9999 -9999 -9999 -9999 -9999 -9999 -9999 -9999 -9999 -9999 -9999 -9999 -9999 -9999 -9999 -9999 -9999 -9999 -9999 -9999 -9999 -9999 -9999 -9999 -9999 -9999 -9999 -9999 197 194 199 201 201 199 187 182 183 178 177 181 197 198 200 187 198
-9999 -9999 -9999 -9999 -9999 -9999 -9999 194 192 192 192 191 190 189 190 189 189 190 189 189 190 191 192 198 199 -9999 -9999 -9999 -9999 -9999 -9999 -9999 -9999 -9999 -9999 -9999 -9999 -9999 -9999 -9999 -9999 -9999 -9999 -9999 -9999 -9999 -9999 -9999 -9999 -9999 -9999 -9999 -9999 -9999 -9999 -9999 -9999 -9999 -9999 -9999 -9999 -9999 -9999 -9999 -9999 -9999 -9999 -9999 -9999 -9999 198 199 201 202 199 190 190 186 186 177 173 186 190 194 200 189 186
-9999 -9999 -9999 -9999 -9999 -9999 -9999 -9999 191 191 190 190 191 189 190 188 189 189 187 187 190 192 195 -9999 -9999 -9999 -9999 -9999 -9999 -9999 -9999 -9999 -9999 -9999 -9999 -9999 -9999 -9999 -9999 -9999 -9999 -9999 -9999 -9999 -9999 -9999 -9999 -9999 -9999 -9999 -9999 -9999 -9999 -9999 -9999 -9999 -9999 -9999 -9999 -9999 -9999 -9999 -9999 -9999 -9999 -9999 -9999 -9999 -9999 202 200 201 202 201 197 195 194 188 193 183 168 178 187 195 199 195 194
-9999 -9999 -9999 -9999 -9999 -9999 -9999 -9999 -9999 191 191 189 188 188 188 188 188 188 187 188 190 192 -9999 -9999 -9999 -9999 -9999 -9999 -9999 -9999 -9999 -9999 -9999 -9999 -9999 -9999 -9999 -9999 -9999 -9999 -9999 -9999 -9999 -9999 -9999 -9999 -9999 -9999 -9999 -9999 -9999 -9999 -9999 -9999 -9999 -9999 -9999 -9999 -9999 -9999 -9999 -9999 -9999 -9999 -9999 -9999 -9999 -9999 -9999 198 202 202 202 201 198 200 193 196 195 186 175 167 178 183 193 201 197
-9999 -9999 -9999 -9999 -9999 -9999 -9999 -9999 -9999 -9999 192 188 188 188 188 188 187 187 188 190 192 -9999 -9999 -9999 -9999 -9999 -9999 -9999 -9999 -9999 -9999 -9999 -9999 -9999 -9999 -9999 -9999 -9999 -9999 -9999 -9999 -9999 -9999 -9999 -9999 -9999 -9999 -9999 -9999 -9999 -9999 -9999 -9999 -9999 -9999 -9999 -9999 -9999 -9999 -9999 -9999 -9999 -9999 -9999 -9999 -9999 -9999 -9999 -9999 -9999 -9999 202 202 201 202 196 200 201 191 178 175 169 181 184 187 196 201
-9999 -9999 -9999 -9999 -9999 -9999 -9999 -9999 -9999 -9999 -9999 190 188 188 188 186 187 188 189 190 194 -9999 -9999 -9999 -9999 -9999 -9999 -9999 -9999 -9999 -9999 -9999 -9999 -9999 -9999 -9999 -9999 -9999 -9999 -9999 -9999 -9999 -9999 -9999 -9999 -9999 -9999 -9999 -9999 -9999 -9999 -9999 -9999 -9999 -9999 -9999 -9999 -9999 -9999 -9999 -9999 -9999 -9999 -9999 -9999 -9999 -9999 -9999 -9999 -9999 -9999 200 201 203 202 201 200 197 182 181 183 177 181 185 185 196 198
-9999 -9999 -9999 -9999 -9999 -9999 -9999 -9999 -9999 -9999 -9999 -9999 193 189 189 189 186 189 188 191 197 -9999 -9999 -9999 -9999 -9999 -9999 -9999 -9999 -9999 -9999 -9999 -9999 -9999 -9999 -9999 -9999 -9999 -9999 -9999 -9999 -9999 -9999 -9999 -9999 -9999 -9999 -9999 -9999 -9999 -9999 -9999 -9999 -9999 -9999 -9999 -9999 -9999 -9999 -9999 -9999 -9999 -9999 -9999 -9999 -9999 -9999 -9999 -9999 202 -9999 198 202 201 201 202 201 197 184 184 189 182 182 190 188 191 193
-9999 -9999 -9999 -9999 -9999 -9999 -9999 -9999 -9999 -9999 -9999 -9999 -9999 193 191 191 192 189 193 196 198 -9999 -9999 -9999 -9999 -9999 -9999 -9999 -9999 -9999 -9999 -9999 -9999 -9999 -9999 -9999 -9999 -9999 -9999 -9999 -9999 -9999 -9999 -9999 -9999 -9999 -9999 -9999 -9999 -9999 -9999 -9999 -9999 -9999 -9999 -9999 -9999 -9999 -9999 -9999 -9999 -9999 -9999 -9999 -9999 -9999 -9999 -9999 -9999 -9999 -9999 -9999 -9999 -9999 201 201 199 195 190 189 195 187 183 190 193 190 198
-9999 -9999 -9999 -9999 -9999 -9999 -9999 -9999 -9999 -9999 -9999 -9999 -9999 193 190 191 192 194 193 195 -9999 -9999 -9999 -9999 -9999 -9999 -9999 -9999 -9999 -9999 -9999 -9999 -9999 -9999 -9999 -9999 -9999 -9999 -9999 -9999 -9999 -9999 -9999 -9999 -9999 -9999 -9999 -9999 -9999 -9999 -9999 -9999 -9999 -9999 -9999 -9999 -9999 -9999 -9999 -9999 -9999 -9999 -9999 -9999 -9999 -9999 -9999 -9999 -9999 -9999 -9999 -9999 -9999 -9999 -9999 201 201 194 198 188 193 189 185 194 191 194 197
-9999 -9999 -9999 -9999 -9999 -9999 -9999 -9999 -9999 -9999 -9999 -9999 -9999 194 191 189 191 194 195 198 -9999 -9999 -9999 -9999 -9999 -9999 -9999 -9999 -9999 -9999 -9999 -9999 -9999 -9999 -9999 -9999 -9999 -9999 -9999 -9999 -9999 -9999 -9999 -9999 -9999 -9999 -9999 -9999 -9999 -9999 -9999 -9999 -9999 -9999 -9999 -9999 -9999 -9999 -9999 -9999 -9999 -9999 -9999 -9999 -9999 -9999 -9999 -9999 -9999 -9999 -9999 -9999 -9999 -9999 -9999 -9999 199 193 192 193 195 196 188 191 193 197 198
-9999 -9999 -9999 -9999 -9999 -9999 -9999 -9999 -9999 -9999 -9999 -9999 -9999 194 188 183 188 192 196 198 -9999 -9999 -9999 -9999 -9999 -9999 -9999 -9999 -9999 -9999 -9999 -9999 -9999 -9999 -9999 -9999 -9999 -9999 -9999 -9999 -9999 -9999 -9999 -9999 -9999 -9999 -9999 -9999 -9999 -9999 -9999 -9999 -9999 -9999 -9999 -9999 -9999 -9999 -9999 -9999 -9999 -9999 -9999 -9999 -9999 -9999 -9999 -9999 -9999 -9999 -9999 -9999 -9999 -9999 -9999 202 193 191 195 197 199 197 191 196 198 200 202
