worldclim/bio7_cr.asc
ncols        411
nrows        382
xllcorner    -85.979072453958
yllcorner    8.036441368777
cellsize     0.008333330000
NODATA_value  -9999
[rows 152 to 189 of 382, columns 258 to 343 of 411]
95 95 94 95 107 113 114 115 116 116 116 117 116 117 116 116 116 117 118 117 116 115 117 118 115 117 114 114 117 116 116 114 114 116 116 115 118 116 117 117 117 116 116 116 115 115 115 116 116 114 115 115 116 115 114 114 116 116 116 116 115 115 116 116 116 115 115 116 115 115 115 115 114 113 115 113 114 114 115 113 113 114 113 113 113 113
95 99 99 102 108 114 114 113 116 116 118 119 119 118 119 119 118 117 118 119 116 116 117 118 114 114 114 116 117 117 117 115 114 114 115 115 117 117 117 117 117 116 115 116 117 115 115 115 116 116 116 115 116 116 115 115 116 116 116 116 115 115 115 116 116 116 116 115 115 115 115 115 115 114 114 113 114 113 113 113 113 113 113 114 114 114
100 104 111 110 110 114 114 114 117 116 118 118 119 119 119 119 117 119 118 119 117 116 118 117 117 117 116 117 119 118 117 115 116 115 116 117 117 116 118 117 116 117 116 116 114 115 116 116 118 117 117 115 115 116 116 115 116 116 116 116 115 115 116 115 115 116 117 116 115 116 116 116 115 114 113 113 113 114 114 114 112 112 112 112 114 114
106 110 113 114 114 114 115 113 115 116 118 118 119 119 118 118 118 117 116 119 115 116 115 115 117 117 117 119 119 119 117 115 115 118 116 117 116 117 117 117 117 118 117 116 115 116 116 117 117 116 113 112 115 116 116 115 116 117 115 115 115 115 116 115 115 115 115 115 116 114 115 115 115 114 115 115 114 115 114 113 114 113 112 114 114 114
108 114 115 115 117 115 116 117 118 116 118 118 118 120 120 119 118 117 116 116 115 116 117 115 117 119 119 119 118 119 119 117 117 116 117 118 118 116 119 117 117 117 117 116 116 118 118 117 117 117 117 112 118 116 116 114 116 116 115 115 116 116 115 115 115 115 115 116 115 115 115 115 115 115 115 114 115 114 114 113 115 113 113 113 114 114
114 115 117 118 117 116 118 116 117 118 118 118 119 119 120 119 117 116 116 116 116 116 118 119 119 119 118 119 118 118 119 119 117 115 118 117 117 118 119 118 119 118 117 116 116 118 117 116 117 118 117 114 118 117 115 114 116 117 115 115 117 117 115 115 115 115 115 115 116 115 115 116 115 115 115 115 115 115 115 115 115 115 113 114 112 113
115 117 118 118 118 118 119 118 120 119 119 119 119 119 119 120 119 116 116 116 116 116 119 119 119 118 118 118 118 119 119 117 116 116 117 116 117 119 119 119 119 118 119 117 118 118 118 118 119 117 117 118 117 116 116 117 116 117 116 116 116 117 116 116 117 116 116 115 116 115 116 115 115 116 115 114 114 115 116 114 114 116 116 116 114 115
117 118 119 119 119 118 118 118 119 120 119 119 120 118 118 120 120 118 117 116 116 116 119 120 120 120 117 117 120 119 117 117 116 118 116 116 117 118 120 118 115 119 118 117 118 119 120 119 119 119 116 116 117 118 118 116 118 116 117 116 116 116 118 117 115 115 116 115 114 115 115 115 115 115 115 116 115 115 115 116 115 116 115 114 114 114
118 118 119 119 119 120 121 122 121 121 120 121 122 120 119 121 122 119 118 117 116 116 116 119 120 120 118 118 120 120 120 120 119 116 117 117 116 117 119 118 115 119 119 119 119 119 118 118 119 117 118 118 119 118 117 118 115 118 117 117 117 117 118 117 118 116 116 116 116 115 115 116 115 115 115 114 115 115 116 115 115 115 115 116 115 115
119 119 120 121 122 122 123 122 122 122 122 121 122 122 119 120 121 120 119 118 116 116 116 117 120 121 120 118 118 118 119 120 119 118 119 119 116 117 117 120 119 118 119 120 120 119 120 118 120 118 119 119 119 118 119 118 118 117 117 117 117 118 117 117 118 118 116 116 116 117 116 117 115 115 115 115 114 115 114 115 114 115 115 115 115 114
120 121 121 123 122 124 120 121 122 122 121 121 122 122 120 121 120 119 121 118 117 118 117 117 118 119 121 119 119 118 119 121 119 120 121 118 118 120 118 119 120 120 119 119 120 120 120 120 120 119 119 120 118 118 119 118 118 118 117 117 117 117 114 114 116 117 118 116 117 116 118 116 117 116 115 115 116 115 115 115 114 114 115 115 114 114
121 123 123 123 119 119 120 120 120 123 123 122 120 120 120 121 118 119 118 118 117 118 118 117 117 117 119 121 120 120 121 121 122 121 119 118 118 119 119 119 119 120 119 119 119 120 120 120 120 119 116 116 114 114 116 120 117 118 117 118 117 117 114 112 112 117 118 117 118 115 115 117 116 116 115 116 116 115 115 115 114 115 115 115 115 114
123 122 124 121 119 119 120 120 119 121 120 123 122 123 121 123 121 119 119 118 118 117 120 121 119 118 118 118 121 122 120 121 120 120 121 119 119 119 120 120 122 119 120 119 119 120 120 120 120 120 119 116 111 112 119 118 118 118 118 117 118 118 114 110 106 117 114 116 117 114 111 113 115 116 117 116 116 116 115 115 114 114 115 115 115 115
123 123 124 124 120 118 119 119 120 120 124 123 122 123 121 122 119 119 119 123 119 120 122 123 121 121 121 121 118 121 121 121 120 121 122 122 118 120 121 121 121 121 121 119 120 120 120 120 120 120 119 120 111 113 115 117 120 118 118 118 118 117 116 110 104 109 110 113 116 112 110 113 117 116 116 116 116 116 115 115 116 116 116 115 114 115
124 124 123 121 120 120 119 117 120 121 119 122 124 123 122 121 120 120 119 119 120 123 122 123 122 123 123 123 121 121 121 122 121 121 121 122 121 118 122 121 121 121 122 121 122 122 121 119 120 120 120 116 114 112 114 118 120 119 119 119 120 118 117 111 111 107 107 107 108 109 110 113 117 117 117 117 116 117 116 116 116 116 116 115 115 115
125 124 124 121 121 120 113 120 120 120 121 124 121 124 122 122 122 123 120 121 121 123 122 121 120 122 123 122 123 123 123 124 123 121 122 122 121 120 119 122 121 122 122 121 119 122 120 119 119 120 120 117 117 120 120 119 119 118 118 119 118 119 118 117 114 110 112 112 107 109 114 117 117 115 113 115 116 115 116 116 116 116 115 115 116 116
124 122 122 120 121 116 116 120 120 120 121 123 124 124 122 123 123 124 123 123 122 122 121 120 121 122 121 119 121 123 123 123 124 124 124 121 121 121 121 119 121 122 122 121 122 119 119 117 116 118 119 119 120 121 120 121 119 119 120 118 119 120 120 119 117 116 116 116 107 106 114 117 116 111 112 113 114 117 115 116 116 116 117 116 115 116
121 122 121 117 114 110 116 120 120 121 120 123 124 122 123 122 122 124 125 123 124 123 123 119 119 121 119 119 122 121 120 123 123 123 124 123 122 122 123 122 120 122 121 121 118 121 120 119 116 115 116 118 121 121 120 120 120 119 119 119 119 118 120 119 120 119 117 114 112 107 109 112 112 111 113 112 113 113 113 115 117 116 116 116 116 116
122 122 119 116 114 112 120 119 122 121 123 125 125 125 125 125 125 125 124 123 124 125 125 121 118 120 119 121 122 121 120 122 120 122 124 120 121 124 121 122 121 122 121 122 119 117 120 118 118 117 118 119 121 122 120 120 119 121 120 121 119 120 119 119 119 117 116 115 111 108 110 109 109 115 116 117 117 114 114 114 115 116 116 116 116 116
121 121 119 117 113 117 121 123 125 125 126 126 125 126 123 125 124 124 125 124 121 124 125 125 118 117 118 121 118 118 119 121 119 123 122 119 120 123 124 124 124 122 122 121 118 115 118 118 117 118 122 122 122 121 120 120 120 121 119 121 121 120 120 119 116 113 108 107 107 104 105 112 115 116 116 118 118 116 116 117 114 111 111 113 116 116
121 119 120 119 119 121 123 123 123 126 126 126 126 127 125 126 125 125 124 122 123 124 124 125 123 121 120 119 117 116 117 118 122 120 119 122 123 123 124 123 123 123 124 124 121 116 114 115 116 117 121 122 121 120 120 122 120 122 122 120 121 120 120 120 114 112 109 107 106 105 105 107 111 116 117 117 118 117 118 117 116 114 114 116 116 115
121 122 123 123 120 119 121 123 124 126 126 126 126 126 125 124 126 125 125 123 121 121 122 124 121 121 119 118 115 112 115 118 119 117 122 122 123 123 119 123 123 124 124 124 121 116 113 114 115 122 121 121 122 120 122 122 122 122 121 122 121 121 121 121 119 111 107 104 104 106 107 107 109 110 116 117 116 118 118 118 118 117 116 117 116 117
123 124 122 122 123 119 122 123 125 126 126 126 126 126 126 126 126 126 124 123 119 119 120 121 122 118 115 117 115 110 112 115 118 122 119 121 119 122 124 123 123 123 124 124 119 113 113 113 117 122 123 123 122 122 122 121 121 121 121 119 119 121 120 122 120 115 111 102 103 108 109 111 110 109 113 113 116 117 118 118 117 117 118 118 116 117
123 122 119 119 123 121 121 123 123 122 123 126 127 126 125 122 124 125 126 123 122 119 117 118 121 120 115 112 113 113 115 117 118 119 115 118 120 123 125 125 125 124 124 124 121 113 111 117 121 122 123 122 122 123 123 122 122 121 122 120 119 118 118 120 119 117 112 109 107 111 114 111 115 109 112 112 116 118 119 117 118 118 118 117 117 117
119 121 118 119 123 122 119 122 123 125 125 127 126 125 122 123 125 125 121 122 122 118 113 114 115 118 114 112 113 115 114 115 115 115 117 120 122 125 126 125 124 123 120 120 120 117 111 116 121 124 122 123 123 124 123 122 121 122 123 121 118 118 118 118 118 118 115 112 109 112 117 119 115 113 118 115 117 116 117 120 119 117 118 118 117 117
110 119 116 113 122 121 117 121 123 123 125 123 126 123 123 122 123 126 123 120 119 115 115 115 114 112 111 109 110 113 108 107 109 112 119 122 125 126 125 125 123 123 119 120 122 118 113 116 121 124 124 123 124 121 124 123 122 122 124 121 121 118 117 118 117 115 115 114 114 115 118 119 119 117 119 119 115 116 119 119 118 118 118 118 118 118
109 112 114 112 119 121 116 119 119 123 125 123 123 123 119 119 123 123 122 123 121 119 115 117 117 119 115 112 109 113 113 105 106 113 118 121 124 126 124 122 122 122 119 120 120 119 120 120 124 124 124 124 123 124 123 124 122 121 124 122 120 116 116 115 115 115 114 115 115 119 118 121 121 119 120 119 119 119 119 119 119 119 118 118 120 118
101 102 105 107 117 122 115 114 119 122 122 120 123 123 123 121 120 121 119 122 120 119 117 114 117 117 118 117 114 115 119 115 109 115 120 123 125 127 124 119 119 119 117 118 120 123 124 125 125 124 125 123 122 120 123 124 123 121 121 121 118 116 112 115 117 118 117 117 118 121 118 120 121 120 121 121 120 120 119 119 120 118 119 118 119 119
103 105 110 116 119 119 112 111 117 122 119 119 122 122 121 122 119 114 115 119 119 117 113 111 113 117 120 120 118 120 119 121 118 118 119 123 125 124 123 120 117 118 114 115 120 126 126 126 124 125 125 124 120 120 120 124 123 121 119 121 117 113 110 114 118 118 121 121 120 121 118 120 121 121 121 120 121 121 120 120 119 120 119 119 119 119
102 105 110 112 119 119 114 114 118 120 122 119 114 117 117 115 117 113 110 113 115 112 114 115 114 116 118 120 121 123 124 123 123 121 121 125 123 120 122 119 115 112 112 114 119 123 126 125 125 123 123 123 118 118 121 123 120 117 117 119 119 113 111 113 115 118 121 121 121 122 121 121 121 122 121 122 122 122 120 119 120 120 119 119 119 119
103 107 109 114 117 119 119 116 111 114 118 117 110 113 117 107 108 110 105 105 110 114 115 117 120 120 119 121 120 119 118 120 121 124 124 121 117 115 119 117 113 110 113 120 119 126 125 126 124 123 118 120 116 115 120 122 119 117 114 116 116 115 113 116 117 121 121 122 121 121 122 121 121 121 121 121 121 121 120 120 120 120 119 120 119 118
101 102 103 114 114 118 110 113 117 109 113 115 106 102 111 116 105 103 103 104 110 113 117 117 117 117 120 119 117 120 117 117 120 121 124 120 113 110 115 113 111 115 118 121 124 124 127 127 126 120 117 118 116 113 116 120 115 115 111 114 112 111 113 113 119 118 120 119 117 121 122 121 121 122 121 122 121 122 121 120 120 120 120 120 119 119
102 102 101 103 107 106 107 110 117 112 111 113 110 102 110 106 104 102 103 105 110 113 116 115 115 117 118 115 117 120 117 114 117 123 120 121 117 110 111 108 104 110 112 108 115 118 126 127 126 121 119 119 117 113 114 117 119 113 111 111 110 110 111 116 117 115 114 114 118 121 121 121 121 121 120 121 123 122 121 121 120 121 120 119 119 120
102 102 100 102 102 101 103 104 105 114 107 111 107 103 105 105 104 100 102 104 108 111 114 113 114 112 109 110 115 117 118 113 117 121 119 119 119 113 107 103 104 108 110 110 114 122 127 126 127 125 123 120 118 113 112 113 115 116 108 109 106 109 111 113 114 111 108 114 115 117 118 121 120 117 120 122 122 122 122 122 121 121 121 121 121 120
102 102 101 101 101 102 102 101 109 112 102 105 109 102 101 102 102 101 101 104 107 109 111 109 110 105 107 105 109 112 115 113 115 120 118 117 118 113 104 104 113 114 116 118 122 126 127 124 125 126 125 122 117 112 109 110 111 110 106 104 108 112 111 114 112 111 113 113 116 120 120 121 122 117 117 120 121 121 121 122 122 122 121 121 121 121
101 102 101 102 101 101 101 101 105 112 105 102 106 104 101 100 101 102 101 103 104 107 109 107 106 103 104 103 103 108 112 109 113 117 115 113 113 113 112 109 112 120 121 123 126 128 125 120 119 124 122 123 119 115 111 106 111 109 105 104 111 117 118 118 118 117 117 117 119 118 122 123 123 120 118 121 120 121 122 121 122 122 121 122 121 120
101 102 102 103 102 102 102 102 102 107 105 103 104 102 102 102 101 100 101 101 103 104 107 105 102 101 101 101 103 104 110 108 109 113 112 107 108 112 118 115 113 118 122 127 127 125 123 115 116 122 119 119 120 115 113 110 111 108 108 108 113 115 119 122 120 122 120 122 120 121 123 123 123 123 121 121 121 121 120 121 121 121 122 121 122 122
102 102 101 101 102 102 102 102 103 102 105 104 103 103 101 101 102 100 102 100 101 103 103 103 102 101 101 100 102 102 105 105 104 112 108 105 107 115 118 122 121 123 124 127 127 121 124 112 111 112 115 116 115 115 115 112 111 108 109 111 115 119 119 123 123 123 123 122 123 122 123 124 124 124 123 121 122 123 121 120 123 122 122 122 121 121
