worldclim/bio7_cr.asc
ncols        411
nrows        382
xllcorner    -85.979072453958
yllcorner    8.036441368777
cellsize     0.008333330000
NODATA_value  -9999
[rows 190 to 227 of 382, columns 172 to 257 of 411]
142 142 140 140 140 140 139 141 140 140 140 140 139 139 140 140 141 140 139 138 139 139 141 139 139 138 139 138 137 137 137 137 138 137 137 139 138 139 139 138 138 139 139 137 132 124 118 117 128 132 129 128 130 126 124 124 122 124 124 124 126 126 124 122 119 115 112 116 119 116 111 110 109 112 107 108 105 104 103 103 103 103 103 103 103 103
141 139 140 139 140 140 139 140 140 140 139 140 139 139 141 141 139 139 141 140 140 140 140 138 139 138 137 137 137 137 138 138 137 138 138 139 140 138 139 138 138 139 139 136 132 128 120 119 124 128 126 126 128 126 121 120 122 124 126 129 126 129 126 120 116 114 110 111 116 112 109 116 108 107 105 104 104 103 102 102 103 104 104 103 103 103
142 139 141 142 140 141 141 140 139 140 140 140 140 141 141 141 141 139 141 140 140 140 140 139 139 138 138 137 138 138 137 136 137 137 138 138 138 139 139 139 139 139 139 139 134 128 123 127 124 125 125 123 124 125 124 124 125 127 128 130 129 131 126 125 118 121 114 111 116 109 119 115 112 108 106 104 104 103 104 103 104 103 103 103 102 103
140 140 140 141 141 142 140 139 140 140 139 140 140 140 140 141 141 139 139 139 141 140 140 140 139 139 138 137 137 137 137 138 138 139 137 137 137 139 139 139 139 138 139 134 139 136 129 132 128 124 126 122 126 126 127 131 127 128 132 131 132 129 128 129 126 124 118 117 119 117 120 116 113 112 111 107 105 104 103 103 103 102 103 103 102 102
140 139 142 139 139 141 141 140 139 140 139 140 140 139 141 140 140 139 139 140 141 139 140 139 138 138 138 138 137 137 137 138 137 138 137 138 137 138 138 139 138 139 140 134 135 136 132 130 128 132 132 129 132 132 134 136 130 131 134 133 136 134 135 132 129 129 124 123 123 124 119 117 121 117 112 111 104 104 103 104 104 103 103 103 105 102
140 139 140 140 140 141 142 139 140 140 140 141 139 139 140 140 139 139 139 139 138 138 139 138 138 137 138 138 137 138 138 137 137 137 137 137 138 138 139 139 139 139 136 136 132 133 136 138 137 139 138 138 137 137 139 138 134 128 129 133 134 138 138 135 136 133 132 128 128 124 119 124 123 114 107 105 106 104 103 104 105 104 104 105 104 104
140 139 139 141 142 141 142 139 141 140 139 139 139 140 140 139 139 139 140 140 139 139 138 138 138 137 138 138 138 138 137 138 138 138 138 138 139 138 138 138 140 140 139 136 131 132 136 139 140 140 140 139 140 139 139 136 129 131 133 136 139 138 133 132 134 132 129 131 121 119 126 118 115 114 108 105 104 104 104 103 105 108 106 107 104 104
140 141 139 141 141 141 140 139 140 140 140 139 140 140 140 141 140 139 140 139 138 138 139 139 138 138 138 137 138 138 138 138 138 138 138 137 139 139 138 138 140 141 140 140 139 137 137 140 140 139 140 139 140 140 139 138 133 131 134 138 139 139 139 136 137 135 130 125 121 121 127 118 109 108 105 104 104 104 106 106 108 112 112 107 103 104
140 141 140 141 141 141 141 140 140 140 142 139 139 139 140 139 141 140 140 139 138 138 139 139 138 139 138 138 138 137 138 138 138 138 138 137 138 137 138 138 138 140 140 140 140 141 141 141 141 141 139 140 140 141 141 139 138 140 137 140 140 140 139 139 139 140 135 131 130 130 128 116 110 112 106 104 104 106 107 109 112 116 116 106 105 104
140 140 140 140 141 140 139 140 141 140 140 141 140 139 140 140 140 139 140 140 140 138 139 139 139 138 138 138 138 139 138 138 138 138 138 138 138 137 138 137 138 137 139 139 141 141 141 140 139 140 140 140 141 139 140 140 141 141 141 139 141 140 139 141 139 135 137 137 133 128 127 118 119 114 107 105 104 104 105 107 114 118 112 108 107 104
140 141 141 141 141 141 141 141 140 139 140 140 141 140 140 140 140 140 140 140 140 140 139 140 140 140 138 139 138 138 139 139 138 138 138 138 138 137 138 138 138 139 139 139 140 141 140 139 139 137 139 141 141 141 141 140 140 140 140 140 140 140 140 141 137 130 130 131 130 127 121 122 118 112 108 112 113 107 105 107 112 122 119 114 114 106
141 140 140 141 140 141 141 140 140 141 139 139 140 140 140 140 139 140 140 140 140 140 139 139 139 139 138 139 139 138 138 139 138 138 137 137 137 137 137 137 137 137 138 139 139 139 138 138 140 139 140 140 140 141 141 139 140 139 140 140 140 141 140 141 137 133 131 132 134 130 128 125 124 114 112 118 122 113 107 107 114 119 123 120 119 112
141 141 141 142 142 -9999 -9999 -9999 -9999 139 141 141 140 140 139 139 139 140 140 139 139 139 139 139 139 139 139 139 139 139 138 138 138 137 137 137 138 138 137 137 137 137 138 138 138 138 137 138 138 139 141 139 139 141 141 139 138 139 141 141 142 140 142 141 140 139 139 140 135 129 124 124 121 124 120 127 128 119 114 118 123 126 125 119 115 120
-9999 141 -9999 -9999 -9999 -9999 -9999 -9999 -9999 -9999 -9999 -9999 140 140 139 140 139 139 140 139 139 139 139 139 139 139 139 139 139 138 139 138 139 138 139 137 138 138 137 137 137 137 139 139 138 138 138 139 139 140 142 139 138 138 138 138 139 141 141 142 141 140 142 142 141 139 140 139 138 133 129 131 133 129 131 131 133 126 119 129 129 125 119 115 112 109
-9999 -9999 -9999 -9999 -9999 -9999 -9999 -9999 -9999 -9999 -9999 -9999 -9999 -9999 -9999 -9999 139 139 140 140 140 140 139 139 139 139 139 140 140 139 138 138 140 138 138 139 137 137 137 137 137 138 137 138 137 137 139 139 137 137 138 138 137 138 137 138 138 141 141 141 139 139 140 141 142 141 141 138 135 132 137 141 138 133 136 135 137 130 130 133 128 122 115 114 110 114
-9999 -9999 -9999 -9999 -9999 -9999 -9999 -9999 -9999 -9999 -9999 -9999 -9999 -9999 -9999 -9999 -9999 -9999 -9999 -9999 140 140 140 139 139 140 140 140 140 140 139 139 140 139 139 138 138 137 138 137 137 137 138 137 137 137 137 138 138 137 138 137 138 137 137 140 139 140 141 139 139 141 142 141 142 143 141 137 141 138 141 142 141 138 141 139 136 135 134 127 126 123 119 117 109 116
-9999 -9999 -9999 -9999 -9999 -9999 -9999 -9999 -9999 -9999 -9999 -9999 -9999 -9999 -9999 -9999 -9999 -9999 -9999 -9999 -9999 -9999 -9999 -9999 -9999 140 140 140 140 138 139 139 139 139 139 138 139 138 137 138 138 137 137 138 138 138 137 137 137 137 137 137 138 139 138 139 139 142 141 140 141 142 141 139 142 141 139 141 141 140 141 143 142 142 142 141 140 137 133 131 124 126 118 115 111 119
-9999 -9999 -9999 -9999 -9999 -9999 -9999 -9999 -9999 -9999 -9999 -9999 -9999 -9999 -9999 -9999 -9999 -9999 -9999 -9999 -9999 -9999 -9999 -9999 -9999 -9999 -9999 -9999 -9999 140 140 140 140 138 139 139 139 138 139 137 137 138 138 137 137 138 138 137 137 138 137 137 138 139 139 138 139 139 141 139 141 141 143 142 141 143 142 143 142 141 142 142 142 142 143 138 133 132 129 128 124 122 127 126 119 120
-9999 -9999 -9999 -9999 -9999 -9999 -9999 -9999 -9999 -9999 -9999 -9999 -9999 -9999 -9999 -9999 -9999 -9999 -9999 -9999 -9999 -9999 -9999 -9999 -9999 -9999 -9999 -9999 -9999 -9999 -9999 -9999 -9999 -9999 139 139 140 139 138 138 138 137 138 137 137 137 138 138 138 138 139 137 139 137 139 139 139 138 139 140 140 141 142 143 142 143 142 141 142 139 142 141 142 143 144 141 137 130 133 133 130 129 131 133 126 124
-9999 -9999 -9999 -9999 -9999 -9999 -9999 -9999 -9999 -9999 -9999 -9999 -9999 -9999 -9999 -9999 -9999 -9999 -9999 -9999 -9999 -9999 -9999 -9999 -9999 -9999 -9999 -9999 -9999 -9999 -9999 -9999 -9999 -9999 -9999 -9999 138 138 -9999 139 138 138 139 138 138 138 139 137 138 138 139 138 138 138 139 138 139 140 140 139 143 142 142 142 141 139 139 141 143 141 141 142 143 141 139 140 138 139 142 137 130 133 139 135 129 126
-9999 -9999 -9999 -9999 -9999 -9999 -9999 -9999 -9999 -9999 -9999 -9999 -9999 -9999 -9999 -9999 -9999 -9999 -9999 -9999 -9999 -9999 -9999 -9999 -9999 -9999 -9999 -9999 -9999 -9999 -9999 -9999 -9999 -9999 -9999 -9999 -9999 -9999 138 138 139 138 138 139 139 139 138 138 138 138 138 139 139 139 138 139 138 139 140 140 141 143 142 141 141 140 140 140 140 143 144 142 144 141 136 140 141 144 142 135 135 131 140 139 133 135
-9999 -9999 -9999 -9999 -9999 -9999 -9999 -9999 -9999 -9999 -9999 -9999 -9999 -9999 -9999 -9999 -9999 -9999 -9999 -9999 -9999 -9999 -9999 -9999 -9999 -9999 -9999 -9999 -9999 -9999 -9999 -9999 -9999 -9999 -9999 -9999 -9999 -9999 -9999 -9999 -9999 -9999 138 138 139 138 138 138 139 138 139 138 138 138 138 139 139 139 139 140 141 141 140 140 140 139 142 142 139 142 144 142 143 143 140 143 145 144 144 140 137 135 138 142 141 144
-9999 -9999 -9999 -9999 -9999 -9999 -9999 -9999 -9999 -9999 -9999 -9999 -9999 -9999 -9999 -9999 -9999 -9999 -9999 -9999 -9999 -9999 -9999 -9999 -9999 -9999 -9999 -9999 -9999 -9999 -9999 -9999 -9999 -9999 -9999 -9999 -9999 -9999 -9999 -9999 -9999 -9999 -9999 139 139 139 138 138 139 139 138 138 139 139 138 138 139 139 139 140 141 140 138 138 139 139 140 143 140 141 142 141 145 145 144 145 144 144 145 144 143 138 142 146 144 141
-9999 -9999 -9999 -9999 -9999 -9999 -9999 -9999 -9999 -9999 -9999 -9999 -9999 -9999 -9999 -9999 -9999 -9999 -9999 -9999 -9999 -9999 -9999 -9999 -9999 -9999 -9999 -9999 -9999 -9999 -9999 -9999 -9999 -9999 -9999 -9999 -9999 -9999 -9999 -9999 -9999 -9999 -9999 -9999 -9999 139 139 139 139 139 139 139 138 138 138 139 138 138 138 138 139 138 138 139 142 143 144 143 141 141 141 142 144 144 143 144 144 144 145 145 144 144 142 146 146 141
-9999 -9999 -9999 -9999 -9999 -9999 -9999 -9999 -9999 -9999 -9999 -9999 -9999 -9999 -9999 -9999 -9999 -9999 -9999 -9999 -9999 -9999 -9999 -9999 -9999 -9999 -9999 -9999 -9999 -9999 -9999 -9999 -9999 -9999 -9999 -9999 -9999 -9999 -9999 -9999 -9999 -9999 -9999 -9999 -9999 138 139 139 138 138 138 140 138 138 138 138 138 139 138 139 138 139 141 141 141 144 144 143 141 140 142 142 141 141 142 143 143 143 143 144 143 146 144 145 146 145
-9999 -9999 -9999 -9999 -9999 -9999 -9999 -9999 -9999 -9999 -9999 -9999 -9999 -9999 -9999 -9999 -9999 -9999 -9999 -9999 -9999 -9999 -9999 -9999 -9999 -9999 -9999 -9999 -9999 -9999 -9999 -9999 -9999 -9999 -9999 -9999 -9999 -9999 -9999 -9999 -9999 -9999 -9999 -9999 -9999 140 140 139 140 140 139 138 140 138 139 139 138 139 139 138 139 139 140 142 142 141 143 144 146 144 144 142 142 144 144 146 145 146 145 146 145 146 146 146 143 141
-9999 -9999 -9999 -9999 -9999 -9999 -9999 -9999 -9999 -9999 -9999 -9999 -9999 -9999 -9999 -9999 -9999 -9999 -9999 -9999 -9999 -9999 -9999 -9999 -9999 -9999 -9999 -9999 -9999 -9999 -9999 -9999 -9999 -9999 -9999 -9999 -9999 -9999 -9999 -9999 -9999 -9999 -9999 -9999 -9999 139 141 140 139 140 139 139 139 138 139 139 139 139 139 138 138 139 139 139 139 140 141 144 146 145 143 145 145 146 146 145 144 146 145 146 146 144 139 140 139 137
-9999 -9999 -9999 -9999 -9999 -9999 -9999 -9999 -9999 -9999 -9999 -9999 -9999 -9999 -9999 -9999 -9999 -9999 -9999 -9999 -9999 -9999 -9999 -9999 -9999 -9999 -9999 -9999 -9999 -9999 -9999 -9999 -9999 -9999 -9999 -9999 -9999 -9999 -9999 -9999 -9999 -9999 -9999 -9999 -9999 140 140 141 140 140 139 139 139 139 139 139 139 138 139 140 139 139 139 139 142 142 143 146 146 146 146 146 147 145 146 137 141 145 144 146 147 146 145 138 138 137
-9999 -9999 -9999 -9999 -9999 -9999 -9999 -9999 -9999 -9999 -9999 -9999 -9999 -9999 -9999 -9999 -9999 -9999 -9999 -9999 -9999 -9999 -9999 -9999 -9999 -9999 -9999 -9999 -9999 -9999 -9999 -9999 -9999 -9999 -9999 -9999 -9999 -9999 -9999 -9999 -9999 -9999 -9999 -9999 -9999 -9999 139 141 140 140 139 139 139 139 139 139 140 139 138 139 138 139 141 141 143 144 146 147 146 147 147 146 146 147 147 146 146 140 143 143 146 147 147 146 143 143
-9999 -9999 -9999 -9999 -9999 -9999 -9999 -9999 -9999 -9999 -9999 -9999 -9999 -9999 -9999 -9999 -9999 -9999 -9999 -9999 -9999 -9999 -9999 -9999 -9999 -9999 -9999 -9999 -9999 -9999 -9999 -9999 -9999 -9999 -9999 -9999 -9999 -9999 -9999 -9999 -9999 -9999 -9999 -9999 -9999 -9999 -9999 140 141 139 140 139 139 139 139 139 140 139 139 139 139 140 140 140 142 143 144 146 143 145 146 146 146 146 145 145 144 142 141 145 146 147 146 147 147 148
-9999 -9999 -9999 -9999 -9999 -9999 -9999 -9999 -9999 -9999 -9999 -9999 -9999 -9999 -9999 -9999 -9999 -9999 -9999 -9999 -9999 -9999 -9999 -9999 -9999 -9999 -9999 -9999 -9999 -9999 -9999 -9999 -9999 -9999 -9999 -9999 -9999 -9999 -9999 -9999 -9999 -9999 -9999 -9999 -9999 -9999 -9999 -9999 -9999 -9999 140 139 139 139 139 139 139 140 139 139 140 139 140 138 141 143 145 145 141 142 144 146 147 145 144 142 147 146 146 148 146 147 146 146 146 146
-9999 -9999 -9999 -9999 -9999 -9999 -9999 -9999 -9999 -9999 -9999 -9999 -9999 -9999 -9999 -9999 -9999 -9999 -9999 -9999 -9999 -9999 -9999 -9999 -9999 -9999 -9999 -9999 -9999 -9999 -9999 -9999 -9999 -9999 -9999 -9999 -9999 -9999 -9999 -9999 -9999 -9999 -9999 -9999 -9999 -9999 -9999 -9999 -9999 -9999 -9999 -9999 -9999 -9999 -9999 139 140 140 139 139 140 140 140 140 139 142 142 141 140 144 146 143 143 144 142 141 145 147 148 148 149 148 147 145 144 146
-9999 -9999 -9999 -9999 -9999 -9999 -9999 -9999 -9999 -9999 -9999 -9999 -9999 -9999 -9999 -9999 -9999 -9999 -9999 -9999 -9999 -9999 -9999 -9999 -9999 -9999 -9999 -9999 -9999 -9999 -9999 -9999 -9999 -9999 -9999 -9999 -9999 -9999 -9999 -9999 -9999 -9999 -9999 -9999 -9999 -9999 -9999 -9999 -9999 -9999 -9999 -9999 -9999 -9999 -9999 -9999 -9999 140 139 139 139 139 139 139 139 139 139 139 139 143 145 145 144 142 142 141 145 147 145 145 146 145 147 144 143 146
-9999 -9999 -9999 -9999 -9999 -9999 -9999 -9999 -9999 -9999 -9999 -9999 -9999 -9999 -9999 -9999 -9999 -9999 -9999 -9999 -9999 -9999 -9999 -9999 -9999 -9999 -9999 -9999 -9999 -9999 -9999 -9999 -9999 -9999 -9999 -9999 -9999 -9999 -9999 -9999 -9999 -9999 -9999 -9999 -9999 -9999 -9999 -9999 -9999 -9999 -9999 -9999 -9999 -9999 -9999 -9999 -9999 -9999 -9999 139 139 139 139 139 139 140 140 139 141 143 148 146 144 142 140 139 141 147 145 145 141 145 146 143 141 142
-9999 -9999 -9999 -9999 -9999 -9999 -9999 -9999 -9999 -9999 -9999 -9999 -9999 -9999 -9999 -9999 -9999 -9999 -9999 -9999 -9999 -9999 -9999 -9999 -9999 -9999 -9999 -9999 -9999 -9999 -9999 -9999 -9999 -9999 -9999 -9999 -9999 -9999 -9999 -9999 -9999 -9999 -9999 -9999 -9999 -9999 -9999 -9999 -9999 -9999 -9999 -9999 -9999 -9999 -9999 -9999 -9999 -9999 -9999 -9999 -9999 -9999 139 139 139 139 140 139 140 141 142 145 144 144 142 139 139 143 148 144 142 142 143 141 141 141
-9999 -9999 -9999 -9999 -9999 -9999 -9999 -9999 -9999 -9999 -9999 -9999 -9999 -9999 -9999 -9999 -9999 -9999 -9999 -9999 -9999 -9999 -9999 -9999 -9999 -9999 -9999 -9999 -9999 -9999 -9999 -9999 -9999 -9999 -9999 -9999 -9999 -9999 -9999 -9999 -9999 -9999 -9999 -9999 -9999 -9999 -9999 -9999 -9999 -9999 -9999 -9999 -9999 -9999 -9999 -9999 -9999 -9999 -9999 -9999 -9999 -9999 -9999 -9999 -9999 139 139 139 139 139 140 141 141 146 145 140 141 143 148 146 143 142 142 141 141 141
-9999 -9999 -9999 -9999 -9999 -9999 -9999 -9999 -9999 -9999 -9999 -9999 -9999 -9999 -9999 -9999 -9999 -9999 -9999 -9999 -9999 -9999 -9999 -9999 -9999 -9999 -9999 -9999 -9999 -9999 -9999 -9999 -9999 -9999 -9999 -9999 -9999 -9999 -9999 -9999 -9999 -9999 -9999 -9999 -9999 -9999 -9999 -9999 -9999 -9999 -9999 -9999 -9999 -9999 -9999 -9999 -9999 -9999 -9999 -9999 -9999 -9999 -9999 -9999 -9999 -9999 -9999 139 140 139 139 141 141 142 143 143 139 146 147 148 143 141 139 139 142 141
-9999 -9999 -9999 -9999 -9999 -9999 -9999 -9999 -9999 -9999 -9999 -9999 -9999 -9999 -9999 -9999 -9999 -9999 -9999 -9999 -9999 -9999 -9999 -9999 -9999 -9999 -9999 -9999 -9999 -9999 -9999 -9999 -9999 -9999 -9999 -9999 -9999 -9999 -9999 -9999 -9999 -9999 -9999 -9999 -9999 -9999 -9999 -9999 -9999 -9999 -9999 -9999 -9999 -9999 -9999 -9999 -9999 -9999 -9999 -9999 -9999 -9999 -9999 -9999 -9999 -9999 -9999 -9999 -9999 -9999 139 139 139 140 141 141 139 145 147 148 148 144 139 142 140 141
