worldclim/bio7_cr.asc
ncols        411
nrows        382
xllcorner    -85.979072453958
yllcorner    8.036441368777
cellsize     0.008333330000
NODATA_value  -9999
[rows 114 to 151 of 382, columns 172 to 257 of 411]
123 124 124 123 122 123 123 123 122 123 123 122 122 122 122 120 120 118 115 113 112 108 109 110 109 109 112 115 115 115 118 118 118 120 118 118 115 113 114 116 118 118 117 119 118 117 117 118 116 115 116 114 114 116 116 115 115 115 116 116 117 117 117 117 117 117 117 117 117 117 116 116 115 116 116 116 116 114 114 116 115 115 115 114 115 115
122 123 124 123 123 123 123 123 123 123 123 122 122 122 120 120 118 115 114 115 112 111 108 108 107 110 112 111 114 114 117 118 118 118 117 116 115 110 112 116 117 118 117 119 119 118 116 116 114 114 114 115 115 114 114 114 114 115 115 116 116 116 116 116 116 117 117 116 117 117 117 116 117 116 116 116 116 115 116 115 116 115 115 115 114 115
124 122 124 123 123 124 123 123 123 123 122 120 122 120 120 117 115 112 112 110 107 107 106 107 112 112 114 113 113 116 118 118 118 117 117 115 113 112 113 115 116 116 117 118 117 117 116 116 114 114 114 114 114 114 114 114 114 115 115 116 116 116 116 117 117 117 117 117 117 117 117 116 116 116 116 116 116 116 116 115 115 115 115 115 114 114
123 124 123 123 124 123 123 123 123 124 122 121 120 119 119 115 113 112 111 109 108 107 107 106 109 112 114 117 116 117 117 117 117 117 115 112 111 111 112 114 116 116 116 116 117 118 116 116 114 114 113 113 113 113 113 113 114 114 116 116 115 116 117 117 117 117 117 117 117 117 117 117 117 116 116 116 116 115 116 116 115 116 115 115 115 115
125 123 123 123 122 122 123 124 124 123 122 120 120 118 118 115 115 112 111 110 109 108 107 107 106 105 110 113 114 117 117 117 115 114 112 110 107 107 110 112 113 114 115 116 116 118 116 114 114 114 112 113 112 113 113 113 113 114 116 116 116 117 117 117 117 117 117 117 117 117 117 117 117 117 116 116 116 116 116 115 116 115 116 116 115 115
125 124 124 123 123 124 124 124 123 123 124 121 120 120 118 116 113 112 111 110 109 109 107 107 107 108 112 114 114 118 118 116 114 114 112 109 104 102 104 107 111 113 114 115 115 116 116 115 113 112 112 113 112 112 112 113 113 113 115 117 118 116 117 117 117 117 117 116 116 117 116 117 117 117 118 116 116 116 116 116 116 116 115 116 116 116
125 125 124 123 124 124 124 124 123 123 123 122 121 119 117 115 113 112 112 109 109 109 108 107 108 111 113 117 118 117 117 115 113 112 108 107 102 101 101 105 109 111 113 115 115 115 114 113 112 113 113 110 110 110 110 111 113 116 115 114 114 115 116 116 117 117 117 117 117 117 117 116 117 117 117 117 116 117 115 116 116 116 115 116 115 115
125 125 125 124 125 125 125 124 124 124 122 122 122 120 117 115 114 113 109 109 108 108 109 108 109 115 115 115 115 116 115 114 113 111 107 104 102 102 102 103 103 103 111 111 114 114 114 113 113 112 111 110 110 109 110 113 114 115 114 110 110 114 115 115 117 117 117 116 117 117 117 116 116 117 117 116 118 116 116 116 115 115 115 115 115 116
125 126 125 124 125 124 125 125 125 123 122 123 121 120 117 117 114 114 112 110 108 109 109 107 109 111 114 110 115 112 111 111 111 106 104 103 103 102 102 102 104 105 109 111 113 113 113 113 112 111 110 107 108 108 112 113 114 114 110 109 108 114 114 116 116 117 117 117 116 117 117 117 118 117 117 117 117 116 117 117 115 116 115 115 115 115
125 126 124 125 124 124 125 124 124 124 123 122 122 120 120 118 117 114 113 112 111 111 109 109 109 111 110 110 114 110 109 107 105 106 102 103 101 102 102 102 102 104 108 110 111 113 112 111 113 110 109 108 107 110 113 112 114 113 110 108 110 114 114 116 118 116 117 118 117 117 117 117 117 116 117 116 116 116 117 116 117 116 116 115 115 115
125 125 126 125 125 125 125 125 125 123 124 124 122 120 120 118 117 115 117 114 114 111 111 109 109 109 109 109 109 109 109 109 106 104 104 101 101 101 101 101 103 105 107 109 110 113 112 111 110 110 108 106 104 107 110 110 112 113 111 107 112 112 115 114 116 116 119 118 117 117 117 117 116 117 117 117 117 117 116 116 116 117 116 115 114 115
124 125 124 125 125 125 126 124 125 124 124 124 123 122 120 119 118 117 117 115 114 114 112 112 110 109 108 111 114 112 111 109 109 106 104 103 102 101 102 102 103 106 108 109 110 110 110 109 108 109 106 102 100 105 109 109 110 111 110 111 114 114 114 114 116 118 118 118 117 118 117 117 118 117 116 117 117 117 116 115 115 116 115 116 114 115
124 125 125 125 125 125 124 124 125 124 124 123 122 122 121 119 118 119 117 117 117 115 114 114 114 113 113 116 114 114 112 112 111 109 107 104 102 102 104 104 107 108 108 109 109 107 109 108 107 106 103 100 100 100 100 104 107 110 113 114 115 116 117 119 118 117 119 118 119 118 117 118 118 117 116 117 117 117 117 115 115 115 117 116 116 114
126 125 126 125 125 124 124 125 125 124 124 123 123 122 121 119 120 119 118 117 117 117 116 117 114 116 117 117 116 115 114 115 113 112 109 108 107 104 103 106 109 109 110 110 110 107 106 104 103 102 100 100 99 99 99 103 110 113 114 115 116 115 115 115 115 115 116 118 118 118 118 118 118 118 116 118 117 117 116 115 115 116 114 115 116 115
126 126 125 125 126 125 125 126 125 125 124 124 122 122 122 119 119 120 117 119 118 119 118 118 119 118 118 118 117 117 116 117 114 114 115 111 109 110 107 109 112 110 110 111 109 107 104 102 101 99 99 99 100 100 99 101 107 110 112 114 114 110 108 113 114 116 119 119 117 118 118 118 117 117 117 118 117 117 116 116 115 115 115 115 115 116
125 126 125 126 126 126 125 125 126 125 124 124 124 122 123 122 120 120 121 120 120 121 119 119 119 119 119 119 119 118 118 117 116 117 116 114 113 113 113 112 112 112 112 111 109 106 103 101 100 99 99 99 100 99 99 99 104 109 110 112 114 102 105 114 115 118 119 119 118 119 118 117 117 117 117 117 117 117 117 115 114 115 115 116 115 116
126 126 126 127 126 126 126 126 126 125 124 124 124 123 123 122 121 121 122 120 120 121 122 121 121 120 119 120 119 119 119 119 118 118 117 117 116 115 114 115 114 113 112 112 110 107 104 102 100 100 100 100 99 99 99 100 102 107 106 105 112 106 110 114 115 115 118 119 119 117 119 119 119 117 116 116 117 118 116 115 115 114 114 114 116 116
127 127 127 126 126 127 126 127 126 125 125 124 125 124 123 123 123 123 125 124 122 123 123 122 123 122 121 120 121 121 120 120 119 118 118 117 116 115 117 117 116 115 114 114 112 109 107 104 100 100 100 100 100 99 99 99 101 102 101 100 105 110 110 112 115 116 118 119 118 119 118 117 119 117 116 115 116 117 116 114 113 115 114 115 116 116
127 126 127 127 126 126 126 127 126 126 126 125 126 124 125 124 125 125 124 124 124 125 125 124 124 122 122 123 122 122 121 121 121 120 118 118 118 117 117 117 115 116 116 114 113 113 110 106 104 101 99 100 99 100 100 100 99 100 99 102 111 114 114 113 114 116 118 119 117 119 119 116 119 119 117 115 115 116 118 115 114 114 113 113 114 115
126 128 128 127 127 127 127 126 126 125 125 125 125 125 126 124 125 125 126 125 126 126 125 125 125 124 124 123 124 123 122 123 122 120 120 120 119 118 118 118 117 116 117 116 114 114 113 110 109 104 102 102 101 100 101 101 101 101 102 107 109 110 113 115 115 119 118 118 117 119 118 115 119 117 117 114 115 118 116 114 114 114 114 113 114 115
127 127 127 127 126 127 127 126 127 126 126 126 126 125 126 126 124 125 125 125 126 126 126 124 124 125 125 125 123 124 123 123 122 122 122 120 120 120 119 118 118 117 117 117 116 115 115 112 113 109 106 105 103 102 102 102 102 101 107 109 112 113 115 115 117 117 118 116 116 119 117 115 117 117 115 114 114 115 115 114 114 114 114 114 115 115
128 128 127 126 128 126 126 126 126 127 126 126 126 126 126 126 122 125 126 126 125 126 125 125 124 125 125 125 124 123 123 123 123 122 122 121 120 120 118 119 118 118 118 117 116 116 115 114 113 113 112 109 107 106 104 103 104 106 110 112 114 116 115 116 116 116 117 114 116 119 117 114 118 117 114 114 114 114 114 115 114 114 114 114 114 114
128 128 128 127 127 127 127 126 127 127 127 125 127 126 127 126 126 125 126 127 125 125 126 125 125 125 125 126 125 125 124 124 124 123 123 122 122 120 120 119 118 118 118 118 117 116 116 116 114 114 113 112 110 110 109 107 103 101 110 112 116 116 116 117 115 116 117 114 118 119 117 115 116 117 116 113 114 114 114 115 113 113 113 114 112 113
128 129 128 128 126 126 127 126 125 127 126 125 126 126 125 126 126 127 126 126 126 127 126 126 126 125 125 125 125 125 124 124 125 123 124 122 122 122 120 120 119 119 120 118 118 119 118 117 116 116 115 114 112 110 110 109 108 108 104 111 115 113 111 115 115 112 117 117 119 117 117 115 115 116 115 116 113 113 113 111 113 111 112 112 113 114
127 128 128 127 127 127 127 126 127 127 126 126 126 126 126 127 126 126 126 126 125 127 127 126 125 127 126 125 126 126 126 125 124 126 124 124 122 122 122 120 120 119 120 120 118 118 118 118 118 117 116 115 114 113 112 110 111 111 109 104 109 108 111 112 115 117 117 117 119 116 116 117 113 115 113 115 115 116 113 112 112 110 109 111 113 114
130 129 128 128 127 126 127 127 127 127 126 127 128 126 126 127 127 125 126 126 127 127 127 127 127 126 126 126 128 126 125 125 124 123 123 124 124 124 123 122 122 120 120 118 120 118 118 118 118 118 116 116 115 115 114 114 113 114 111 110 110 108 113 113 114 114 116 117 118 115 115 116 116 115 113 113 114 115 115 113 109 107 104 109 111 114
129 129 128 127 127 127 128 126 125 124 126 127 126 127 127 127 127 127 126 127 126 127 126 126 127 127 126 127 126 127 126 127 126 125 126 125 124 125 123 123 123 123 122 120 120 120 121 120 118 119 118 116 117 115 116 114 114 114 115 112 114 114 115 115 115 114 114 114 117 115 117 115 116 116 114 113 111 113 113 113 111 107 102 104 104 108
129 130 128 128 129 128 127 124 125 123 127 127 127 128 127 127 127 127 127 126 126 126 126 127 127 128 128 128 127 127 128 128 128 125 127 125 125 125 125 125 123 125 124 123 123 120 122 120 119 120 118 117 118 117 115 115 115 115 116 116 116 115 116 115 116 116 115 116 117 117 114 114 114 113 115 112 108 111 111 114 111 109 100 100 100 97
130 129 128 128 128 128 126 125 123 126 127 127 127 127 127 128 127 127 128 127 129 129 128 128 127 126 128 127 127 129 127 129 128 128 126 127 126 126 125 124 125 123 124 123 123 122 121 122 121 120 119 118 118 119 118 116 116 116 118 117 118 116 116 116 116 116 116 116 116 115 115 112 113 111 111 113 101 102 108 113 109 105 99 97 96 96
130 129 130 128 127 128 128 126 125 126 126 126 127 125 127 129 127 127 128 128 129 128 127 128 128 128 128 128 128 127 129 128 129 128 129 126 127 126 126 125 125 124 124 123 124 124 123 121 120 120 119 118 118 119 118 118 118 118 117 118 117 116 116 116 116 116 116 115 114 114 115 114 110 105 107 109 109 101 107 112 110 100 95 95 95 96
131 130 129 129 128 127 127 126 125 124 126 126 125 125 127 128 128 127 128 129 129 129 128 129 128 127 127 129 127 128 127 129 128 128 128 127 127 127 127 126 126 125 124 124 123 124 124 123 121 121 120 118 119 119 119 119 118 117 117 118 118 118 117 116 116 116 115 115 115 114 112 111 107 101 102 107 106 104 103 107 107 95 96 96 95 95
132 130 129 129 128 130 128 128 127 126 127 128 127 127 128 128 128 128 129 129 128 129 129 128 128 128 129 128 127 128 128 129 130 130 128 128 129 128 127 127 127 125 126 125 124 124 123 123 123 120 120 119 120 119 119 118 118 119 118 117 117 118 118 118 116 116 117 115 115 113 111 107 105 99 104 101 97 98 97 100 99 95 97 97 95 95
133 132 130 130 129 129 129 128 129 128 127 128 128 128 128 128 129 129 128 130 128 129 129 128 129 128 128 128 128 128 129 129 128 130 130 128 128 129 127 128 127 125 126 126 125 125 124 122 121 121 121 120 120 118 119 118 119 119 119 119 118 117 119 118 118 117 116 115 114 113 111 104 98 96 99 97 95 96 96 95 95 95 97 98 97 97
134 132 132 130 130 130 131 129 129 128 127 128 129 129 130 129 129 129 130 130 130 130 128 129 130 128 128 129 129 128 129 129 130 130 128 129 128 129 127 127 127 127 127 125 125 125 125 123 121 122 121 122 121 119 119 120 119 119 119 118 119 119 119 119 118 116 117 115 113 111 108 102 97 96 96 96 96 97 98 96 97 97 98 100 98 98
134 131 131 131 130 131 131 131 129 129 129 128 129 129 130 130 129 129 129 130 130 129 129 129 128 128 128 128 129 129 130 129 129 130 129 128 129 129 129 128 127 128 127 126 125 126 126 125 124 124 124 123 121 119 120 119 120 120 118 118 118 119 118 119 119 117 115 116 114 112 109 101 98 97 98 97 97 98 98 98 98 100 100 101 100 100
135 133 132 131 131 132 131 131 131 130 131 129 130 129 129 129 130 130 130 129 130 129 128 128 129 129 128 129 129 129 130 129 129 128 129 130 129 129 129 130 129 128 128 128 126 126 125 125 125 124 125 123 122 121 121 120 120 119 119 119 119 119 119 119 119 118 116 115 115 112 109 103 99 97 97 96 98 98 100 99 100 100 100 101 101 100
136 134 131 131 132 134 132 132 131 131 131 131 129 129 130 129 129 129 131 130 130 130 131 130 129 129 128 129 129 130 129 129 130 131 130 129 129 129 129 129 129 129 128 127 127 127 126 126 126 124 124 125 121 122 121 120 120 119 119 119 119 118 119 120 119 118 117 116 115 111 108 104 101 97 97 97 97 97 98 98 98 101 100 98 99 98
136 134 133 134 134 135 133 132 131 131 130 131 131 130 130 131 130 130 131 129 130 130 130 130 129 129 129 129 130 131 130 130 130 131 131 129 129 129 129 130 128 129 128 126 127 127 126 126 125 125 124 123 123 122 120 121 120 120 120 119 119 120 119 119 119 119 117 116 114 113 108 105 99 97 97 97 98 97 97 98 98 98 98 98 97 97
