worldclim/bio7_cr.asc
ncols        411
nrows        382
xllcorner    -85.979072453958
yllcorner    8.036441368777
cellsize     0.008333330000
NODATA_value  -9999
[rows 228 to 265 of 382, columns 258 to 343 of 411]
142 143 145 148 150 149 144 146 148 149 148 149 151 151 150 151 151 151 151 149 149 149 150 149 150 150 148 147 146 146 146 146 146 146 142 137 143 140 138 133 131 132 132 129 125 120 125 126 122 120 118 118 120 119 120 122 122 120 121 117 121 129 133 130 130 124 127 124 118 123 118 114 110 108 108 110 106 107 106 105 108 110 111 115 114 113
144 144 147 149 151 150 148 143 146 150 151 151 152 151 151 150 150 150 152 150 149 150 150 149 149 149 149 148 148 148 147 147 147 148 146 145 145 144 142 140 137 136 134 132 128 128 130 131 123 125 121 118 123 127 123 127 123 121 125 125 127 129 134 135 128 127 130 127 120 122 121 118 113 112 115 115 112 110 106 105 106 109 109 111 110 113
147 145 147 150 151 150 151 140 144 148 146 151 151 152 150 152 152 151 151 151 150 149 150 150 149 150 150 150 149 149 149 148 149 147 148 147 146 145 146 144 142 140 138 136 134 134 133 128 125 127 126 120 123 129 128 129 124 125 128 129 132 133 136 137 132 134 132 127 125 127 128 122 117 118 119 120 119 113 109 107 105 106 108 108 109 114
146 149 147 150 149 150 151 140 144 141 146 145 148 149 151 151 149 151 151 152 150 150 150 149 150 149 149 149 149 150 149 150 148 147 148 148 147 147 145 145 144 141 140 141 138 137 132 131 131 131 133 128 125 129 132 128 124 128 130 133 134 134 138 137 134 135 134 130 135 130 127 122 120 123 124 124 125 116 111 111 109 106 107 106 110 113
144 144 147 147 147 149 151 142 140 139 142 143 145 149 152 152 151 151 149 152 151 151 150 150 150 150 150 149 149 150 150 150 150 147 148 148 148 148 147 146 145 144 143 144 140 137 138 136 133 133 134 129 126 130 134 128 124 129 134 134 136 138 139 139 137 137 138 137 132 128 125 123 120 123 126 125 125 122 117 114 109 108 106 106 109 110
142 143 143 144 147 148 150 142 140 137 141 141 144 148 150 151 153 150 152 151 152 151 149 150 151 151 149 149 149 150 149 149 148 149 149 149 148 148 147 148 146 145 145 146 143 142 142 139 137 136 138 132 129 132 135 130 127 131 135 136 137 139 138 141 139 140 139 134 130 127 123 120 122 123 129 128 120 118 115 111 109 107 105 107 108 108
139 142 143 145 147 148 150 144 142 140 144 143 144 144 148 149 150 151 150 151 150 150 150 150 151 151 150 149 150 150 150 149 150 148 149 150 150 148 147 148 148 148 146 146 146 146 145 143 140 141 138 134 135 138 137 133 128 132 137 140 138 140 142 143 141 140 139 136 131 128 124 123 124 127 127 129 122 118 118 113 112 109 109 111 112 111
145 144 144 147 149 150 152 150 144 145 148 148 148 149 149 146 148 152 151 150 151 150 150 149 150 150 149 149 149 150 150 149 150 149 149 149 147 149 149 149 147 147 148 148 148 147 144 145 145 143 140 138 137 141 139 134 135 135 138 140 139 140 140 142 143 140 138 136 135 130 125 120 125 127 131 132 125 125 122 117 113 115 114 116 114 111
147 147 145 147 149 151 152 149 149 151 151 152 152 148 150 152 152 151 150 149 151 151 151 150 152 150 149 149 150 149 149 149 149 150 150 150 149 148 148 149 148 149 148 147 147 147 147 147 146 144 144 139 142 143 140 134 136 138 140 141 142 141 141 143 143 139 136 135 132 130 125 122 128 130 134 133 130 127 125 118 118 118 118 118 114 111
147 150 149 146 147 150 151 150 151 152 151 149 151 146 146 148 148 148 148 148 149 150 152 152 151 150 151 151 150 150 150 150 150 150 149 149 150 149 148 149 148 148 148 146 146 147 147 147 147 145 147 146 144 144 141 136 136 142 144 144 143 143 143 144 142 138 138 137 133 132 130 127 125 132 136 133 130 127 122 116 123 125 124 118 117 116
147 151 150 149 149 149 150 151 152 152 147 149 151 146 142 142 145 148 146 146 148 150 151 150 151 151 151 150 151 149 150 148 149 147 149 150 150 148 149 149 149 149 148 148 148 148 148 147 146 147 147 147 146 144 144 142 138 141 143 143 145 145 144 142 141 140 139 136 134 134 135 130 130 132 135 135 133 131 126 120 123 123 116 113 111 112
145 145 148 150 151 151 152 153 151 150 147 150 153 148 142 142 143 144 148 145 149 148 150 150 151 150 150 149 149 150 150 149 149 149 149 149 149 149 149 149 150 148 148 148 147 148 148 147 147 147 147 147 147 147 144 143 144 145 145 144 145 146 144 142 141 141 139 138 138 136 137 133 132 135 135 136 133 132 129 129 127 122 116 118 116 113
-9999 139 142 147 146 147 151 150 149 146 148 148 151 153 152 142 144 148 149 151 150 148 150 150 152 149 150 151 150 150 150 150 150 150 149 149 148 148 149 149 150 148 148 148 148 148 149 147 148 148 147 147 147 146 146 147 144 145 145 145 146 145 142 142 143 143 141 139 139 139 135 133 136 138 139 136 133 134 131 131 128 122 117 121 115 112
-9999 -9999 -9999 -9999 142 141 146 146 144 145 150 152 152 152 152 151 148 147 148 150 150 151 151 150 151 151 151 150 150 151 150 150 149 150 150 149 149 147 148 149 148 150 148 149 148 148 148 148 148 148 147 147 147 146 147 148 146 146 146 145 145 144 144 145 144 144 143 141 141 137 137 133 139 140 137 136 137 133 130 127 122 120 120 122 115 109
-9999 -9999 -9999 -9999 -9999 141 141 144 142 144 151 150 150 151 147 150 152 145 146 147 150 150 150 150 149 151 150 151 150 151 149 149 150 149 150 150 150 149 149 149 148 148 149 148 148 148 148 148 148 148 148 148 148 148 148 148 148 148 147 146 146 145 145 145 144 145 143 143 141 139 138 137 140 140 136 138 136 132 124 123 122 122 126 122 116 111
-9999 -9999 -9999 -9999 -9999 -9999 139 141 141 143 146 145 147 148 146 146 149 150 142 146 148 150 150 150 150 150 150 150 150 150 149 149 149 149 150 150 150 150 150 149 149 148 148 148 148 148 148 148 148 148 148 148 148 148 148 148 147 147 147 147 146 145 146 146 144 145 144 143 143 141 140 140 139 140 138 139 137 132 127 128 127 129 127 123 118 117
-9999 -9999 -9999 -9999 -9999 -9999 -9999 139 139 140 141 141 145 142 146 149 151 150 146 142 144 148 149 149 149 150 152 150 150 149 152 151 150 149 149 149 150 149 149 149 149 147 149 149 148 148 149 148 148 148 148 148 148 147 148 146 146 147 148 148 146 146 146 146 146 145 144 144 143 143 141 138 140 141 141 138 135 131 132 132 130 129 128 123 122 120
-9999 -9999 -9999 -9999 -9999 -9999 -9999 -9999 139 139 139 139 141 144 148 151 150 150 147 146 146 146 145 146 148 150 151 151 152 152 151 149 150 150 149 150 149 150 150 149 149 147 148 149 149 149 148 149 148 148 147 148 148 146 147 145 146 146 148 147 148 148 147 145 145 145 143 144 143 142 140 140 139 141 141 137 135 132 136 134 133 132 130 128 125 121
-9999 -9999 -9999 -9999 -9999 -9999 -9999 -9999 139 139 140 142 141 144 146 152 150 151 147 148 148 147 144 145 148 151 152 151 150 149 150 149 150 151 149 149 149 150 149 150 149 148 147 149 149 148 149 149 148 149 148 148 147 147 145 145 145 146 148 147 147 146 147 147 146 145 144 144 143 142 142 142 140 141 142 140 137 133 137 135 134 133 127 125 121 119
-9999 -9999 -9999 -9999 -9999 -9999 -9999 -9999 139 139 139 139 142 144 146 150 152 149 147 146 148 148 151 151 150 152 151 152 151 151 150 149 148 148 149 150 150 150 149 149 149 148 146 150 148 147 149 149 148 149 148 147 148 147 144 145 147 148 148 147 147 147 145 145 145 146 145 144 143 142 143 143 142 141 141 141 140 139 137 132 127 126 123 120 116 120
-9999 -9999 -9999 -9999 -9999 -9999 -9999 -9999 -9999 -9999 -9999 -9999 142 144 148 149 149 151 152 148 144 146 148 150 150 150 150 151 150 152 150 150 151 149 150 150 150 148 151 149 149 149 148 148 148 148 149 148 147 148 148 148 148 144 144 148 148 148 148 147 147 147 144 145 144 146 144 145 143 143 143 142 142 142 142 141 141 138 135 130 129 128 125 125 119 122
-9999 -9999 -9999 -9999 -9999 -9999 -9999 -9999 -9999 -9999 -9999 -9999 141 142 144 147 151 150 152 151 143 145 145 146 146 147 148 149 146 148 150 150 151 151 150 150 151 149 150 149 151 149 149 149 149 146 144 147 144 149 148 148 148 144 147 148 147 148 147 148 148 146 146 142 145 145 146 146 145 144 143 143 143 143 142 141 141 140 137 135 135 136 132 130 125 125
-9999 -9999 -9999 -9999 -9999 -9999 -9999 -9999 -9999 -9999 -9999 -9999 -9999 138 141 140 144 149 152 150 144 142 140 142 142 145 146 145 145 147 148 150 150 151 151 150 149 150 150 150 150 150 148 150 149 148 147 145 145 142 144 143 143 143 148 148 148 148 148 148 147 146 146 142 145 146 145 145 144 144 144 142 142 143 141 140 141 141 139 139 138 137 134 133 130 128
-9999 -9999 -9999 -9999 -9999 -9999 -9999 -9999 -9999 -9999 -9999 -9999 -9999 -9999 140 140 143 146 147 152 152 152 151 149 143 146 146 147 148 150 149 150 150 150 149 149 149 150 149 149 148 147 148 148 149 149 148 148 148 147 148 146 143 143 147 147 147 148 148 148 148 147 145 145 141 144 145 142 143 144 144 143 143 142 143 142 141 141 141 141 140 138 138 135 133 131
-9999 -9999 -9999 -9999 -9999 -9999 -9999 -9999 -9999 -9999 -9999 -9999 -9999 -9999 -9999 -9999 142 144 148 148 146 146 149 151 151 146 144 147 150 150 152 150 151 150 149 150 150 149 150 148 148 146 149 149 149 150 150 149 150 148 148 146 144 143 148 148 147 148 148 147 148 147 145 142 140 143 144 141 143 144 144 143 144 141 142 141 141 142 141 141 139 139 138 136 134 131
-9999 -9999 -9999 -9999 -9999 -9999 -9999 -9999 -9999 -9999 -9999 -9999 -9999 -9999 -9999 -9999 141 144 143 143 144 144 146 146 151 151 151 150 146 148 148 151 151 151 151 149 150 150 150 150 149 150 150 149 149 149 149 149 149 149 147 145 142 144 147 148 148 147 148 148 146 146 145 145 139 141 139 143 144 144 144 144 144 143 141 142 142 141 142 141 140 138 138 138 136 133
-9999 -9999 -9999 -9999 -9999 -9999 -9999 -9999 -9999 -9999 -9999 -9999 -9999 -9999 -9999 -9999 -9999 140 141 140 141 139 142 145 149 149 151 151 149 144 147 149 149 151 151 150 151 151 150 149 149 149 149 150 149 149 149 149 149 147 145 146 144 141 142 148 146 147 147 146 147 147 146 146 144 140 138 141 143 144 144 144 144 144 141 142 141 142 141 140 140 139 139 138 136 135
-9999 -9999 -9999 -9999 -9999 -9999 -9999 -9999 -9999 -9999 -9999 -9999 -9999 -9999 -9999 -9999 -9999 -9999 140 140 140 139 141 143 144 147 152 151 149 149 145 146 147 149 150 151 152 150 151 149 149 149 149 148 148 146 145 146 144 148 148 148 147 146 143 142 142 142 140 140 142 142 144 143 141 140 138 140 144 143 144 144 143 144 139 139 142 142 141 141 139 138 138 138 138 136
-9999 -9999 -9999 -9999 -9999 -9999 -9999 -9999 -9999 -9999 -9999 -9999 -9999 -9999 -9999 -9999 -9999 -9999 -9999 138 138 140 140 142 143 147 149 150 151 151 151 151 150 148 150 151 151 151 149 148 149 148 148 147 144 147 145 145 144 149 149 148 148 148 147 143 143 141 140 146 144 143 146 143 144 140 144 143 140 140 144 141 144 143 140 139 142 141 141 141 140 140 139 138 138 138
-9999 -9999 -9999 -9999 -9999 -9999 -9999 -9999 -9999 -9999 -9999 -9999 -9999 -9999 -9999 -9999 -9999 -9999 -9999 138 138 141 142 141 142 146 146 146 143 145 150 148 149 150 151 150 150 149 151 150 149 148 148 150 149 149 149 144 146 149 148 148 149 148 148 148 147 147 148 148 147 147 144 145 145 142 141 144 140 142 142 142 144 144 142 139 140 142 142 142 141 139 139 138 138 139
-9999 -9999 -9999 -9999 -9999 -9999 -9999 -9999 -9999 -9999 -9999 -9999 -9999 -9999 -9999 -9999 -9999 -9999 -9999 -9999 -9999 138 140 141 142 143 142 142 144 149 151 148 150 149 150 151 150 151 150 150 149 149 149 148 147 149 149 149 149 149 149 149 149 148 148 148 148 148 147 147 147 147 147 146 146 146 142 140 138 138 140 138 143 143 142 140 138 141 141 142 142 141 140 139 140 138
-9999 -9999 -9999 -9999 -9999 -9999 -9999 -9999 -9999 -9999 -9999 -9999 -9999 -9999 -9999 -9999 -9999 -9999 -9999 -9999 -9999 -9999 138 142 138 140 139 139 143 147 150 147 146 148 150 150 150 150 150 149 150 150 149 148 147 149 149 149 149 149 148 149 149 147 148 148 148 148 147 147 147 146 146 145 146 146 144 143 140 138 137 139 141 142 140 140 138 138 141 140 141 140 140 140 139 138
-9999 -9999 -9999 -9999 -9999 -9999 -9999 -9999 -9999 -9999 -9999 -9999 -9999 -9999 -9999 -9999 -9999 -9999 -9999 -9999 -9999 -9999 138 -9999 138 138 143 142 143 145 147 152 149 150 149 147 150 149 149 148 150 151 150 149 148 148 147 148 148 149 149 147 148 147 146 146 147 147 147 147 147 146 147 146 145 145 146 145 141 138 136 136 140 141 141 140 136 137 140 139 141 140 140 140 139 139
-9999 -9999 -9999 -9999 -9999 -9999 -9999 -9999 -9999 -9999 -9999 -9999 -9999 -9999 -9999 -9999 -9999 -9999 -9999 -9999 -9999 -9999 139 -9999 138 138 137 140 138 140 143 146 151 151 150 150 150 150 148 148 150 149 149 147 149 150 149 148 149 149 149 148 149 147 147 147 147 147 148 147 147 146 145 145 145 145 145 144 142 140 137 138 138 137 137 140 136 139 137 137 140 140 140 139 139 139
-9999 -9999 -9999 -9999 -9999 -9999 -9999 -9999 -9999 -9999 -9999 -9999 -9999 -9999 -9999 -9999 -9999 -9999 -9999 -9999 -9999 -9999 -9999 138 138 138 137 138 138 138 142 142 147 152 151 147 151 151 148 148 148 150 150 149 150 149 149 149 148 149 148 148 147 148 147 148 147 148 147 148 147 147 145 145 146 146 145 144 144 140 138 136 134 138 138 138 137 138 137 139 137 138 138 140 139 139
-9999 -9999 -9999 -9999 -9999 -9999 -9999 -9999 -9999 -9999 -9999 -9999 -9999 -9999 -9999 -9999 -9999 -9999 -9999 -9999 -9999 -9999 -9999 138 -9999 138 138 138 138 138 142 144 145 149 147 148 145 150 150 148 147 148 150 150 149 148 148 149 149 149 149 147 146 148 146 146 147 147 147 147 147 145 146 147 146 145 146 145 145 141 138 137 135 137 137 136 136 136 136 137 138 138 138 138 140 139
-9999 -9999 -9999 -9999 -9999 -9999 -9999 -9999 -9999 -9999 -9999 -9999 -9999 -9999 -9999 -9999 -9999 -9999 -9999 -9999 -9999 -9999 -9999 140 138 138 138 138 138 138 137 142 143 143 144 142 145 145 147 149 146 147 148 148 149 148 148 148 148 148 148 148 146 147 147 146 147 147 147 146 146 146 146 146 146 145 144 143 141 141 140 137 135 137 136 135 136 137 137 137 136 136 137 137 139 140
-9999 -9999 -9999 -9999 -9999 -9999 -9999 -9999 -9999 -9999 -9999 -9999 -9999 -9999 -9999 -9999 -9999 -9999 -9999 -9999 -9999 -9999 -9999 140 138 139 138 138 136 136 139 142 143 143 140 139 139 140 145 147 149 150 148 148 149 148 146 145 146 146 146 147 146 146 146 147 147 147 148 147 146 146 143 144 145 145 141 142 142 140 139 138 136 137 136 135 136 136 136 136 136 136 136 137 138 140
