worldclim/bio8_cr.asc
ncols        411
nrows        382
xllcorner    -85.979072453958
yllcorner    8.036441368777
cellsize     0.008333330000
NODATA_value  -9999
[rows 114 to 151 of 382, columns 0 to 85 of 411]
-9999 -9999 -9999 -9999 -9999 -9999 -9999 -9999 -9999 -9999 -9999 -9999 -9999 -9999 -9999 261 260 261 261 260 260 258 254 257 258 259 259 259 256 259 260 260 257 254 254 257 257 259 259 259 259 259 257 257 259 260 260 260 260 260 260 257 257 260 257 260 260 260 260 260 260 260 258 260 260 260 260 260 260 260 260 260 261 261 261 261 261 261 261 262 262 262 261 -9999 -9999 -9999
-9999 -9999 -9999 -9999 -9999 -9999 -9999 -9999 -9999 -9999 -9999 -9999 -9999 -9999 -9999 261 260 261 261 260 260 260 259 258 257 256 252 250 252 256 260 259 259 259 253 253 254 258 258 253 257 256 251 253 254 259 259 260 259 259 260 260 260 260 256 252 256 257 260 258 260 260 259 260 260 260 260 260 260 260 260 261 260 260 261 261 261 261 261 261 262 262 258 263 263 -9999
-9999 -9999 -9999 -9999 -9999 -9999 -9999 -9999 -9999 -9999 -9999 -9999 -9999 -9999 -9999 -9999 261 261 260 260 260 259 259 258 257 254 254 255 256 258 260 260 259 259 258 256 253 254 256 253 255 254 246 249 254 259 259 259 259 259 259 260 259 259 257 253 245 252 258 257 260 260 259 258 257 259 257 260 259 260 260 260 261 260 261 261 261 261 258 255 261 262 262 262 263 262
-9999 -9999 -9999 -9999 -9999 -9999 -9999 -9999 -9999 -9999 -9999 -9999 -9999 -9999 -9999 -9999 261 260 260 259 257 259 256 255 252 253 255 259 260 260 259 252 255 259 259 250 254 251 250 249 249 247 245 254 258 258 258 260 259 258 259 259 259 259 258 248 241 241 255 254 260 260 260 258 254 257 257 252 256 260 260 260 260 260 260 260 262 262 257 259 261 261 262 262 263 261
-9999 -9999 -9999 -9999 -9999 -9999 -9999 -9999 -9999 -9999 -9999 -9999 -9999 -9999 -9999 -9999 -9999 260 260 257 256 256 252 250 252 257 259 260 260 260 260 255 252 255 255 248 247 245 241 243 240 247 251 257 257 258 258 254 254 259 259 259 258 259 253 243 244 244 254 253 258 260 260 260 258 251 253 249 255 259 260 260 260 257 258 256 261 261 255 255 262 261 261 262 261 263
-9999 -9999 -9999 -9999 -9999 -9999 -9999 -9999 -9999 -9999 -9999 -9999 -9999 -9999 -9999 -9999 -9999 260 259 257 255 254 253 250 248 259 261 261 260 257 259 253 242 254 248 241 239 241 244 244 240 247 250 252 258 259 259 254 254 259 259 259 258 256 256 255 256 253 251 244 259 259 259 259 260 260 259 248 255 259 260 260 259 256 245 247 259 261 262 261 259 260 258 257 261 262
-9999 -9999 -9999 -9999 -9999 -9999 -9999 -9999 -9999 -9999 -9999 -9999 -9999 -9999 -9999 -9999 -9999 261 259 258 255 257 258 256 252 259 260 261 259 257 246 242 243 244 242 239 243 240 244 245 245 250 255 257 258 258 255 256 257 258 258 255 247 251 251 257 257 257 246 250 254 258 247 251 259 260 260 259 253 258 259 260 260 258 258 248 256 260 261 261 260 261 258 250 257 262
-9999 -9999 -9999 -9999 -9999 -9999 -9999 -9999 -9999 -9999 -9999 -9999 -9999 -9999 -9999 -9999 -9999 262 260 259 259 259 258 255 255 260 261 260 260 258 245 243 241 241 242 241 243 247 249 249 251 254 258 253 253 256 256 254 257 257 257 253 242 244 247 253 256 256 256 256 250 242 241 249 260 259 260 260 258 256 260 259 259 259 257 251 245 256 261 260 260 261 259 259 259 259
-9999 -9999 -9999 -9999 -9999 -9999 -9999 -9999 -9999 -9999 -9999 -9999 -9999 -9999 -9999 -9999 -9999 -9999 261 260 260 260 257 255 261 261 261 258 259 256 247 244 239 236 245 242 240 244 251 252 255 255 250 244 248 258 255 245 255 254 248 252 254 237 246 251 252 256 255 256 252 247 250 257 259 260 259 260 259 259 259 259 258 254 241 246 251 250 255 260 261 261 260 260 258 256
-9999 -9999 -9999 -9999 -9999 -9999 -9999 -9999 -9999 -9999 -9999 -9999 -9999 -9999 -9999 -9999 -9999 -9999 261 260 260 261 261 261 261 260 259 257 253 252 253 238 241 242 245 245 239 240 243 254 249 246 241 245 251 258 249 238 253 246 236 235 250 234 236 244 246 247 255 256 255 247 250 258 258 260 259 260 259 259 259 258 258 248 239 250 256 257 250 253 259 260 260 260 259 260
-9999 -9999 -9999 -9999 -9999 -9999 -9999 -9999 -9999 -9999 -9999 -9999 -9999 -9999 -9999 -9999 -9999 -9999 -9999 260 261 261 261 259 258 258 253 252 247 246 247 242 243 249 248 247 241 240 241 251 241 237 235 248 250 255 250 241 249 243 224 226 241 231 234 241 239 252 253 256 256 255 248 249 254 259 258 256 259 259 258 258 257 250 245 256 259 259 251 250 254 259 259 259 260 260
-9999 -9999 -9999 -9999 -9999 -9999 -9999 -9999 -9999 -9999 -9999 -9999 -9999 -9999 -9999 -9999 -9999 -9999 -9999 -9999 260 261 261 260 256 256 255 253 249 251 246 238 248 252 255 253 250 244 236 247 248 236 236 240 248 255 250 245 235 237 224 227 227 228 228 237 238 245 252 255 257 257 257 256 257 254 255 255 257 259 259 259 256 245 245 259 260 260 258 257 258 259 259 253 256 260
-9999 -9999 -9999 -9999 -9999 -9999 -9999 -9999 -9999 -9999 -9999 -9999 -9999 -9999 -9999 -9999 -9999 -9999 -9999 -9999 261 262 260 259 258 257 256 255 253 253 251 252 254 255 256 250 243 237 234 244 240 225 229 242 244 253 246 243 224 228 221 220 224 226 227 235 245 244 242 252 256 257 258 256 255 254 249 249 254 258 259 259 255 245 242 261 260 260 260 258 259 259 247 252 259 261
-9999 -9999 -9999 -9999 -9999 -9999 -9999 -9999 -9999 -9999 -9999 -9999 -9999 -9999 -9999 -9999 -9999 -9999 -9999 -9999 261 261 260 260 259 257 258 258 255 253 255 256 257 252 253 244 248 236 232 235 233 223 234 241 243 254 251 232 228 218 221 227 231 234 237 238 249 244 243 250 256 257 258 258 258 255 253 245 246 253 257 259 259 260 260 260 261 260 260 260 261 261 249 254 260 261
-9999 -9999 -9999 -9999 -9999 -9999 -9999 -9999 -9999 -9999 -9999 -9999 -9999 -9999 -9999 -9999 -9999 -9999 -9999 -9999 -9999 261 260 260 260 258 258 254 251 253 258 255 256 251 251 252 242 238 235 227 220 219 235 241 249 250 244 237 225 220 225 232 239 239 240 247 249 236 240 249 252 256 258 258 258 258 255 250 250 249 250 254 258 259 259 260 261 260 260 260 261 261 261 262 262 261
-9999 -9999 -9999 -9999 -9999 -9999 -9999 -9999 -9999 -9999 -9999 -9999 -9999 -9999 -9999 -9999 -9999 -9999 -9999 -9999 -9999 261 260 260 260 259 259 257 259 257 258 256 253 253 247 246 240 237 244 238 225 216 241 245 247 244 230 223 231 230 230 239 245 249 236 248 251 237 239 241 248 256 257 259 259 259 258 255 255 254 249 250 252 254 259 260 261 261 260 261 261 261 262 262 262 262
-9999 -9999 -9999 -9999 -9999 -9999 -9999 -9999 -9999 -9999 -9999 -9999 -9999 -9999 -9999 -9999 -9999 -9999 -9999 -9999 -9999 -9999 260 260 258 257 257 258 260 251 253 253 253 256 253 250 248 244 245 232 220 214 232 234 242 234 220 227 239 241 238 243 250 248 252 252 251 239 245 249 251 255 248 254 259 259 259 258 258 257 251 249 249 254 259 260 260 261 261 260 261 261 262 262 262 262
-9999 -9999 -9999 -9999 -9999 -9999 -9999 -9999 -9999 -9999 -9999 -9999 -9999 -9999 -9999 -9999 -9999 -9999 -9999 -9999 -9999 -9999 261 260 259 257 257 252 260 257 253 250 250 247 250 251 250 245 239 229 225 215 217 221 235 223 228 229 235 249 250 247 251 246 247 252 251 250 247 241 249 254 257 258 258 258 258 258 258 258 258 256 254 255 255 260 260 261 261 260 260 261 261 262 262 262
-9999 -9999 -9999 -9999 -9999 -9999 -9999 -9999 -9999 -9999 -9999 -9999 -9999 -9999 -9999 -9999 -9999 -9999 -9999 -9999 -9999 -9999 261 260 259 258 257 258 260 256 253 251 252 248 238 241 238 233 226 229 225 220 216 220 224 222 228 243 243 243 244 248 252 251 248 254 253 247 244 234 247 256 257 257 254 258 257 258 257 258 258 259 256 259 259 259 260 258 259 260 259 260 260 260 262 262
-9999 -9999 -9999 -9999 -9999 -9999 -9999 -9999 -9999 -9999 -9999 -9999 -9999 -9999 -9999 -9999 -9999 -9999 -9999 -9999 -9999 -9999 261 260 259 258 258 261 258 253 256 255 253 247 242 238 236 233 234 227 234 222 223 229 225 219 220 226 242 246 251 246 251 253 254 254 245 244 252 237 244 256 257 257 251 250 248 252 255 257 258 258 259 258 252 255 252 250 258 256 257 258 260 260 261 262
-9999 -9999 -9999 -9999 -9999 -9999 -9999 -9999 -9999 -9999 -9999 -9999 -9999 -9999 -9999 -9999 -9999 -9999 -9999 -9999 -9999 -9999 -9999 260 260 258 259 261 257 255 254 255 251 249 242 244 240 239 244 238 241 228 226 237 231 222 223 223 234 238 250 251 251 254 251 251 246 241 254 253 255 256 256 247 244 245 248 247 254 255 255 258 257 258 252 242 244 236 232 244 246 254 258 260 260 261
-9999 -9999 -9999 -9999 -9999 -9999 -9999 -9999 -9999 -9999 -9999 -9999 -9999 -9999 -9999 -9999 -9999 -9999 -9999 -9999 -9999 -9999 -9999 -9999 261 261 261 261 256 258 255 253 252 252 243 246 252 245 246 245 239 239 232 242 237 235 229 230 241 241 244 250 254 254 253 248 247 249 255 255 256 256 255 252 241 241 246 249 249 251 252 256 257 259 259 256 254 241 248 238 239 243 254 258 260 260
-9999 -9999 -9999 -9999 -9999 -9999 -9999 -9999 -9999 -9999 -9999 -9999 -9999 -9999 -9999 -9999 -9999 -9999 -9999 -9999 -9999 -9999 -9999 -9999 261 261 258 257 257 257 256 255 257 253 251 252 252 251 239 243 243 247 230 247 243 240 236 228 242 248 250 253 255 253 245 244 249 255 256 256 256 254 251 252 245 235 239 246 247 247 251 257 256 257 258 260 257 257 257 256 254 248 252 259 260 260
-9999 -9999 -9999 -9999 -9999 -9999 -9999 -9999 -9999 -9999 -9999 -9999 -9999 -9999 -9999 -9999 -9999 -9999 -9999 -9999 -9999 -9999 -9999 -9999 -9999 261 259 257 257 260 257 260 258 257 257 257 252 246 241 246 246 244 239 241 247 246 242 228 234 246 252 255 252 246 242 249 254 256 256 256 255 251 244 237 236 242 232 240 242 252 256 256 256 256 257 258 257 260 259 260 259 254 256 259 260 260
-9999 -9999 -9999 -9999 -9999 -9999 -9999 -9999 -9999 -9999 -9999 -9999 -9999 -9999 -9999 -9999 -9999 -9999 -9999 -9999 -9999 -9999 -9999 -9999 -9999 -9999 260 259 259 261 259 259 256 255 254 250 251 252 252 242 244 249 247 246 251 245 234 236 235 244 249 254 249 244 246 251 255 256 256 253 254 253 245 241 242 244 244 243 246 253 252 255 254 254 255 255 251 254 256 255 259 259 260 260 260 260
-9999 -9999 -9999 -9999 -9999 -9999 -9999 -9999 -9999 -9999 -9999 -9999 -9999 -9999 -9999 -9999 -9999 -9999 -9999 -9999 -9999 -9999 -9999 -9999 -9999 -9999 -9999 261 260 257 257 260 254 255 254 254 252 246 242 244 243 250 254 251 248 244 231 243 240 238 250 254 256 256 256 256 255 256 252 249 250 250 244 244 245 245 245 244 245 247 244 247 252 246 244 252 251 250 256 253 254 259 260 260 260 260
-9999 -9999 -9999 -9999 -9999 -9999 -9999 -9999 -9999 -9999 -9999 -9999 -9999 -9999 -9999 -9999 -9999 -9999 -9999 -9999 -9999 -9999 -9999 -9999 -9999 -9999 -9999 261 259 258 259 256 257 258 252 251 246 245 244 246 241 250 244 244 244 242 249 250 245 241 250 256 253 250 253 255 252 254 247 244 249 253 250 245 246 245 244 244 242 242 240 241 250 245 238 247 242 249 256 248 249 255 258 260 260 260
-9999 -9999 -9999 -9999 -9999 -9999 -9999 -9999 -9999 -9999 -9999 -9999 -9999 -9999 -9999 -9999 -9999 -9999 -9999 -9999 -9999 -9999 -9999 -9999 -9999 -9999 -9999 -9999 260 260 259 259 256 253 253 249 246 248 247 248 248 254 248 243 242 245 253 249 243 242 249 256 251 246 251 254 256 255 251 252 254 253 253 251 244 241 241 243 241 233 234 243 242 247 235 243 243 249 253 250 251 256 254 257 258 259
-9999 -9999 -9999 -9999 -9999 -9999 -9999 -9999 -9999 -9999 -9999 -9999 -9999 -9999 -9999 -9999 -9999 -9999 -9999 -9999 -9999 -9999 -9999 -9999 -9999 -9999 -9999 -9999 262 259 260 257 255 254 253 255 249 248 253 249 254 253 250 248 242 250 253 252 249 242 248 255 253 247 248 254 255 253 255 249 245 253 251 243 239 240 238 241 242 236 225 230 233 235 238 240 246 250 248 245 246 247 248 256 257 258
-9999 -9999 -9999 -9999 -9999 -9999 -9999 -9999 -9999 -9999 -9999 -9999 -9999 -9999 -9999 -9999 -9999 -9999 -9999 -9999 -9999 -9999 -9999 -9999 -9999 -9999 -9999 -9999 -9999 -9999 259 258 257 255 253 257 251 249 253 251 255 248 244 241 237 246 256 256 248 239 250 254 253 251 256 252 255 248 239 235 235 246 251 240 238 232 230 233 240 235 226 226 231 233 233 233 247 249 247 243 239 236 239 253 258 258
-9999 -9999 -9999 -9999 -9999 -9999 -9999 -9999 -9999 -9999 -9999 -9999 -9999 -9999 -9999 -9999 -9999 -9999 -9999 -9999 -9999 -9999 -9999 -9999 -9999 -9999 -9999 -9999 -9999 -9999 -9999 259 258 258 259 260 253 254 257 257 254 245 247 245 248 253 254 249 248 248 256 256 258 257 248 240 248 250 241 234 228 244 248 242 240 229 229 226 237 233 223 222 230 234 235 241 247 248 246 239 232 234 243 254 256 255
-9999 -9999 -9999 -9999 -9999 -9999 -9999 -9999 -9999 -9999 -9999 -9999 -9999 -9999 -9999 -9999 -9999 -9999 -9999 -9999 -9999 -9999 -9999 -9999 -9999 -9999 -9999 -9999 -9999 -9999 -9999 -9999 260 261 261 261 256 259 253 251 245 245 247 254 257 254 246 253 259 259 252 249 247 246 242 240 253 249 241 230 225 239 249 246 245 243 236 225 227 224 225 221 228 233 239 243 246 248 247 244 237 250 251 256 250 253
-9999 -9999 -9999 -9999 -9999 -9999 -9999 -9999 -9999 -9999 -9999 -9999 -9999 -9999 -9999 -9999 -9999 -9999 -9999 -9999 -9999 -9999 -9999 -9999 -9999 -9999 -9999 -9999 -9999 -9999 -9999 -9999 -9999 261 262 261 259 257 254 253 249 251 254 256 257 248 255 257 253 248 241 243 244 238 240 243 249 248 237 229 228 236 252 251 247 244 242 235 220 223 226 226 230 232 236 236 235 238 244 241 236 241 241 242 250 255
-9999 -9999 -9999 -9999 -9999 -9999 -9999 -9999 -9999 -9999 -9999 -9999 -9999 -9999 -9999 -9999 -9999 -9999 -9999 -9999 -9999 -9999 -9999 -9999 -9999 -9999 -9999 -9999 -9999 -9999 -9999 -9999 -9999 262 262 262 261 257 255 261 260 261 261 258 256 255 253 246 247 241 234 234 230 238 246 244 246 243 235 230 235 244 249 254 243 245 239 236 235 230 233 228 229 232 234 236 232 234 238 236 246 245 237 235 249 254
-9999 -9999 -9999 -9999 -9999 -9999 -9999 -9999 -9999 -9999 -9999 -9999 -9999 -9999 -9999 -9999 -9999 -9999 -9999 -9999 -9999 -9999 -9999 -9999 -9999 -9999 -9999 -9999 -9999 -9999 -9999 -9999 -9999 -9999 262 262 261 262 262 261 261 261 255 248 240 246 242 237 232 231 237 233 230 240 250 249 250 238 235 229 224 239 246 250 250 252 249 238 236 235 235 233 229 235 239 237 234 241 250 242 249 243 233 236 244 247
-9999 -9999 -9999 -9999 -9999 -9999 -9999 -9999 -9999 -9999 -9999 -9999 -9999 -9999 -9999 -9999 -9999 -9999 -9999 -9999 -9999 -9999 -9999 -9999 -9999 -9999 -9999 -9999 -9999 -9999 -9999 -9999 -9999 -9999 -9999 262 262 262 262 261 253 249 252 253 242 244 243 242 234 235 240 236 236 244 251 252 247 245 245 232 235 237 250 255 251 241 234 234 232 233 246 249 236 242 241 240 248 251 253 252 251 247 238 232 235 240
-9999 -9999 -9999 -9999 -9999 -9999 -9999 -9999 -9999 -9999 -9999 -9999 -9999 -9999 -9999 -9999 -9999 -9999 -9999 -9999 -9999 -9999 -9999 -9999 -9999 -9999 -9999 -9999 -9999 -9999 -9999 -9999 -9999 -9999 -9999 262 262 261 261 257 250 249 244 245 244 249 246 242 239 245 246 241 240 246 253 253 248 250 248 246 241 239 247 256 255 245 232 234 224 222 245 250 242 245 247 253 249 255 255 251 246 246 240 234 230 237
-9999 -9999 -9999 -9999 -9999 -9999 -9999 -9999 -9999 -9999 -9999 -9999 -9999 -9999 -9999 -9999 -9999 -9999 -9999 -9999 -9999 -9999 -9999 -9999 -9999 -9999 -9999 -9999 -9999 -9999 -9999 -9999 -9999 -9999 -9999 -9999 262 259 258 255 255 251 249 247 252 248 240 243 247 253 247 244 243 249 254 254 251 246 241 243 238 236 247 254 253 244 241 249 234 226 248 250 244 240 252 254 255 256 252 241 235 228 225 218 219 239
