worldclim/bio8_cr.asc
ncols        411
nrows        382
xllcorner    -85.979072453958
yllcorner    8.036441368777
cellsize     0.008333330000
NODATA_value  -9999
[rows 76 to 113 of 382, columns 86 to 171 of 411]
256 254 255 254 251 251 253 253 251 250 254 253 255 254 254 248 248 250 246 245 245 242 240 236 231 226 224 222 220 218 217 218 221 222 219 216 216 219 218 223 230 230 230 227 227 233 233 232 235 232 234 235 237 238 238 239 238 240 244 249 251 257 251 248 248 249 250 251 253 254 254 254 254 253 254 254 254 255 255 256 257 257 258 258 259 258
255 255 254 254 253 254 253 254 252 253 254 255 255 254 256 252 249 248 249 248 245 244 240 241 234 230 229 226 222 219 220 221 224 227 223 222 219 224 225 222 226 228 228 227 224 227 229 227 230 228 230 231 237 232 233 235 237 239 246 248 250 254 249 245 243 245 248 248 249 254 254 253 254 254 254 254 254 254 254 255 256 256 257 258 258 258
255 256 256 254 254 254 255 254 255 255 255 255 256 257 258 253 252 250 250 249 249 248 247 241 239 233 234 228 226 226 224 226 226 230 230 228 224 228 232 232 229 229 229 226 224 224 224 225 226 227 229 229 231 229 231 231 234 237 241 247 249 252 250 246 242 244 247 246 248 251 252 252 251 252 253 253 253 254 254 255 256 257 258 257 258 258
257 257 256 256 255 255 256 256 257 257 258 258 258 258 257 253 253 252 250 251 250 249 246 243 242 237 236 231 231 230 227 226 227 229 232 233 231 232 234 234 233 235 232 230 228 228 226 223 223 225 226 228 227 227 229 229 233 238 243 246 249 251 247 244 241 242 244 242 243 248 251 247 250 251 252 253 253 253 254 254 255 257 257 257 257 258
257 257 258 256 256 256 257 257 257 257 260 259 259 258 259 255 253 253 252 253 252 250 248 245 242 240 239 238 235 229 222 228 229 232 232 232 232 233 232 235 236 236 233 232 232 230 229 226 224 224 227 227 226 225 227 229 232 239 241 245 246 249 247 243 239 239 240 239 243 246 244 245 246 247 250 251 252 250 252 252 253 255 255 255 257 257
259 258 258 259 257 257 258 258 258 259 260 259 259 259 256 255 256 255 255 254 253 252 248 245 244 241 241 241 235 232 227 227 224 232 232 232 232 232 233 233 236 235 235 235 232 230 229 227 225 224 224 224 223 224 224 229 230 235 243 243 246 245 243 233 233 235 237 240 242 241 241 242 242 242 246 250 249 249 250 252 254 256 256 256 255 257
259 258 259 259 258 260 258 259 260 261 260 260 259 259 256 258 257 256 256 253 253 252 249 248 246 243 241 242 238 233 232 226 223 229 232 232 232 232 233 233 233 235 236 235 235 233 230 228 225 224 223 222 221 222 224 226 230 232 238 240 243 239 235 234 236 237 235 236 238 238 241 244 245 245 246 248 251 252 252 253 253 251 253 257 258 257
259 259 260 260 260 260 260 260 261 261 261 262 261 260 258 258 257 256 257 253 253 253 252 247 244 245 243 242 239 236 235 227 224 224 230 231 233 232 232 233 233 233 235 236 235 235 234 229 227 226 224 222 220 221 222 223 225 230 232 237 238 231 231 229 231 235 237 240 241 246 246 247 247 249 249 251 252 252 253 254 256 257 255 254 257 259
259 260 260 260 261 261 261 261 262 261 262 262 262 260 259 258 257 256 258 253 255 253 252 250 245 245 244 242 242 238 232 229 226 224 225 226 229 232 232 231 233 233 233 235 235 235 235 235 232 229 225 224 221 221 222 223 223 224 226 234 232 229 230 232 233 239 243 242 244 244 245 251 250 252 253 255 254 256 255 257 257 256 257 256 257 258
259 260 260 260 261 261 262 262 262 262 263 262 262 259 261 259 258 260 255 252 253 252 253 249 246 245 243 243 242 238 235 229 229 230 226 225 226 231 231 231 233 233 233 233 235 235 235 235 234 234 229 225 222 221 220 221 221 222 222 225 223 229 232 239 240 243 240 241 243 245 248 249 250 250 254 254 255 256 257 258 258 258 259 258 259 260
260 260 261 261 262 262 263 262 262 262 263 262 263 261 263 260 260 256 259 253 251 256 257 252 247 247 242 241 240 237 234 230 234 233 228 224 224 225 225 229 229 228 232 233 233 235 235 235 235 235 232 225 223 222 221 221 222 222 223 223 225 225 234 239 238 238 239 239 245 246 248 248 249 250 252 254 255 257 257 258 259 260 260 260 260 261
260 260 261 262 262 262 263 262 262 263 263 263 263 264 263 262 261 259 261 259 257 251 250 248 251 247 243 241 239 237 235 234 236 234 233 227 226 223 223 221 221 223 227 231 230 230 232 235 235 235 234 228 224 224 222 222 222 225 225 227 233 237 236 235 236 234 233 232 241 244 246 248 249 250 252 252 255 256 257 258 259 259 260 260 260 260
260 261 261 262 262 262 263 263 263 264 264 263 264 264 264 263 263 264 260 261 260 257 250 248 247 247 244 242 240 237 237 237 237 237 234 232 229 224 223 221 217 218 223 223 219 218 224 230 234 234 235 230 228 228 226 225 226 225 230 234 237 236 236 232 231 230 225 231 239 240 245 247 249 251 252 253 253 254 257 258 258 260 260 260 261 261
261 261 261 262 262 262 263 263 264 264 264 264 264 265 264 264 264 263 264 260 262 260 250 247 247 247 247 241 240 242 241 243 239 237 235 233 231 225 221 217 214 214 222 218 216 216 216 225 231 234 234 234 233 230 230 226 228 229 234 234 235 236 235 231 225 219 216 217 229 238 244 246 248 250 250 252 253 251 252 253 254 256 256 257 261 261
262 262 262 263 263 263 264 264 263 263 264 264 265 265 264 264 265 264 263 262 262 261 258 256 258 255 245 246 243 249 246 244 240 235 235 235 230 228 223 218 217 213 213 211 217 217 215 223 230 235 235 235 235 234 234 234 234 234 234 234 234 235 234 232 225 207 187 200 224 238 242 245 248 249 252 252 253 252 253 254 255 255 255 257 256 256
262 262 262 263 263 263 263 264 264 264 265 265 265 265 265 265 264 264 264 261 260 257 254 251 252 250 256 252 253 252 245 247 244 240 236 232 229 226 221 217 214 212 209 213 214 220 222 223 231 232 232 235 235 234 235 234 234 234 234 235 235 235 235 232 226 218 204 214 221 232 238 243 246 249 251 252 251 253 254 255 255 256 255 256 256 256
262 262 263 263 263 263 264 264 264 264 264 264 265 265 265 265 265 265 264 264 262 257 255 256 253 255 252 251 251 246 242 244 242 236 234 230 228 225 221 216 212 210 210 215 219 219 223 224 231 231 225 228 230 234 234 234 234 234 234 234 234 234 234 233 231 227 224 219 210 225 235 242 242 245 247 251 252 254 254 254 255 256 255 256 256 256
261 262 263 263 263 264 264 264 264 265 264 265 265 265 266 265 265 265 265 264 263 261 260 261 261 259 254 256 256 254 247 241 241 238 235 232 229 225 222 216 210 210 210 213 218 223 227 228 228 227 226 227 224 223 229 229 231 234 234 234 234 234 234 234 233 229 225 226 207 221 236 238 238 241 246 249 248 251 254 255 256 256 256 256 257 257
263 264 263 263 263 264 264 264 264 265 265 266 266 266 265 266 265 265 264 263 263 263 257 256 250 246 249 245 245 249 253 249 244 238 237 227 225 225 222 218 215 211 211 212 218 228 226 224 226 221 219 221 219 226 227 224 224 234 234 234 234 234 233 230 226 225 226 225 222 227 229 231 232 233 239 243 247 249 251 253 253 254 255 256 256 256
263 264 264 264 264 264 264 264 264 265 265 265 266 266 266 266 265 265 265 265 264 263 258 254 248 246 242 245 239 242 246 251 248 248 242 237 237 230 223 218 213 212 209 211 210 216 222 219 222 220 212 204 210 213 219 217 223 228 232 227 230 230 227 221 213 212 213 212 220 221 218 223 225 229 235 241 246 246 247 250 252 254 255 256 256 256
263 264 264 264 265 265 264 264 265 265 265 265 266 266 265 265 265 265 265 265 264 261 258 258 251 247 245 240 233 238 242 244 247 242 246 242 240 235 231 218 214 210 210 210 205 211 222 219 211 212 206 201 202 208 209 210 212 220 228 226 225 223 224 213 208 204 206 204 213 218 207 207 210 223 230 236 242 246 246 249 252 253 254 255 255 255
263 263 263 264 265 265 265 264 265 265 265 265 265 266 265 265 266 265 265 265 264 261 261 259 251 254 251 247 239 239 237 233 244 243 236 232 236 239 230 221 216 213 212 211 202 207 212 213 205 201 203 198 198 207 217 217 224 227 227 223 215 216 210 212 213 209 204 208 208 203 199 197 205 220 230 237 240 245 245 249 250 252 254 254 254 254
260 264 264 263 265 265 265 265 265 265 265 265 265 266 265 265 266 266 266 265 264 264 261 254 257 253 251 249 243 247 241 237 238 238 237 232 229 228 235 228 222 212 214 209 204 200 211 218 205 205 202 200 193 199 204 211 211 223 223 211 206 203 210 205 201 207 199 203 203 199 200 211 208 216 232 235 237 244 245 247 251 253 254 253 253 254
260 263 263 262 263 265 265 266 265 265 265 265 265 265 265 265 265 266 266 266 265 265 262 253 257 255 254 254 251 249 241 238 233 230 228 230 226 225 235 229 226 221 216 210 202 200 204 210 212 203 205 202 196 194 197 203 212 221 222 208 202 196 195 200 201 199 191 193 197 200 205 212 217 224 224 230 241 242 243 245 249 252 252 252 254 254
264 263 264 265 264 264 265 265 266 266 265 265 265 265 265 265 265 265 266 266 265 265 265 264 254 256 258 251 246 239 238 230 230 228 227 229 219 223 230 220 215 220 216 212 206 198 195 203 206 193 193 204 195 190 196 208 216 219 211 205 199 190 189 184 190 189 194 204 203 209 217 216 211 215 223 231 240 241 243 243 246 251 252 252 253 254
264 264 264 265 265 265 265 265 266 266 265 265 265 265 265 266 266 265 265 265 265 264 262 259 258 260 253 244 237 234 239 231 230 230 226 225 218 216 225 219 206 213 220 213 208 203 197 194 196 191 188 192 190 188 189 204 204 211 215 197 193 187 182 178 183 185 193 206 211 217 225 228 224 224 230 233 239 239 242 243 247 249 250 251 253 251
264 264 264 264 265 265 265 266 266 266 265 265 265 265 266 266 266 265 265 266 266 264 263 262 263 261 252 251 245 239 241 232 231 237 236 227 220 212 219 213 210 212 216 216 209 205 197 196 194 190 183 189 187 186 186 194 196 200 208 204 192 182 178 173 183 184 191 199 197 209 219 233 232 235 240 243 240 234 240 243 245 248 250 250 250 251
264 264 264 264 264 264 265 266 266 266 265 265 265 265 265 265 265 265 265 266 264 264 263 262 262 256 258 258 255 251 241 235 243 242 239 235 226 224 228 220 207 205 212 210 210 209 206 202 198 191 185 186 186 184 183 181 178 200 204 205 193 186 182 180 190 189 196 197 202 209 216 225 234 237 230 226 228 233 239 241 246 247 248 250 251 252
264 264 264 265 264 264 265 266 266 266 265 266 265 265 265 266 265 265 265 265 265 264 264 263 262 260 259 259 249 246 246 246 245 237 234 231 229 231 234 220 215 207 209 211 205 203 207 209 200 190 185 184 184 182 181 178 178 186 190 189 190 185 182 184 192 196 205 203 209 213 221 234 236 232 217 214 222 230 237 242 244 248 249 249 250 252
259 262 259 263 264 264 265 265 266 266 266 266 266 266 265 265 266 266 265 265 264 264 263 262 260 260 257 257 254 255 253 247 244 237 234 234 234 237 230 220 215 217 208 207 204 205 203 205 200 193 187 184 185 181 176 176 177 181 182 183 183 180 183 193 197 206 211 208 214 224 232 226 231 224 220 212 215 225 232 238 243 246 247 249 250 251
262 263 262 261 261 262 265 265 265 266 266 266 266 265 266 265 265 265 266 265 264 260 259 260 258 260 261 260 258 254 252 246 243 239 237 236 240 233 230 225 219 218 218 217 214 207 205 202 200 193 188 188 186 183 171 174 173 177 177 177 179 185 189 185 207 213 216 214 220 228 223 215 215 217 212 213 218 224 233 239 241 245 246 248 251 251
263 263 263 264 264 265 264 264 265 266 266 266 266 265 266 265 265 265 265 265 264 264 264 262 263 262 260 257 253 249 250 249 246 242 241 241 238 236 232 222 233 230 228 226 217 213 209 202 192 194 196 191 187 182 176 170 173 170 175 179 182 188 197 203 211 219 225 223 221 218 214 203 196 203 215 212 217 224 233 237 237 241 245 245 249 250
263 264 263 264 264 265 265 265 265 265 266 266 266 265 265 266 265 265 264 265 264 264 264 263 263 263 260 258 257 248 252 249 250 246 245 242 235 236 234 230 237 232 233 223 218 211 209 207 197 201 197 194 190 186 182 175 175 178 183 187 187 192 201 212 217 220 219 217 210 209 199 204 215 216 215 225 228 231 229 235 235 239 243 244 246 247
263 263 264 264 264 264 264 265 265 265 265 266 266 266 266 266 265 266 266 265 265 264 265 263 263 260 261 259 260 256 254 251 255 252 245 245 243 241 236 232 231 240 238 223 226 214 215 210 202 209 198 200 193 189 184 182 176 179 191 195 199 206 215 215 216 210 212 210 205 205 200 208 210 214 208 211 224 228 231 230 231 233 239 243 245 246
263 263 263 264 264 264 264 264 265 265 265 265 266 266 266 266 266 265 265 265 265 265 264 264 264 262 261 261 260 258 251 256 255 257 251 248 247 239 238 235 234 238 233 232 232 224 217 219 210 214 206 208 191 189 185 182 183 184 198 202 206 206 203 204 207 204 206 205 193 192 190 200 201 198 202 214 217 221 226 224 229 233 235 239 244 242
263 263 263 263 263 263 264 264 264 265 265 265 265 266 266 266 265 264 265 265 265 265 264 264 263 261 261 260 258 255 257 254 250 258 258 258 254 247 245 247 245 244 242 236 231 225 224 226 222 218 210 211 211 197 203 199 189 183 194 201 199 195 197 199 198 193 202 194 184 181 189 194 190 199 205 210 218 214 225 225 226 232 234 237 239 238
263 263 264 263 263 264 264 265 264 265 265 265 265 265 265 265 265 265 265 265 265 264 265 264 264 263 260 260 260 258 260 260 255 259 260 257 258 256 253 249 240 234 235 228 225 232 229 230 219 209 206 215 218 214 205 205 195 185 183 190 187 184 194 187 182 183 194 187 181 178 184 187 195 200 202 209 206 213 218 223 226 231 234 236 236 236
262 263 263 264 263 264 263 264 264 264 264 264 265 264 265 264 264 264 264 265 264 264 264 264 261 264 263 261 261 260 261 261 261 259 259 259 258 253 250 243 236 229 233 235 230 230 236 231 214 213 206 221 222 215 211 201 192 183 180 181 187 176 175 177 170 175 182 183 184 181 184 189 199 208 212 217 218 222 225 229 230 233 237 229 232 236
