worldclim/bio8_cr.asc
ncols        411
nrows        382
xllcorner    -85.979072453958
yllcorner    8.036441368777
cellsize     0.008333330000
NODATA_value  -9999
[rows 38 to 75 of 382, columns 86 to 171 of 411]
239 239 244 254 253 252 259 260 260 260 265 265 265 264 264 263 262 265 264 264 265 265 265 264 265 265 265 265 265 266 266 266 266 265 265 265 265 265 265 266 265 265 265 265 265 265 264 264 265 264 264 264 263 263 264 264 263 263 263 263 263 263 262 262 263 263 263 262 261 261 262 261 261 261 261 261 261 262 261 261 261 261 261 261 261 261
238 239 245 255 250 245 256 258 260 260 260 264 264 265 264 263 262 264 265 265 265 265 265 265 265 265 265 265 265 265 266 266 266 265 265 265 266 265 265 265 265 265 265 265 265 265 264 264 265 264 264 264 264 263 263 264 264 264 264 264 263 262 262 262 262 263 263 263 261 261 261 261 261 261 261 261 261 261 262 261 261 261 261 261 261 261
240 240 241 254 249 244 245 254 257 260 260 259 264 264 264 253 254 264 264 264 265 265 265 265 265 265 265 265 265 265 266 266 265 265 265 265 265 265 265 266 265 265 265 265 265 265 264 265 265 265 264 264 264 264 264 264 264 264 263 263 263 262 262 262 262 263 263 262 262 261 261 261 261 261 261 261 261 261 261 262 260 261 260 261 261 261
234 239 240 243 253 249 239 246 253 258 257 259 258 263 262 247 257 264 263 263 264 265 264 264 265 264 265 265 264 264 265 266 265 265 265 265 265 266 265 264 265 265 265 265 265 265 265 265 265 265 264 264 264 264 264 264 264 263 263 263 263 262 263 263 263 263 263 263 262 262 261 261 261 261 261 261 261 261 261 261 261 260 261 260 261 260
236 241 243 243 243 250 244 236 245 251 251 253 257 255 255 247 248 262 260 262 263 264 264 264 265 264 265 265 264 263 263 263 265 265 265 264 264 264 264 264 264 264 264 265 265 265 263 263 264 265 264 264 264 264 264 264 264 263 263 263 262 262 263 263 263 263 262 262 261 261 261 261 261 261 261 261 261 261 260 261 260 260 261 261 261 260
237 241 243 242 244 246 247 240 236 240 235 246 249 253 252 249 249 253 257 261 263 264 264 264 264 264 264 264 263 263 263 264 264 264 264 264 264 264 264 264 264 264 263 264 265 265 264 263 264 263 264 264 264 264 264 264 264 263 263 263 263 263 263 263 263 263 263 263 261 262 262 262 261 261 261 261 261 261 261 261 260 260 260 261 261 261
236 239 241 244 244 244 245 243 235 235 235 240 241 248 248 246 247 249 253 256 263 264 264 264 263 263 264 263 264 264 263 262 263 263 263 263 264 264 264 265 264 264 263 264 265 264 264 265 263 264 264 264 264 264 264 264 264 264 263 263 263 263 263 263 263 262 263 262 262 262 262 262 260 261 260 261 261 260 261 260 260 260 260 260 261 261
234 238 241 242 245 245 245 245 244 239 235 234 234 237 240 245 244 249 248 252 258 263 263 263 263 263 264 264 263 263 263 261 261 262 262 264 263 264 264 264 263 263 264 264 264 264 264 264 265 264 265 264 264 264 264 264 264 263 263 263 263 263 263 263 263 262 263 263 262 262 261 261 260 261 261 261 260 260 260 261 260 260 260 260 261 261
235 239 242 243 244 245 245 245 243 242 242 237 230 229 236 240 244 243 245 250 253 261 261 262 262 263 264 264 263 262 262 261 261 261 262 262 262 263 263 263 263 263 263 264 264 264 264 264 264 264 264 264 264 264 264 264 264 264 263 263 263 263 263 263 263 263 262 263 263 262 262 262 260 260 260 260 260 260 260 260 260 260 260 260 260 261
232 238 242 243 244 244 243 243 243 241 240 237 237 229 237 235 235 237 243 246 249 253 257 260 261 263 264 263 262 261 261 261 261 261 261 262 261 262 263 262 263 263 263 263 262 264 264 264 264 264 264 264 264 264 264 264 264 263 263 263 263 263 263 263 263 263 263 263 263 262 262 262 261 261 260 260 260 260 260 260 260 260 260 260 260 261
230 238 242 243 244 244 244 243 242 240 238 237 235 229 233 231 231 236 237 242 245 250 255 257 261 262 263 263 261 262 261 262 262 261 261 261 261 262 262 262 262 262 264 263 263 264 264 264 264 264 264 264 264 264 264 264 264 263 263 263 263 263 263 263 263 263 263 263 263 263 262 262 262 261 261 259 259 259 260 260 260 260 259 260 260 261
224 236 241 242 240 236 237 239 238 239 238 233 233 229 226 226 228 230 234 236 242 248 252 256 257 261 261 262 254 257 256 261 259 260 260 261 261 261 261 262 262 262 264 263 263 263 264 264 264 265 264 264 264 264 264 264 263 263 263 263 263 263 263 263 263 263 263 263 263 262 262 262 261 262 261 260 259 259 259 259 260 259 260 259 260 261
225 233 237 233 232 224 233 238 236 236 233 231 230 223 217 216 223 228 228 236 238 244 248 252 252 254 260 256 254 251 252 258 259 259 260 260 261 261 261 261 262 262 262 263 262 264 263 263 263 264 264 264 264 264 264 264 263 263 263 263 263 263 263 263 263 263 262 262 262 263 262 262 261 261 262 260 259 259 259 259 258 259 259 259 260 261
227 235 232 223 225 224 227 236 235 234 232 225 221 217 208 204 208 218 231 234 233 232 242 246 249 251 254 251 254 253 250 253 258 258 259 260 260 260 261 260 261 261 261 263 263 264 263 263 263 265 264 264 264 263 264 264 264 263 263 263 263 263 263 263 263 263 263 262 262 262 261 261 261 261 261 260 260 260 259 258 258 259 259 260 261 261
229 228 221 229 230 230 230 233 233 232 228 224 215 207 196 188 196 202 208 225 230 230 236 241 243 248 251 248 249 252 254 249 251 254 252 256 255 260 260 261 260 260 260 262 262 263 264 264 265 263 264 263 264 264 264 264 264 263 263 263 263 263 263 263 262 262 263 262 262 262 262 261 262 260 260 261 260 259 258 259 259 259 259 259 261 261
226 225 222 229 230 230 230 230 230 226 220 212 206 197 183 181 178 190 206 216 224 229 228 234 239 239 246 244 247 248 245 244 247 249 249 251 252 255 259 260 259 260 261 260 262 262 262 262 263 264 263 264 264 264 264 264 264 263 263 263 263 263 263 262 262 262 262 262 262 261 261 261 261 260 260 261 259 259 259 259 259 259 259 259 260 261
223 222 223 228 230 230 230 228 227 220 209 197 195 183 178 167 167 189 204 214 224 228 232 235 237 241 243 244 245 243 243 243 243 246 244 244 249 252 256 256 260 259 260 260 261 261 262 262 262 263 263 264 263 264 264 264 264 263 263 263 263 263 263 263 261 262 262 262 262 261 261 261 261 261 260 260 260 259 259 259 259 259 259 259 260 261
223 224 228 229 230 230 230 228 225 210 209 186 178 167 171 179 184 196 208 217 227 231 235 239 240 237 237 240 240 240 238 240 240 242 245 244 247 252 256 258 259 260 260 261 262 262 262 262 263 262 263 263 264 264 264 263 264 263 263 263 263 263 263 263 262 262 261 262 262 261 261 260 261 260 260 261 260 259 259 259 259 259 259 260 259 261
228 229 229 229 230 230 229 227 221 213 198 179 164 164 174 191 196 208 217 224 228 231 236 239 240 238 235 232 232 235 238 239 239 239 243 245 244 248 253 257 258 258 260 261 262 261 262 262 262 262 263 263 263 263 263 263 263 264 263 263 263 263 263 262 262 262 262 261 261 262 261 260 260 260 261 260 259 259 259 260 259 259 259 259 260 260
228 229 229 229 230 229 228 228 224 216 195 185 173 175 179 183 192 199 210 221 227 228 236 240 240 239 231 229 231 231 237 239 237 235 241 244 243 247 254 256 257 259 261 261 262 262 261 262 262 263 263 263 263 263 264 264 263 263 263 263 263 262 262 262 262 262 261 261 261 262 262 260 260 259 260 260 260 260 259 259 259 259 260 260 261 260
225 228 230 230 229 229 229 229 223 218 207 198 191 187 183 181 185 188 205 216 228 234 239 240 239 239 225 224 227 229 230 235 230 230 232 241 243 249 254 255 257 259 260 261 261 261 261 261 263 263 263 263 263 263 263 263 263 263 263 263 263 263 262 262 261 262 262 261 261 261 262 260 260 260 260 260 259 259 259 260 260 260 259 259 260 260
225 230 230 230 230 230 229 229 223 222 214 211 202 197 190 180 186 195 204 209 219 234 238 236 235 233 230 223 223 225 227 233 230 229 233 237 239 249 250 255 256 259 259 261 261 261 261 261 263 263 263 263 263 263 263 263 263 263 263 263 263 263 263 263 262 262 261 261 261 261 261 262 259 260 260 260 260 260 260 260 260 260 259 259 259 259
227 231 231 230 230 230 229 228 225 222 218 213 204 202 194 188 188 194 199 214 220 233 237 233 236 229 222 215 221 220 221 213 228 229 234 234 242 247 251 254 256 258 259 260 261 261 261 262 262 262 263 263 263 263 263 263 263 263 263 263 263 263 263 262 262 262 261 261 260 260 260 261 261 260 259 259 259 259 259 259 260 259 259 259 259 259
227 231 231 231 231 231 229 228 225 221 220 217 215 205 202 195 191 196 204 213 225 233 234 234 230 225 216 198 202 212 223 224 226 230 233 236 241 248 251 252 256 258 259 260 259 261 261 263 262 264 264 263 263 263 263 263 263 263 263 263 263 263 263 262 262 261 261 261 260 260 260 261 261 259 259 259 259 259 259 259 260 259 260 259 260 259
230 229 229 230 231 234 233 229 227 225 221 226 221 216 209 200 200 202 213 219 229 234 234 233 228 221 206 197 193 208 216 218 220 224 232 239 240 246 250 253 257 258 259 259 261 262 262 263 263 263 264 264 263 263 263 263 262 263 263 263 263 262 263 263 262 262 261 261 260 260 261 259 260 259 258 258 259 259 259 259 258 259 258 259 259 259
234 233 231 230 232 237 236 232 231 230 228 228 227 220 214 209 212 212 220 225 235 235 235 232 225 216 199 192 191 201 203 213 214 218 225 234 239 245 248 252 255 258 259 260 261 262 263 263 264 264 264 264 263 263 263 263 263 263 263 263 263 263 262 262 262 261 262 261 260 260 261 259 259 261 259 258 258 258 258 258 259 259 259 259 259 259
237 236 238 234 234 238 237 236 231 236 234 232 229 226 221 213 212 221 226 230 234 235 235 229 228 209 205 191 179 186 190 208 207 209 224 229 237 244 247 254 253 255 259 260 261 262 263 263 264 264 263 263 263 263 263 263 262 263 263 263 263 262 262 262 261 261 262 261 260 260 260 259 259 260 259 258 258 258 259 258 259 259 259 259 260 259
239 237 238 238 235 237 237 237 236 236 235 235 229 224 216 213 215 223 234 234 235 234 233 232 222 216 200 188 172 166 181 190 199 205 214 230 235 240 247 248 251 254 257 259 262 263 263 264 264 263 263 263 263 263 263 263 263 263 263 263 263 263 262 261 260 261 261 261 260 259 259 261 259 258 258 258 258 258 258 258 259 259 259 258 259 258
240 239 238 239 240 237 238 236 237 237 235 233 228 226 222 222 225 230 235 236 237 237 233 229 224 216 206 196 184 175 182 191 198 207 212 226 234 242 241 242 248 247 255 258 261 263 263 264 264 264 263 263 263 263 263 263 263 263 263 263 263 262 262 261 260 261 260 261 262 260 259 258 260 258 258 257 258 257 258 258 258 258 259 258 258 258
240 239 241 242 243 240 239 239 236 235 235 234 234 231 230 230 233 236 240 239 237 235 233 228 224 214 210 204 196 197 192 196 203 213 214 229 231 239 238 241 244 250 253 257 260 259 260 262 264 264 264 264 263 264 263 263 263 263 263 263 262 262 262 262 260 260 262 260 260 259 259 258 258 258 257 257 257 257 257 257 258 258 258 258 258 258
244 243 242 245 244 243 240 241 240 239 240 238 238 235 236 236 240 241 242 240 238 235 231 229 225 219 216 210 206 202 198 204 210 215 218 226 232 238 235 237 240 244 249 253 250 255 257 260 262 263 263 263 263 263 262 262 262 262 262 263 262 261 261 260 260 259 260 260 260 261 258 259 257 258 257 257 257 258 258 257 258 258 258 258 258 258
245 244 245 244 248 245 243 243 244 242 242 241 241 240 241 240 242 244 241 240 238 235 232 229 226 223 219 216 216 209 206 211 215 220 225 230 234 238 236 227 237 243 247 246 245 250 252 253 257 261 260 261 262 262 262 261 259 261 260 260 262 261 259 260 261 262 258 259 259 259 259 259 257 257 257 256 256 256 257 258 258 257 258 258 259 258
247 248 248 246 249 248 246 245 246 243 244 245 244 244 244 244 243 242 242 239 238 237 231 231 229 227 225 221 217 215 207 210 213 222 227 226 224 232 235 225 233 236 240 242 244 249 250 253 253 256 257 259 258 260 259 259 258 259 260 260 259 261 260 259 259 259 257 258 257 257 259 257 257 257 256 256 256 257 257 258 258 257 258 258 258 258
250 251 249 249 248 250 248 248 249 248 245 248 245 246 246 247 245 243 241 240 240 234 233 232 231 230 225 223 219 215 207 207 207 219 219 217 224 232 231 222 226 231 237 240 244 247 250 252 254 254 253 254 257 253 254 253 256 255 256 259 260 259 261 260 261 258 260 258 258 258 258 258 257 256 257 257 256 256 256 257 256 258 257 258 259 258
252 253 251 250 250 251 250 249 249 249 248 250 249 250 249 246 245 243 243 242 240 236 236 234 233 231 229 225 219 216 213 212 212 211 211 214 224 227 226 222 221 231 234 237 239 246 247 252 251 252 252 254 252 248 247 249 251 253 256 254 258 256 257 260 260 259 258 258 258 257 257 257 257 256 256 257 256 256 256 258 257 257 257 257 259 259
254 254 254 252 250 252 253 250 251 250 249 249 251 250 251 249 246 244 243 241 241 239 239 235 229 229 227 223 218 216 208 207 203 201 201 209 219 216 219 224 218 225 227 232 237 241 245 245 248 247 249 250 246 243 242 242 250 249 251 253 256 259 260 259 258 258 258 257 257 255 255 254 255 257 256 257 257 256 256 256 256 258 257 257 258 258
254 256 255 253 249 251 253 252 251 251 251 251 252 251 253 251 245 246 244 243 241 240 239 233 226 227 223 221 218 214 214 209 207 205 205 203 209 214 220 225 229 222 225 231 235 238 241 240 242 244 244 247 249 243 237 241 244 244 247 249 252 257 254 256 256 255 257 256 256 255 254 254 254 254 254 256 254 256 256 257 257 257 258 257 258 258
255 255 256 254 251 250 249 252 251 251 252 252 252 253 253 250 246 247 245 244 243 240 240 236 231 227 222 221 219 215 215 214 217 216 215 211 214 214 216 224 229 229 229 229 232 235 236 238 238 234 241 238 244 241 239 239 240 242 244 249 252 258 250 251 251 253 254 254 255 255 255 254 254 254 254 254 254 254 256 256 257 258 257 258 259 258
