worldclim/bio8_cr.asc
ncols        411
nrows        382
xllcorner    -85.979072453958
yllcorner    8.036441368777
cellsize     0.008333330000
NODATA_value  -9999
[rows 152 to 189 of 382, columns 86 to 171 of 411]
245 246 241 248 238 247 256 257 257 249 249 248 253 256 256 252 254 255 253 252 247 249 243 238 247 260 261 262 263 -9999 -9999 -9999 -9999 -9999 -9999 -9999 -9999 -9999 -9999 -9999 -9999 -9999 -9999 -9999 -9999 -9999 -9999 -9999 -9999 -9999 -9999 -9999 -9999 -9999 -9999 -9999 -9999 -9999 -9999 -9999 -9999 -9999 -9999 262 261 264 256 256 257 252 258 261 259 256 255 254 256 255 256 254 254 258 254 254 253 253
228 230 236 239 241 254 249 253 254 254 248 249 247 247 249 250 255 254 256 254 254 251 247 241 245 254 261 261 260 262 263 263 -9999 263 263 264 264 -9999 -9999 -9999 -9999 260 261 262 -9999 -9999 -9999 -9999 -9999 -9999 -9999 -9999 -9999 -9999 -9999 -9999 -9999 -9999 -9999 -9999 -9999 -9999 -9999 -9999 259 257 264 263 256 256 255 259 263 258 256 255 256 255 256 255 254 259 254 254 255 254
235 241 243 237 238 242 249 253 255 253 244 243 243 244 246 253 252 254 257 256 246 246 245 248 254 255 261 250 255 261 262 262 262 260 260 261 260 261 263 -9999 -9999 -9999 -9999 -9999 -9999 -9999 -9999 -9999 -9999 -9999 -9999 -9999 -9999 -9999 -9999 -9999 -9999 -9999 -9999 -9999 -9999 -9999 -9999 -9999 -9999 264 264 264 261 260 261 263 260 257 256 256 256 257 257 257 255 255 256 256 254 255
237 252 251 241 238 251 253 255 256 257 254 249 243 250 250 254 255 254 257 255 251 247 245 253 253 259 260 246 252 260 261 262 260 260 255 256 256 256 258 261 263 -9999 -9999 -9999 -9999 -9999 -9999 -9999 -9999 -9999 -9999 -9999 -9999 -9999 -9999 -9999 -9999 -9999 -9999 -9999 -9999 -9999 -9999 -9999 -9999 -9999 264 264 263 259 263 261 259 257 257 258 257 258 259 258 256 255 255 256 257 256
254 250 254 255 246 253 252 248 254 257 253 247 248 254 250 255 258 257 258 247 245 239 239 247 257 259 259 253 252 256 259 260 259 255 251 252 254 255 259 260 264 -9999 -9999 -9999 -9999 -9999 -9999 -9999 -9999 -9999 -9999 -9999 -9999 -9999 -9999 -9999 -9999 -9999 -9999 -9999 -9999 -9999 -9999 -9999 -9999 263 256 256 263 263 263 263 260 263 258 258 258 257 259 259 256 256 256 255 256 256
251 255 254 257 255 255 255 245 251 257 250 245 253 254 253 252 258 255 250 247 240 233 243 250 255 257 258 257 254 257 258 258 254 249 252 253 255 258 260 257 260 -9999 -9999 -9999 -9999 -9999 -9999 -9999 -9999 -9999 -9999 -9999 -9999 -9999 -9999 -9999 -9999 -9999 -9999 -9999 -9999 -9999 -9999 -9999 262 256 256 255 263 263 262 261 260 261 258 258 258 259 258 258 256 256 256 255 256 256
243 239 250 255 257 257 257 252 253 252 258 253 255 253 252 252 259 254 253 254 251 248 248 246 251 256 257 254 256 253 254 250 245 248 252 256 259 262 260 -9999 -9999 -9999 -9999 -9999 -9999 -9999 -9999 -9999 -9999 -9999 -9999 -9999 -9999 -9999 -9999 -9999 -9999 -9999 -9999 -9999 -9999 -9999 -9999 264 261 257 257 261 264 264 263 262 261 258 259 258 259 257 257 258 256 257 256 255 256 258
245 245 250 248 257 258 257 253 256 257 258 257 257 257 254 254 259 259 256 255 256 251 247 247 244 252 251 251 253 248 244 237 232 241 247 245 254 261 263 -9999 -9999 -9999 -9999 -9999 -9999 -9999 -9999 -9999 -9999 -9999 -9999 -9999 -9999 -9999 -9999 -9999 -9999 -9999 -9999 -9999 -9999 -9999 -9999 -9999 258 258 259 264 264 263 263 263 261 260 260 257 255 257 258 258 258 257 257 255 257 258
247 254 255 247 256 258 258 255 252 255 259 258 255 259 259 259 258 258 258 257 255 254 255 248 244 248 249 250 248 244 240 246 241 242 243 249 252 258 262 -9999 -9999 -9999 -9999 -9999 -9999 -9999 -9999 -9999 -9999 -9999 -9999 -9999 -9999 -9999 -9999 -9999 -9999 -9999 -9999 -9999 -9999 -9999 -9999 -9999 -9999 -9999 263 263 263 263 263 263 262 260 259 256 255 258 259 258 257 257 256 255 258 259
250 256 258 259 258 258 258 256 255 254 256 259 259 260 255 252 251 252 258 257 257 256 256 245 245 245 247 243 240 246 246 250 252 256 257 258 258 262 259 260 -9999 -9999 -9999 -9999 -9999 -9999 -9999 -9999 -9999 -9999 -9999 -9999 -9999 -9999 -9999 -9999 -9999 -9999 -9999 -9999 -9999 -9999 -9999 -9999 -9999 -9999 -9999 263 262 262 262 264 262 263 260 261 259 258 259 259 258 257 256 257 259 262
253 255 258 259 259 255 258 258 259 256 259 260 255 255 249 248 254 244 247 253 249 249 252 249 245 240 238 228 236 238 248 250 251 253 256 258 259 261 262 262 -9999 -9999 -9999 -9999 -9999 -9999 -9999 -9999 -9999 -9999 -9999 -9999 -9999 -9999 -9999 -9999 -9999 -9999 -9999 -9999 -9999 -9999 -9999 -9999 -9999 -9999 -9999 263 263 262 261 260 261 263 261 261 260 260 260 259 258 257 256 258 260 261
255 257 258 258 259 256 252 256 259 259 259 252 247 251 247 238 244 240 244 248 243 245 245 241 245 243 236 233 235 237 241 242 246 246 252 252 257 259 262 263 261 -9999 -9999 -9999 -9999 -9999 -9999 -9999 -9999 -9999 -9999 -9999 -9999 -9999 -9999 -9999 -9999 -9999 -9999 -9999 -9999 -9999 -9999 -9999 -9999 -9999 -9999 -9999 264 263 262 261 259 259 259 259 259 257 258 258 257 256 258 263 263 262
257 259 259 260 258 251 251 257 259 258 254 245 251 247 245 241 236 233 239 238 242 239 241 245 244 241 232 233 237 241 248 248 248 248 248 252 254 258 263 263 -9999 -9999 -9999 -9999 -9999 262 -9999 -9999 -9999 -9999 -9999 -9999 -9999 -9999 -9999 -9999 -9999 -9999 -9999 -9999 -9999 -9999 -9999 -9999 -9999 -9999 -9999 -9999 -9999 263 261 261 260 259 259 259 259 258 257 257 256 255 257 262 262 259
254 257 259 260 256 255 254 258 259 259 254 255 257 250 246 243 242 240 242 241 245 243 244 248 247 242 232 232 232 233 244 248 255 256 258 257 259 262 262 -9999 -9999 -9999 -9999 -9999 263 -9999 -9999 -9999 -9999 -9999 -9999 -9999 -9999 -9999 -9999 -9999 -9999 -9999 -9999 -9999 -9999 -9999 -9999 -9999 -9999 -9999 -9999 -9999 -9999 -9999 262 263 262 261 261 260 259 258 257 256 256 256 262 261 259 260
256 257 259 259 260 259 256 258 259 255 258 258 257 255 249 244 238 241 245 244 248 252 254 250 246 244 241 240 242 237 236 240 237 253 254 260 261 262 262 263 -9999 -9999 -9999 259 259 263 262 -9999 -9999 -9999 -9999 -9999 -9999 -9999 -9999 -9999 -9999 -9999 -9999 -9999 -9999 -9999 -9999 -9999 -9999 -9999 -9999 -9999 -9999 -9999 -9999 263 262 263 263 259 259 259 259 256 256 259 262 260 255 254
248 258 259 260 260 260 254 254 259 260 256 250 250 247 245 236 234 242 246 248 255 250 254 245 244 243 245 247 251 249 249 251 251 250 257 259 261 262 262 262 261 260 259 258 258 264 -9999 -9999 263 -9999 -9999 -9999 -9999 -9999 -9999 -9999 -9999 -9999 -9999 -9999 -9999 -9999 -9999 -9999 -9999 -9999 -9999 -9999 -9999 -9999 -9999 -9999 262 262 262 261 260 260 258 258 259 261 258 257 257 250
252 257 260 260 260 257 259 258 258 255 246 244 244 233 235 236 237 236 243 251 255 245 246 247 246 242 244 245 249 252 253 252 255 251 253 255 258 261 262 262 263 262 262 -9999 -9999 -9999 -9999 -9999 -9999 -9999 -9999 -9999 -9999 -9999 -9999 -9999 -9999 -9999 -9999 -9999 -9999 -9999 -9999 -9999 -9999 -9999 -9999 -9999 -9999 -9999 -9999 -9999 -9999 262 262 262 261 260 259 262 262 262 262 261 253 247
257 260 260 260 259 259 252 259 255 242 243 250 243 232 243 245 237 238 247 255 252 244 243 244 245 245 238 240 247 247 252 256 258 260 259 261 261 262 262 262 262 262 262 -9999 -9999 -9999 -9999 -9999 -9999 -9999 -9999 -9999 -9999 -9999 -9999 -9999 -9999 -9999 -9999 -9999 -9999 -9999 -9999 -9999 -9999 -9999 -9999 -9999 -9999 -9999 -9999 -9999 -9999 261 262 262 263 262 263 262 262 259 257 256 250 248
260 260 261 259 258 254 248 259 256 246 248 253 243 234 252 238 235 241 250 255 247 241 240 241 242 244 246 243 244 246 250 252 255 254 254 259 259 261 260 260 258 -9999 -9999 -9999 -9999 -9999 -9999 -9999 -9999 -9999 -9999 -9999 -9999 -9999 -9999 -9999 -9999 -9999 -9999 -9999 -9999 -9999 -9999 -9999 -9999 -9999 -9999 -9999 -9999 -9999 -9999 -9999 -9999 -9999 261 261 263 263 262 262 258 255 251 260 251 248
261 257 259 258 252 245 250 257 259 256 256 252 250 251 254 243 238 238 250 251 247 241 237 241 240 242 251 251 253 254 256 245 249 246 253 255 257 259 262 262 -9999 -9999 -9999 -9999 -9999 -9999 -9999 -9999 -9999 -9999 -9999 -9999 -9999 -9999 -9999 -9999 -9999 -9999 -9999 -9999 -9999 -9999 -9999 -9999 -9999 -9999 -9999 -9999 -9999 -9999 -9999 -9999 -9999 -9999 -9999 263 262 263 263 256 251 251 249 257 253 251
256 256 255 256 254 250 257 257 260 259 257 256 256 256 250 238 242 248 254 244 244 241 242 244 242 243 250 255 257 259 260 259 256 252 256 257 259 262 261 258 -9999 -9999 -9999 -9999 -9999 -9999 -9999 -9999 -9999 -9999 -9999 -9999 -9999 -9999 -9999 -9999 -9999 -9999 -9999 -9999 -9999 -9999 -9999 -9999 -9999 -9999 -9999 -9999 -9999 -9999 -9999 -9999 -9999 -9999 -9999 263 262 262 262 256 254 249 248 250 256 257
259 260 259 259 259 259 260 260 258 257 257 256 257 253 249 244 251 254 256 246 236 240 248 245 242 239 242 251 256 258 260 259 257 258 261 257 256 256 254 -9999 -9999 -9999 -9999 263 262 -9999 -9999 -9999 -9999 -9999 -9999 -9999 -9999 -9999 -9999 -9999 -9999 -9999 -9999 -9999 -9999 -9999 -9999 -9999 -9999 -9999 -9999 -9999 -9999 -9999 -9999 -9999 -9999 -9999 -9999 -9999 260 260 259 257 250 244 239 239 241 247
261 260 260 259 260 260 260 260 258 258 256 257 256 253 252 250 254 255 256 249 249 254 244 236 237 237 239 246 250 257 260 260 260 262 260 257 254 258 256 -9999 -9999 -9999 -9999 -9999 -9999 -9999 -9999 -9999 -9999 -9999 -9999 -9999 -9999 -9999 -9999 -9999 -9999 -9999 -9999 -9999 -9999 -9999 -9999 -9999 -9999 -9999 -9999 -9999 -9999 -9999 -9999 -9999 -9999 -9999 -9999 -9999 262 262 251 251 246 243 240 239 238 239
261 260 260 260 261 261 261 260 259 259 258 257 256 255 253 245 248 255 257 256 254 253 246 240 237 243 245 251 248 256 261 260 261 262 260 261 263 -9999 -9999 -9999 -9999 -9999 -9999 -9999 -9999 -9999 -9999 -9999 -9999 -9999 -9999 -9999 -9999 -9999 -9999 -9999 -9999 -9999 -9999 -9999 -9999 -9999 -9999 -9999 -9999 -9999 -9999 -9999 -9999 -9999 -9999 -9999 -9999 -9999 -9999 -9999 261 258 256 250 241 236 238 241 236 232
-9999 -9999 261 260 260 261 260 259 258 254 253 256 257 254 246 245 244 256 256 255 252 254 253 249 245 252 257 256 257 261 261 -9999 -9999 257 253 257 -9999 -9999 -9999 -9999 -9999 -9999 -9999 -9999 -9999 -9999 -9999 -9999 -9999 -9999 -9999 -9999 -9999 -9999 -9999 -9999 -9999 -9999 -9999 -9999 -9999 -9999 -9999 -9999 -9999 -9999 -9999 -9999 -9999 -9999 -9999 -9999 -9999 -9999 -9999 263 260 252 246 255 242 241 243 240 235 231
-9999 -9999 -9999 260 260 260 260 259 255 256 258 258 256 255 249 247 254 256 255 250 250 256 255 254 250 253 258 259 261 261 -9999 -9999 -9999 -9999 247 251 263 -9999 -9999 -9999 -9999 -9999 -9999 -9999 -9999 -9999 -9999 -9999 -9999 -9999 -9999 -9999 -9999 -9999 -9999 -9999 -9999 -9999 -9999 -9999 -9999 -9999 -9999 -9999 -9999 -9999 -9999 -9999 -9999 -9999 -9999 -9999 -9999 -9999 -9999 261 256 254 249 246 243 241 243 241 236 238
-9999 -9999 -9999 -9999 260 260 260 259 258 259 258 257 257 252 252 254 257 254 250 250 257 255 255 250 255 255 258 260 261 -9999 -9999 -9999 -9999 -9999 -9999 -9999 -9999 -9999 -9999 -9999 -9999 -9999 -9999 -9999 -9999 -9999 -9999 -9999 -9999 -9999 -9999 -9999 -9999 -9999 -9999 -9999 -9999 -9999 -9999 -9999 -9999 -9999 -9999 -9999 -9999 -9999 -9999 -9999 -9999 -9999 -9999 -9999 -9999 261 260 260 259 247 240 241 243 237 242 242 238 240
-9999 -9999 -9999 -9999 -9999 260 259 259 259 258 258 258 255 254 255 255 254 252 250 252 257 253 252 257 258 260 261 260 260 -9999 -9999 -9999 -9999 -9999 -9999 -9999 -9999 -9999 -9999 -9999 -9999 -9999 -9999 -9999 -9999 -9999 -9999 -9999 -9999 -9999 -9999 -9999 -9999 -9999 -9999 -9999 -9999 -9999 -9999 -9999 -9999 -9999 -9999 -9999 -9999 -9999 -9999 -9999 -9999 -9999 -9999 -9999 262 262 260 260 258 253 236 234 243 240 242 242 240 242
-9999 -9999 -9999 -9999 -9999 259 259 258 257 256 257 258 257 255 256 254 255 255 255 255 256 256 259 260 260 259 257 257 256 261 260 -9999 -9999 -9999 -9999 -9999 -9999 -9999 -9999 -9999 -9999 -9999 -9999 -9999 -9999 -9999 -9999 -9999 -9999 -9999 -9999 -9999 -9999 -9999 -9999 -9999 -9999 -9999 -9999 -9999 -9999 -9999 -9999 -9999 -9999 -9999 -9999 -9999 -9999 -9999 -9999 -9999 262 260 262 259 258 257 249 240 241 238 240 241 242 242
-9999 -9999 -9999 -9999 -9999 -9999 259 258 257 256 256 256 257 255 255 254 255 255 255 254 256 257 257 257 257 257 257 258 258 259 259 -9999 -9999 -9999 -9999 -9999 -9999 -9999 -9999 -9999 -9999 -9999 -9999 -9999 -9999 -9999 -9999 -9999 -9999 -9999 -9999 -9999 -9999 -9999 -9999 -9999 -9999 -9999 -9999 -9999 -9999 -9999 -9999 -9999 -9999 -9999 -9999 -9999 -9999 -9999 -9999 261 260 260 259 253 248 247 248 252 238 239 242 242 242 242
-9999 -9999 -9999 -9999 -9999 -9999 260 260 258 258 256 255 255 255 254 253 253 254 253 253 254 254 256 255 256 257 258 259 259 259 261 -9999 -9999 -9999 -9999 -9999 -9999 -9999 -9999 -9999 -9999 -9999 -9999 -9999 -9999 -9999 -9999 -9999 -9999 -9999 -9999 -9999 -9999 -9999 -9999 -9999 -9999 -9999 -9999 -9999 -9999 -9999 -9999 -9999 -9999 -9999 -9999 -9999 -9999 -9999 257 256 259 258 251 249 250 238 236 243 239 243 243 245 244 246
-9999 -9999 -9999 -9999 -9999 -9999 -9999 259 258 258 257 254 255 254 253 252 253 252 252 253 254 254 254 255 256 258 259 260 261 -9999 -9999 -9999 -9999 -9999 -9999 -9999 -9999 -9999 -9999 -9999 -9999 -9999 -9999 -9999 -9999 -9999 -9999 -9999 -9999 -9999 -9999 -9999 -9999 -9999 -9999 -9999 -9999 -9999 -9999 -9999 -9999 -9999 -9999 -9999 -9999 -9999 -9999 -9999 -9999 -9999 259 253 256 254 256 256 252 238 235 240 236 234 251 251 247 254
-9999 -9999 -9999 -9999 -9999 -9999 -9999 257 257 259 258 255 254 253 253 253 252 252 253 252 252 253 253 254 255 257 -9999 -9999 -9999 -9999 -9999 -9999 -9999 -9999 -9999 -9999 -9999 -9999 -9999 -9999 -9999 -9999 -9999 -9999 -9999 -9999 -9999 -9999 -9999 -9999 -9999 -9999 -9999 -9999 -9999 -9999 -9999 -9999 -9999 -9999 -9999 -9999 -9999 -9999 -9999 -9999 -9999 -9999 -9999 -9999 -9999 255 253 256 259 258 258 246 241 241 237 236 240 254 255 257
-9999 -9999 -9999 -9999 -9999 -9999 -9999 -9999 256 256 255 255 255 252 253 253 252 253 253 252 252 252 254 255 260 262 -9999 -9999 -9999 -9999 -9999 -9999 -9999 -9999 -9999 -9999 -9999 -9999 -9999 -9999 -9999 -9999 -9999 -9999 -9999 -9999 -9999 -9999 -9999 -9999 -9999 -9999 -9999 -9999 -9999 -9999 -9999 -9999 -9999 -9999 -9999 -9999 -9999 -9999 -9999 -9999 -9999 -9999 -9999 -9999 -9999 256 256 259 260 257 249 247 244 245 236 232 243 248 253 257
-9999 -9999 -9999 -9999 -9999 -9999 -9999 -9999 -9999 254 254 252 253 255 252 253 252 252 252 251 250 253 255 257 -9999 -9999 -9999 -9999 -9999 -9999 -9999 -9999 -9999 -9999 -9999 -9999 -9999 -9999 -9999 -9999 -9999 -9999 -9999 -9999 -9999 -9999 -9999 -9999 -9999 -9999 -9999 -9999 -9999 -9999 -9999 -9999 -9999 -9999 -9999 -9999 -9999 -9999 -9999 -9999 -9999 -9999 -9999 -9999 -9999 -9999 261 258 260 261 260 256 253 252 245 252 241 228 237 244 253 256
-9999 -9999 -9999 -9999 -9999 -9999 -9999 -9999 -9999 -9999 254 255 252 251 251 251 251 250 251 249 251 253 255 -9999 -9999 -9999 -9999 -9999 -9999 -9999 -9999 -9999 -9999 -9999 -9999 -9999 -9999 -9999 -9999 -9999 -9999 -9999 -9999 -9999 -9999 -9999 -9999 -9999 -9999 -9999 -9999 -9999 -9999 -9999 -9999 -9999 -9999 -9999 -9999 -9999 -9999 -9999 -9999 -9999 -9999 -9999 -9999 -9999 -9999 -9999 257 261 261 261 260 256 258 251 253 254 244 234 226 237 241 251
-9999 -9999 -9999 -9999 -9999 -9999 -9999 -9999 -9999 -9999 -9999 255 251 251 251 251 251 250 251 251 253 255 -9999 -9999 -9999 -9999 -9999 -9999 -9999 -9999 -9999 -9999 -9999 -9999 -9999 -9999 -9999 -9999 -9999 -9999 -9999 -9999 -9999 -9999 -9999 -9999 -9999 -9999 -9999 -9999 -9999 -9999 -9999 -9999 -9999 -9999 -9999 -9999 -9999 -9999 -9999 -9999 -9999 -9999 -9999 -9999 -9999 -9999 -9999 -9999 -9999 -9999 261 260 260 259 254 259 259 249 237 234 228 240 243 245
-9999 -9999 -9999 -9999 -9999 -9999 -9999 -9999 -9999 -9999 -9999 -9999 253 251 250 250 249 249 251 252 254 257 -9999 -9999 -9999 -9999 -9999 -9999 -9999 -9999 -9999 -9999 -9999 -9999 -9999 -9999 -9999 -9999 -9999 -9999 -9999 -9999 -9999 -9999 -9999 -9999 -9999 -9999 -9999 -9999 -9999 -9999 -9999 -9999 -9999 -9999 -9999 -9999 -9999 -9999 -9999 -9999 -9999 -9999 -9999 -9999 -9999 -9999 -9999 -9999 -9999 -9999 259 260 261 260 260 259 255 241 240 242 235 240 244 243
