worldclim/bio9_cr.asc
ncols        411
nrows        382
xllcorner    -85.979072453958
yllcorner    8.036441368777
cellsize     0.008333330000
NODATA_value  -9999
[rows 78 to 116 of 382, columns 86 to 171 of 411]
261 261 261 259 258 259 259 259 259 259 259 260 261 261 263 258 256 254 254 253 252 250 250 250 248 242 241 235 233 234 232 233 233 237 237 232 230 232 236 237 232 232 232 229 227 226 226 227 230 230 232 232 234 233 234 234 237 241 244 252 255 260 256 251 245 248 251 250 252 256 258 257 256 257 258 258 258 260 260 260 262 262 263 263 264 264
262 262 261 261 259 259 261 261 262 261 262 262 262 262 262 257 258 256 254 255 254 253 250 253 250 245 243 238 238 238 235 234 235 236 240 240 235 236 238 238 238 239 237 234 231 231 229 226 225 228 229 230 230 230 232 232 236 242 247 253 256 259 254 249 245 245 248 246 248 253 256 252 255 256 257 258 258 259 259 260 261 263 263 263 263 263
263 262 262 261 260 261 261 262 262 262 265 263 263 262 263 260 258 257 257 257 256 254 252 249 252 249 246 246 242 236 229 236 236 240 240 240 240 240 238 239 240 240 238 236 237 233 232 228 227 227 230 230 229 228 230 231 235 243 245 252 252 256 251 247 242 243 244 243 248 250 249 250 251 252 255 256 257 255 257 257 259 261 261 261 263 263
264 263 263 263 261 262 262 263 264 265 264 263 264 264 261 259 261 260 260 259 257 256 252 249 253 249 250 248 242 238 234 235 233 240 240 240 240 240 239 239 239 240 240 240 237 233 232 230 227 227 227 227 225 226 227 231 233 239 249 247 252 250 247 236 237 238 241 244 246 245 245 247 246 246 250 255 253 254 255 258 260 262 262 262 261 263
264 264 264 264 262 264 263 265 266 267 264 265 265 265 261 262 262 261 261 257 257 256 253 251 249 252 250 250 246 241 239 233 231 237 240 240 240 240 240 239 239 240 240 240 240 238 235 231 228 226 226 225 223 224 226 228 233 235 242 244 248 243 238 236 239 241 238 239 242 242 245 248 249 250 250 252 256 258 257 258 258 257 258 263 264 263
265 265 264 265 264 265 265 266 266 267 266 267 266 265 263 262 261 261 262 257 256 256 256 251 247 248 252 250 247 243 241 234 232 231 237 237 240 240 240 240 239 239 240 240 240 240 239 234 230 229 227 225 222 223 225 225 229 232 235 242 241 235 234 232 234 239 241 244 245 252 252 252 252 253 254 256 257 258 258 260 262 264 261 260 264 266
264 265 265 265 265 265 266 267 267 266 267 268 267 264 265 263 262 261 263 257 259 256 255 253 248 248 254 251 250 246 239 236 234 232 232 233 237 240 240 239 240 239 240 240 240 240 240 240 236 234 228 227 224 224 225 227 226 228 230 237 235 232 233 235 236 243 248 246 251 249 251 258 258 258 259 261 260 263 261 263 263 261 264 263 263 265
265 266 266 266 266 266 267 267 267 268 268 268 267 264 265 264 263 266 259 256 257 256 257 252 250 249 252 252 251 246 241 236 236 237 233 232 233 238 239 237 239 239 240 240 240 240 240 240 239 239 233 228 225 224 223 224 223 225 227 230 227 232 235 243 244 249 244 246 249 252 255 256 257 257 259 260 261 262 264 265 264 264 266 266 264 266
266 266 266 266 267 267 267 268 267 268 268 268 268 267 268 265 266 262 264 257 255 260 261 255 250 249 251 250 248 244 241 237 240 240 236 231 231 231 232 235 236 235 239 240 240 240 240 240 240 240 236 228 226 225 224 224 225 225 227 227 230 229 237 243 241 242 243 243 251 252 255 256 256 258 259 261 262 263 264 265 265 268 268 268 268 267
266 266 266 266 267 267 268 268 268 268 268 269 269 269 268 267 266 265 267 265 261 254 253 251 255 251 252 250 247 244 242 240 243 241 239 235 233 230 229 227 228 228 233 235 235 235 236 240 240 240 239 233 229 228 225 226 225 230 229 231 236 241 239 239 240 237 236 236 247 250 253 255 256 258 260 261 261 263 264 265 265 267 268 268 268 268
266 266 268 267 267 267 267 268 268 269 269 269 268 269 269 269 269 268 265 267 265 261 253 251 250 250 246 251 249 245 245 244 244 244 240 239 236 232 229 227 224 223 228 228 224 223 229 236 239 240 240 235 233 233 231 229 230 229 233 238 241 240 239 235 235 233 230 234 243 247 253 254 257 259 260 261 262 262 263 264 265 266 268 268 268 269
266 267 266 268 268 268 268 268 269 269 269 270 269 270 270 269 269 269 269 265 267 265 254 250 250 249 250 249 249 250 250 252 246 243 240 239 238 232 228 224 221 220 226 223 220 220 220 230 236 240 240 239 237 236 235 231 233 234 239 239 240 240 238 234 228 222 219 219 232 245 251 254 256 258 259 261 262 263 264 265 267 268 268 269 269 269
267 267 267 268 268 268 269 269 269 269 270 270 270 270 270 269 270 269 269 268 267 267 263 260 262 259 249 249 252 253 249 253 249 241 241 241 237 235 230 226 223 219 220 217 222 221 219 228 234 240 240 240 240 240 240 240 239 239 239 239 238 239 238 235 228 212 192 205 229 242 248 252 255 257 261 261 263 265 264 266 266 268 267 269 269 269
267 267 269 268 269 269 269 269 269 269 270 270 270 271 270 270 270 269 269 266 266 262 259 254 255 254 260 256 257 256 248 250 252 247 242 239 236 233 228 224 220 218 216 220 221 225 226 228 235 239 237 240 240 240 240 240 240 240 240 239 239 240 239 235 231 221 210 217 226 236 245 249 254 257 259 260 263 264 265 266 267 267 268 268 269 269
267 267 269 269 269 269 269 270 270 270 270 270 270 270 271 270 270 270 270 269 268 262 260 260 256 259 256 255 254 249 251 253 251 243 240 237 235 232 228 223 218 216 217 222 226 227 231 230 240 235 230 233 234 238 240 240 240 240 239 239 239 240 239 236 234 231 227 223 216 230 240 249 250 253 256 261 265 266 267 267 267 267 268 268 269 269
267 267 268 269 268 269 269 270 270 270 270 271 271 271 271 270 270 270 270 270 269 267 266 266 265 264 259 261 260 258 252 250 250 246 241 238 236 232 229 223 217 216 216 220 225 230 235 235 236 231 231 232 229 228 234 235 237 240 240 240 240 240 240 239 237 232 229 230 213 225 239 244 245 248 253 257 259 263 266 267 267 268 268 268 269 269
268 269 268 269 269 269 270 270 270 270 271 271 271 271 271 271 271 270 270 269 269 268 263 260 254 250 253 248 249 252 257 253 253 246 244 233 232 232 230 225 221 218 217 219 225 234 233 232 234 228 223 226 223 231 232 228 229 240 240 240 239 239 236 234 231 228 229 228 225 232 233 235 236 239 246 250 255 261 263 265 264 266 267 268 268 269
269 269 269 269 270 270 270 270 269 270 271 271 271 271 271 270 270 270 270 270 270 270 264 259 252 250 245 247 247 251 250 255 252 252 251 244 244 237 230 226 220 219 215 218 216 223 229 227 229 227 219 210 216 220 222 222 228 234 238 231 235 235 232 225 219 217 220 218 223 225 221 227 230 234 241 248 254 258 259 262 264 266 267 268 268 269
269 269 269 270 270 270 270 270 270 271 271 271 272 272 271 271 271 271 270 270 270 267 264 263 256 251 249 242 239 246 246 248 251 252 249 251 248 242 239 224 221 217 216 217 211 217 229 227 217 219 213 207 208 215 217 217 220 224 233 232 231 228 229 220 214 211 212 211 219 221 213 213 216 227 235 243 250 254 258 261 263 266 266 267 268 268
268 268 269 270 270 270 270 270 270 271 271 271 271 272 271 271 271 270 271 270 270 267 267 264 256 259 254 251 247 248 245 241 247 252 243 238 243 248 237 229 223 220 219 217 209 213 219 221 211 208 209 205 205 213 223 224 228 231 232 228 222 223 216 219 220 215 210 215 215 209 205 203 210 224 235 243 247 254 257 260 262 264 266 267 266 267
265 269 269 269 270 270 270 270 271 271 271 271 271 272 271 271 271 271 271 271 270 270 267 260 262 258 254 253 246 251 243 244 246 247 244 239 236 235 242 235 230 218 220 215 211 207 217 225 211 211 208 207 199 205 212 218 218 231 228 217 213 210 217 211 207 213 206 209 209 205 206 217 214 222 239 240 245 252 256 259 264 266 267 266 266 267
265 268 269 267 269 270 270 270 271 271 271 271 271 272 271 271 271 271 271 271 271 270 267 258 262 261 259 260 256 252 244 246 240 239 235 238 233 233 242 236 233 229 222 216 209 206 211 217 219 210 211 209 203 200 204 209 218 227 229 214 208 203 202 207 208 206 198 200 204 206 212 218 223 229 228 235 248 253 254 256 261 264 265 265 265 266
268 269 269 270 270 270 270 270 271 271 271 271 271 271 271 271 271 271 271 271 271 270 271 269 259 263 263 256 250 241 246 238 238 236 236 236 226 230 237 227 222 227 223 218 212 205 202 208 212 200 200 210 203 197 203 214 222 226 217 211 206 197 194 190 196 195 201 211 210 215 223 222 217 220 227 236 247 249 250 255 258 263 263 265 265 266
269 269 269 269 270 270 270 270 270 271 271 271 271 271 271 271 271 271 271 271 271 270 268 264 264 265 258 247 246 240 247 238 238 238 235 232 225 223 232 227 213 220 227 220 215 210 204 201 203 198 194 199 197 195 197 210 210 218 222 204 200 194 188 183 190 190 200 212 217 224 229 232 228 228 235 238 245 245 249 254 259 262 263 263 265 263
269 269 269 269 270 270 270 270 270 271 271 271 271 271 271 271 271 271 271 271 271 270 269 267 268 267 256 255 248 242 245 240 239 245 245 234 228 219 226 221 216 219 223 222 215 212 203 203 202 197 189 196 193 193 192 201 203 207 215 211 199 187 182 178 189 189 197 206 203 215 225 238 237 241 248 255 247 240 250 255 257 260 262 262 263 264
269 269 269 269 270 271 270 270 271 271 271 271 271 271 271 271 271 271 270 271 270 269 269 268 269 261 263 263 260 256 244 243 247 246 249 244 233 232 236 228 213 212 219 217 217 216 213 209 204 198 191 192 193 190 189 186 183 206 212 211 200 193 189 186 197 194 203 204 208 216 222 231 241 248 235 230 232 238 246 252 258 260 261 262 263 265
269 268 269 269 269 270 270 270 271 270 271 271 271 271 271 271 271 271 271 270 270 270 270 268 268 265 265 265 253 250 249 251 250 247 243 239 238 239 242 228 223 214 215 217 212 210 214 216 206 197 191 191 190 187 187 183 184 193 198 196 197 191 187 189 199 203 211 209 215 219 228 241 244 239 223 221 228 235 243 252 257 261 262 263 264 265
264 267 264 269 269 270 271 270 270 271 270 271 271 271 271 272 271 271 271 270 270 270 269 268 265 265 262 262 258 261 258 251 248 246 242 243 243 246 238 227 223 225 215 213 211 211 210 213 207 200 195 190 191 186 181 180 182 187 187 188 188 186 188 201 204 212 218 215 221 232 239 233 237 231 227 218 221 231 238 248 254 260 261 262 263 265
268 268 268 266 265 268 270 271 270 270 270 271 271 271 271 272 272 271 271 270 270 265 265 264 264 265 267 267 263 258 256 250 247 242 246 246 250 242 238 232 227 225 226 224 222 214 212 209 206 200 195 196 193 189 177 179 177 183 182 183 184 192 196 192 213 219 222 220 226 237 229 221 221 223 217 220 224 231 238 249 251 258 260 262 264 264
268 269 268 269 269 269 270 270 270 270 271 271 270 271 270 271 271 272 270 270 270 270 270 268 269 268 266 263 258 254 255 253 250 246 245 245 248 245 241 231 241 237 235 235 226 220 216 209 200 202 202 198 195 188 182 175 179 174 181 184 187 196 203 210 216 225 231 229 227 224 220 209 203 209 221 218 223 230 238 243 247 252 258 257 262 265
269 269 268 269 269 269 270 270 270 270 270 270 271 271 271 271 271 271 271 271 270 270 269 269 269 268 266 264 262 252 256 254 254 250 249 246 243 245 243 238 247 241 242 231 226 218 217 213 205 208 204 201 198 194 188 180 181 183 189 194 194 199 208 219 223 227 226 223 217 216 205 210 221 221 221 232 236 238 237 245 245 250 256 257 259 261
269 269 269 269 269 269 270 270 270 270 270 270 271 271 271 271 271 271 271 270 271 270 269 269 270 266 267 265 266 262 260 256 260 257 250 249 248 245 245 241 240 250 248 231 234 222 222 217 210 216 205 207 200 196 190 187 181 184 198 202 206 212 222 222 223 216 219 217 212 210 206 214 217 219 213 217 230 235 239 238 239 243 249 256 259 259
268 269 269 269 269 269 270 270 270 270 270 270 270 271 271 271 271 271 271 271 270 270 270 269 269 267 266 266 265 264 256 262 261 263 256 253 252 243 248 244 243 248 242 241 241 233 226 227 216 222 214 215 198 197 192 189 189 190 205 209 212 212 211 210 213 211 213 212 200 199 197 206 207 204 209 220 223 227 233 231 236 242 245 250 256 253
268 269 269 269 269 269 269 270 270 270 270 270 270 270 271 271 271 271 271 271 270 269 270 269 268 266 267 265 263 261 262 259 255 264 264 264 259 252 250 253 250 250 247 246 240 233 232 234 231 226 216 218 217 204 210 205 196 190 201 207 205 201 204 205 205 199 209 200 190 186 196 201 196 205 211 216 224 219 232 232 234 240 244 247 250 249
268 268 269 269 269 268 269 269 269 270 270 270 270 270 270 270 271 271 271 270 270 270 270 270 270 269 266 266 266 265 265 265 262 264 265 263 264 263 260 255 244 245 244 236 232 241 238 240 228 216 214 223 226 220 213 212 203 192 190 197 194 191 200 194 188 190 201 194 186 183 190 193 202 206 208 215 211 219 224 230 233 238 244 246 246 245
268 268 269 269 267 268 269 269 269 270 269 270 270 269 270 270 270 270 270 270 271 270 270 270 266 270 269 267 267 266 268 266 267 265 265 265 264 260 256 249 246 238 243 245 239 240 245 239 223 221 213 230 230 223 217 208 200 190 186 188 194 181 181 183 174 180 188 188 191 186 190 196 205 216 219 223 225 229 232 237 239 243 249 237 241 246
268 268 268 268 268 268 268 268 268 268 269 269 269 269 270 270 270 270 270 270 270 270 270 269 269 269 268 268 267 268 267 268 265 267 265 264 264 263 262 255 250 246 246 246 247 242 249 238 230 224 220 233 229 215 208 204 200 189 183 179 187 183 178 176 178 183 183 192 197 193 194 202 207 216 203 218 228 227 231 235 241 240 233 235 241 238
-9999 -9999 268 268 266 265 265 266 267 265 267 266 267 266 269 269 270 269 269 270 270 269 269 269 269 269 269 269 268 267 267 267 268 268 267 266 264 261 262 259 254 252 247 244 249 246 249 243 238 231 229 229 227 220 213 206 205 199 188 179 181 182 179 177 183 184 193 197 206 200 198 198 206 208 209 215 223 223 233 237 235 230 235 241 237 237
268 -9999 -9999 268 266 263 261 263 263 260 260 264 265 263 265 269 270 270 269 269 270 269 269 269 269 269 269 268 268 267 268 269 268 267 263 266 264 265 262 261 256 247 247 245 244 244 251 249 243 235 234 242 232 221 213 216 210 198 190 186 192 181 189 175 202 188 192 202 210 212 204 198 206 216 221 219 228 234 231 231 228 230 236 238 234 234
