worldclim/bio9_cr.asc
ncols        411
nrows        382
xllcorner    -85.979072453958
yllcorner    8.036441368777
cellsize     0.008333330000
NODATA_value  -9999
[rows 39 to 77 of 382, columns 0 to 85 of 411]
-9999 -9999 -9999 -9999 -9999 -9999 -9999 -9999 -9999 -9999 -9999 261 255 252 240 243 248 257 256 255 258 256 262 258 253 252 252 252 251 259 257 257 252 245 245 255 254 255 255 259 257 255 256 255 249 257 251 251 253 254 256 252 254 250 256 254 252 251 243 238 234 232 230 229 227 224 225 230 235 235 238 237 235 233 236 239 240 241 244 247 246 246 246 244 247 246
-9999 -9999 -9999 -9999 -9999 -9999 -9999 -9999 -9999 -9999 -9999 -9999 -9999 260 255 254 239 247 259 256 257 254 255 258 254 256 254 251 249 251 254 252 250 250 248 249 253 251 252 251 250 248 249 255 248 250 251 251 253 255 256 257 256 253 249 255 251 250 247 241 237 234 231 231 232 231 232 231 235 234 234 228 230 230 234 236 234 236 240 239 241 240 242 242 241 247
-9999 -9999 -9999 -9999 -9999 -9999 -9999 -9999 -9999 -9999 -9999 -9999 -9999 -9999 261 257 252 247 251 254 261 265 256 262 260 260 258 256 253 256 257 252 250 253 249 251 251 252 252 254 249 248 248 249 248 249 250 250 254 256 256 258 255 253 250 248 253 249 246 240 239 239 236 235 236 236 237 233 233 231 228 226 226 225 229 230 230 229 234 234 234 232 233 236 234 232
-9999 -9999 -9999 -9999 -9999 -9999 -9999 267 -9999 -9999 -9999 -9999 -9999 -9999 267 266 253 257 253 255 255 266 259 266 261 265 265 265 261 262 261 260 257 255 257 251 248 253 245 247 248 248 248 249 247 249 250 250 255 257 257 257 253 253 252 246 252 250 247 243 241 241 240 237 239 241 240 235 232 227 225 219 219 222 219 219 224 223 227 226 228 226 227 229 227 235
-9999 -9999 -9999 -9999 -9999 -9999 -9999 -9999 -9999 -9999 -9999 -9999 -9999 -9999 -9999 -9999 -9999 -9999 -9999 256 263 -9999 266 266 266 260 256 259 258 255 254 250 253 248 248 249 252 248 246 246 247 247 247 248 248 249 250 253 255 258 258 258 255 255 252 248 245 250 249 247 245 241 240 241 241 242 240 234 229 222 217 214 211 207 211 213 216 217 219 219 220 217 220 223 228 237
-9999 -9999 -9999 -9999 -9999 -9999 -9999 -9999 -9999 -9999 -9999 -9999 -9999 267 -9999 -9999 -9999 -9999 -9999 -9999 -9999 -9999 266 266 266 262 265 255 254 253 251 248 246 245 244 249 256 254 247 247 247 247 248 247 248 249 252 254 255 258 258 258 256 255 252 247 246 242 242 246 245 244 245 246 245 236 237 232 224 216 209 208 204 200 195 201 209 211 211 210 211 210 217 213 225 236
-9999 -9999 -9999 -9999 -9999 -9999 -9999 -9999 -9999 -9999 -9999 -9999 -9999 -9999 -9999 -9999 -9999 -9999 -9999 -9999 -9999 -9999 266 262 265 264 265 264 261 261 255 252 249 247 246 255 258 248 247 247 247 247 248 247 249 250 251 254 259 259 260 258 256 255 252 250 248 244 242 249 247 248 249 250 236 234 229 227 221 212 201 193 192 186 187 191 193 196 198 204 204 209 215 219 227 235
-9999 -9999 -9999 -9999 -9999 -9999 -9999 -9999 -9999 -9999 -9999 -9999 -9999 -9999 -9999 -9999 -9999 -9999 -9999 -9999 -9999 256 258 250 255 262 254 256 257 258 256 257 250 250 251 256 263 252 247 248 248 248 248 248 249 250 253 256 259 260 260 259 254 254 254 251 246 246 244 244 244 244 242 243 236 232 230 224 222 211 207 188 177 173 172 172 178 181 190 195 200 206 212 219 225 233
-9999 -9999 -9999 -9999 -9999 -9999 -9999 -9999 -9999 -9999 -9999 -9999 -9999 -9999 -9999 -9999 -9999 -9999 -9999 -9999 -9999 -9999 261 257 251 256 254 258 266 252 249 252 257 254 254 259 264 261 257 249 248 249 248 249 250 251 252 256 260 260 260 260 260 256 255 254 249 248 248 246 246 246 243 241 236 236 235 230 225 217 205 198 189 171 182 179 175 176 180 186 192 198 204 217 220 232
-9999 -9999 -9999 -9999 -9999 -9999 -9999 -9999 -9999 -9999 -9999 -9999 -9999 -9999 -9999 -9999 -9999 -9999 -9999 -9999 -9999 -9999 -9999 -9999 256 258 -9999 -9999 -9999 -9999 265 265 260 264 261 262 264 258 260 251 254 250 250 249 251 251 252 255 258 260 260 261 260 259 257 257 255 250 251 249 248 244 243 240 244 240 237 235 228 219 215 203 191 187 190 190 185 176 164 181 185 190 198 203 217 227
-9999 -9999 -9999 -9999 -9999 -9999 -9999 -9999 -9999 -9999 -9999 -9999 -9999 -9999 -9999 -9999 -9999 -9999 -9999 -9999 -9999 -9999 -9999 -9999 -9999 -9999 -9999 -9999 -9999 -9999 -9999 -9999 -9999 265 -9999 265 265 265 264 256 260 251 251 250 250 251 252 255 258 261 261 261 260 259 258 257 257 255 251 251 249 247 241 242 240 241 239 233 228 222 217 207 198 193 199 197 181 179 168 178 179 184 193 196 208 227
-9999 -9999 -9999 -9999 -9999 -9999 -9999 -9999 -9999 -9999 -9999 -9999 -9999 -9999 -9999 -9999 -9999 -9999 -9999 -9999 -9999 -9999 -9999 -9999 -9999 -9999 -9999 -9999 -9999 -9999 -9999 -9999 -9999 -9999 -9999 -9999 265 265 265 264 260 252 251 251 253 253 253 255 258 260 261 260 260 259 258 257 256 252 254 253 252 245 241 239 241 237 236 232 226 224 220 213 208 204 204 204 193 189 191 188 190 187 192 201 213 226
-9999 -9999 -9999 -9999 -9999 -9999 -9999 -9999 -9999 -9999 -9999 -9999 -9999 -9999 -9999 -9999 -9999 -9999 -9999 -9999 -9999 -9999 -9999 -9999 -9999 -9999 -9999 -9999 -9999 -9999 -9999 -9999 -9999 -9999 -9999 -9999 -9999 265 256 253 252 252 253 253 253 254 254 255 257 259 260 260 260 260 259 258 257 252 251 253 249 244 247 246 241 239 240 235 235 228 225 223 217 216 213 212 206 200 201 202 193 196 201 209 216 227
-9999 -9999 -9999 -9999 -9999 -9999 -9999 -9999 -9999 -9999 -9999 -9999 -9999 -9999 -9999 -9999 -9999 -9999 -9999 -9999 -9999 -9999 -9999 -9999 -9999 -9999 -9999 -9999 -9999 -9999 -9999 -9999 -9999 -9999 -9999 -9999 -9999 265 257 256 253 253 253 253 254 254 254 255 257 258 260 261 261 260 260 260 256 254 252 253 247 248 248 247 244 241 240 235 237 231 229 228 226 224 222 218 212 212 210 211 205 209 213 217 223 231
-9999 -9999 -9999 -9999 -9999 -9999 -9999 -9999 -9999 -9999 -9999 -9999 -9999 -9999 -9999 -9999 -9999 -9999 -9999 -9999 -9999 -9999 -9999 -9999 -9999 -9999 -9999 -9999 -9999 -9999 -9999 -9999 -9999 -9999 -9999 -9999 -9999 -9999 266 263 261 254 253 254 255 255 255 256 258 258 261 261 261 261 261 260 259 257 255 254 250 247 248 247 245 241 238 236 232 237 234 232 230 229 226 227 220 217 218 219 214 214 218 221 226 230
-9999 -9999 -9999 -9999 -9999 -9999 -9999 -9999 -9999 -9999 -9999 -9999 -9999 -9999 -9999 -9999 -9999 -9999 -9999 -9999 -9999 -9999 -9999 -9999 -9999 -9999 -9999 -9999 -9999 -9999 -9999 -9999 -9999 -9999 -9999 -9999 -9999 -9999 266 258 253 254 254 254 254 254 254 256 258 260 261 261 261 261 260 261 260 259 257 254 249 247 245 241 239 240 236 232 233 233 232 237 234 232 230 228 225 222 224 223 223 222 224 223 226 229
-9999 -9999 -9999 -9999 -9999 -9999 -9999 -9999 -9999 -9999 -9999 -9999 -9999 -9999 -9999 -9999 -9999 -9999 -9999 -9999 -9999 -9999 -9999 -9999 -9999 -9999 -9999 -9999 -9999 -9999 -9999 -9999 -9999 -9999 -9999 -9999 -9999 -9999 250 251 252 254 254 255 253 254 259 260 260 260 261 261 261 262 261 261 261 259 259 256 250 247 243 237 234 240 239 236 236 234 235 232 237 234 233 231 227 229 227 226 225 224 223 223 225 228
-9999 -9999 -9999 -9999 -9999 -9999 -9999 -9999 -9999 -9999 -9999 -9999 -9999 -9999 -9999 -9999 -9999 -9999 -9999 -9999 -9999 -9999 -9999 -9999 -9999 -9999 -9999 -9999 -9999 -9999 -9999 -9999 -9999 -9999 -9999 -9999 -9999 -9999 251 251 252 254 253 253 253 258 260 260 259 260 261 261 261 261 261 261 261 260 261 258 252 248 245 239 237 238 241 237 232 234 235 234 232 237 234 233 233 231 230 228 226 227 226 227 229 230
-9999 -9999 -9999 -9999 -9999 -9999 -9999 -9999 -9999 -9999 -9999 -9999 -9999 -9999 -9999 -9999 -9999 -9999 -9999 -9999 -9999 -9999 -9999 -9999 -9999 -9999 -9999 -9999 -9999 -9999 -9999 -9999 -9999 -9999 -9999 -9999 -9999 -9999 252 252 252 254 254 252 256 258 255 256 259 260 261 261 261 262 261 262 261 261 261 259 253 251 247 246 245 242 243 241 240 239 236 234 233 232 233 238 236 233 233 232 232 231 231 232 229 228
-9999 -9999 -9999 -9999 -9999 -9999 -9999 -9999 -9999 -9999 -9999 -9999 -9999 -9999 -9999 -9999 -9999 -9999 -9999 -9999 -9999 -9999 -9999 -9999 -9999 -9999 -9999 -9999 -9999 -9999 -9999 -9999 -9999 -9999 -9999 -9999 -9999 -9999 250 252 252 253 254 255 257 257 256 256 258 259 261 261 262 262 262 262 262 261 262 260 259 255 252 248 248 247 246 245 244 242 240 239 237 236 235 234 239 236 234 235 236 235 233 234 230 229
-9999 -9999 -9999 -9999 -9999 -9999 -9999 -9999 -9999 -9999 -9999 -9999 -9999 -9999 -9999 -9999 -9999 -9999 -9999 -9999 -9999 -9999 -9999 -9999 -9999 -9999 -9999 -9999 -9999 -9999 -9999 -9999 -9999 -9999 -9999 -9999 -9999 -9999 252 253 252 254 254 256 257 257 257 257 258 258 260 260 261 263 263 262 262 262 262 261 260 256 253 251 250 249 247 246 245 243 243 241 240 239 237 235 239 238 238 237 237 236 234 234 233 232
-9999 -9999 -9999 -9999 -9999 -9999 -9999 -9999 -9999 -9999 -9999 -9999 -9999 -9999 -9999 -9999 -9999 -9999 -9999 -9999 -9999 -9999 -9999 -9999 -9999 -9999 -9999 -9999 -9999 -9999 -9999 -9999 -9999 -9999 -9999 -9999 -9999 -9999 260 253 254 255 256 255 257 256 257 257 258 258 261 260 260 263 262 262 261 261 261 261 260 257 256 253 252 250 249 248 247 244 244 243 243 241 239 235 234 235 234 238 239 239 237 237 236 236
-9999 -9999 -9999 -9999 -9999 -9999 -9999 -9999 -9999 -9999 -9999 -9999 -9999 -9999 -9999 -9999 -9999 -9999 -9999 -9999 -9999 -9999 -9999 -9999 -9999 -9999 -9999 -9999 -9999 -9999 -9999 -9999 -9999 -9999 -9999 -9999 -9999 -9999 263 256 255 255 256 256 257 256 257 257 258 259 260 260 261 260 261 262 262 261 260 260 259 257 256 256 254 251 250 250 248 247 246 246 243 240 239 235 237 237 237 235 239 241 240 239 237 237
-9999 -9999 -9999 -9999 -9999 -9999 -9999 -9999 -9999 -9999 -9999 -9999 -9999 -9999 -9999 -9999 -9999 -9999 -9999 -9999 -9999 -9999 -9999 -9999 -9999 -9999 -9999 -9999 -9999 -9999 -9999 -9999 -9999 -9999 -9999 -9999 -9999 -9999 266 256 259 256 256 256 257 256 257 258 258 259 260 260 261 260 262 262 262 261 261 260 259 258 258 257 253 252 251 251 250 250 247 244 242 241 239 239 238 239 237 236 236 242 242 241 241 240
-9999 -9999 -9999 -9999 -9999 -9999 -9999 -9999 -9999 -9999 -9999 -9999 -9999 -9999 -9999 -9999 -9999 -9999 -9999 -9999 -9999 -9999 -9999 -9999 -9999 -9999 -9999 -9999 -9999 -9999 -9999 -9999 -9999 -9999 -9999 -9999 -9999 -9999 -9999 257 260 256 257 256 256 257 257 258 258 259 259 260 260 263 263 262 261 261 260 260 261 258 256 255 254 251 251 249 250 246 245 245 243 242 241 242 240 239 240 239 237 238 238 245 243 244
-9999 -9999 -9999 -9999 -9999 -9999 -9999 -9999 -9999 -9999 -9999 -9999 -9999 -9999 -9999 -9999 -9999 -9999 -9999 -9999 -9999 -9999 -9999 -9999 -9999 -9999 -9999 -9999 -9999 -9999 -9999 -9999 -9999 -9999 -9999 -9999 -9999 -9999 -9999 266 259 257 255 256 256 256 257 257 258 259 260 261 262 263 263 263 262 261 261 260 260 257 257 255 253 257 252 249 249 248 247 245 245 244 243 243 241 241 241 240 239 239 241 239 246 247
-9999 -9999 -9999 -9999 -9999 -9999 -9999 -9999 -9999 -9999 -9999 -9999 -9999 -9999 -9999 -9999 -9999 -9999 -9999 -9999 -9999 -9999 -9999 -9999 -9999 -9999 -9999 -9999 -9999 -9999 -9999 -9999 -9999 -9999 -9999 -9999 -9999 -9999 265 265 257 258 256 256 256 257 257 258 259 259 261 263 264 264 263 263 262 262 261 261 259 258 257 256 257 254 252 251 249 250 248 247 246 246 244 244 243 243 243 242 242 241 243 241 242 241
-9999 -9999 -9999 -9999 -9999 -9999 -9999 -9999 -9999 -9999 -9999 -9999 -9999 -9999 -9999 -9999 -9999 -9999 -9999 -9999 -9999 -9999 -9999 -9999 -9999 -9999 -9999 -9999 -9999 -9999 -9999 -9999 -9999 -9999 -9999 -9999 264 265 262 263 257 256 255 256 256 257 256 258 259 262 263 263 263 263 263 263 263 262 262 261 260 260 259 258 255 254 253 253 252 250 249 249 248 247 244 246 244 245 245 245 244 243 244 245 244 243
-9999 -9999 -9999 -9999 -9999 -9999 -9999 -9999 -9999 -9999 -9999 -9999 -9999 -9999 -9999 -9999 -9999 -9999 -9999 -9999 -9999 -9999 -9999 -9999 -9999 -9999 -9999 -9999 -9999 -9999 -9999 -9999 -9999 -9999 -9999 -9999 262 258 264 256 257 259 255 256 257 256 256 257 259 263 263 263 263 263 264 263 263 263 261 261 261 260 260 257 257 256 254 255 254 252 250 251 249 248 247 249 247 246 247 246 246 245 247 245 245 246
-9999 -9999 -9999 -9999 -9999 -9999 -9999 -9999 -9999 -9999 -9999 -9999 -9999 -9999 -9999 -9999 -9999 -9999 -9999 -9999 -9999 -9999 -9999 -9999 -9999 -9999 -9999 -9999 -9999 -9999 -9999 -9999 -9999 -9999 -9999 259 265 261 257 262 263 259 256 256 256 256 256 258 263 263 263 263 263 263 263 263 263 262 262 260 261 261 261 259 258 257 256 255 255 254 252 253 251 249 249 249 249 248 249 248 247 248 250 246 247 246
-9999 -9999 -9999 -9999 -9999 -9999 -9999 -9999 -9999 -9999 -9999 -9999 -9999 -9999 -9999 -9999 -9999 -9999 -9999 -9999 -9999 -9999 -9999 -9999 -9999 -9999 -9999 -9999 -9999 -9999 -9999 -9999 -9999 -9999 -9999 -9999 262 -9999 -9999 -9999 -9999 258 261 258 256 257 257 263 263 263 263 263 263 263 263 263 263 261 261 260 260 261 260 260 259 258 257 257 256 255 253 251 251 251 251 251 249 249 250 250 251 250 251 249 247 248
-9999 -9999 -9999 -9999 -9999 -9999 -9999 -9999 -9999 -9999 -9999 -9999 -9999 -9999 -9999 -9999 -9999 -9999 -9999 -9999 -9999 -9999 -9999 -9999 -9999 -9999 -9999 -9999 -9999 -9999 -9999 -9999 -9999 -9999 266 264 -9999 -9999 -9999 -9999 -9999 -9999 264 257 257 259 263 263 263 263 263 263 262 262 263 262 261 261 261 262 260 261 260 260 259 259 258 258 256 257 257 253 254 252 252 251 252 254 253 253 253 253 252 253 251 251
-9999 -9999 -9999 -9999 -9999 -9999 -9999 -9999 -9999 -9999 -9999 -9999 -9999 -9999 -9999 -9999 -9999 -9999 -9999 -9999 -9999 -9999 -9999 -9999 -9999 -9999 -9999 -9999 -9999 -9999 -9999 -9999 -9999 -9999 -9999 263 -9999 -9999 -9999 -9999 -9999 265 257 259 263 263 263 263 263 263 263 263 262 262 262 261 261 260 261 261 261 261 260 260 260 259 259 258 257 257 257 256 256 256 254 254 254 253 257 253 256 255 256 254 254 254
-9999 -9999 -9999 -9999 -9999 -9999 -9999 -9999 -9999 -9999 -9999 -9999 -9999 -9999 -9999 -9999 -9999 -9999 -9999 -9999 -9999 -9999 -9999 -9999 -9999 -9999 -9999 -9999 -9999 -9999 -9999 -9999 -9999 -9999 264 -9999 -9999 -9999 -9999 -9999 265 256 256 260 263 264 263 263 263 262 262 262 262 262 261 261 261 260 260 261 260 260 261 260 260 259 259 259 258 257 257 257 256 258 255 255 254 256 256 255 257 257 256 258 257 257
-9999 -9999 -9999 -9999 -9999 -9999 -9999 -9999 -9999 -9999 -9999 -9999 -9999 -9999 -9999 -9999 -9999 -9999 -9999 -9999 -9999 -9999 -9999 -9999 -9999 -9999 -9999 -9999 -9999 -9999 -9999 -9999 -9999 -9999 -9999 -9999 -9999 -9999 -9999 -9999 264 260 257 262 264 264 263 263 263 262 263 263 262 262 261 261 260 260 261 261 261 260 261 260 260 260 260 261 259 258 258 258 258 260 257 256 255 257 259 257 260 260 261 258 259 257
-9999 -9999 -9999 -9999 -9999 -9999 -9999 -9999 -9999 -9999 -9999 -9999 -9999 -9999 -9999 -9999 -9999 -9999 -9999 -9999 -9999 -9999 -9999 -9999 -9999 -9999 -9999 -9999 -9999 -9999 -9999 -9999 -9999 -9999 -9999 -9999 -9999 -9999 -9999 265 261 257 260 264 264 264 264 263 263 262 263 261 262 262 261 261 261 261 261 261 261 261 261 260 260 260 261 261 260 259 259 259 260 258 257 256 256 255 260 258 262 260 260 260 261 257
-9999 -9999 -9999 -9999 -9999 -9999 -9999 -9999 -9999 -9999 -9999 -9999 -9999 -9999 -9999 -9999 -9999 -9999 -9999 -9999 -9999 -9999 -9999 -9999 -9999 -9999 -9999 -9999 -9999 -9999 -9999 -9999 -9999 -9999 -9999 -9999 265 265 265 262 258 257 260 264 263 264 264 263 263 263 261 261 262 262 261 260 260 259 260 261 261 260 260 261 261 261 261 261 260 260 260 260 259 259 258 257 259 260 261 259 263 261 262 261 262 260
-9999 -9999 -9999 -9999 -9999 -9999 -9999 -9999 -9999 -9999 -9999 -9999 -9999 -9999 -9999 -9999 -9999 -9999 -9999 -9999 -9999 -9999 -9999 -9999 -9999 -9999 -9999 -9999 -9999 -9999 -9999 -9999 -9999 -9999 -9999 -9999 262 264 264 259 257 263 264 264 263 263 264 264 264 262 261 261 261 262 261 260 259 259 261 261 260 260 260 260 261 261 261 260 261 261 260 262 260 260 260 259 260 262 262 262 263 263 263 262 262 261
-9999 -9999 -9999 -9999 -9999 -9999 -9999 -9999 -9999 -9999 -9999 -9999 -9999 -9999 -9999 -9999 -9999 -9999 -9999 -9999 -9999 -9999 -9999 -9999 -9999 -9999 -9999 -9999 -9999 -9999 -9999 -9999 -9999 -9999 263 265 262 264 265 260 260 262 263 264 264 263 264 264 264 263 261 263 261 260 260 260 260 260 260 261 261 260 259 260 261 261 261 261 261 261 262 260 259 260 261 259 261 260 262 259 263 263 262 262 261 261
