worldclim/bio9_cr.asc
ncols        411
nrows        382
xllcorner    -85.979072453958
yllcorner    8.036441368777
cellsize     0.008333330000
NODATA_value  -9999
[rows 273 to 311 of 382, columns 258 to 343 of 411]
-9999 -9999 -9999 -9999 -9999 -9999 -9999 -9999 -9999 -9999 -9999 -9999 -9999 -9999 -9999 -9999 -9999 -9999 -9999 -9999 -9999 -9999 -9999 -9999 265 265 266 267 266 266 266 266 266 266 266 266 266 266 266 266 266 266 266 266 266 264 262 261 260 260 260 256 251 249 249 253 258 258 258 262 250 249 245 248 239 237 247 247 246 246 250 245 246 237 228 225 223 242 238 245 241 241 243 242 241 240
-9999 -9999 -9999 -9999 -9999 -9999 -9999 -9999 -9999 -9999 -9999 -9999 -9999 -9999 -9999 -9999 -9999 -9999 -9999 -9999 -9999 -9999 -9999 -9999 266 265 266 267 266 266 266 266 266 266 266 266 267 266 266 267 267 266 266 266 266 266 266 262 262 265 263 260 257 251 248 251 251 250 246 252 249 246 247 236 236 233 239 245 242 243 244 242 244 240 230 234 229 221 224 234 237 243 242 243 234 238
-9999 -9999 -9999 -9999 -9999 -9999 -9999 -9999 -9999 -9999 -9999 -9999 -9999 -9999 -9999 -9999 -9999 -9999 -9999 -9999 -9999 -9999 -9999 -9999 266 -9999 267 267 266 266 266 266 266 266 266 266 266 267 267 267 266 266 266 266 266 266 266 266 265 266 264 261 261 258 256 250 246 245 240 244 249 244 244 242 249 246 246 242 238 242 245 245 245 239 235 237 235 229 213 225 229 231 241 243 233 230
-9999 -9999 -9999 -9999 -9999 -9999 -9999 -9999 -9999 -9999 -9999 -9999 -9999 -9999 -9999 -9999 -9999 -9999 -9999 -9999 -9999 -9999 -9999 -9999 -9999 -9999 266 267 265 266 266 266 265 266 266 266 266 267 267 266 266 266 266 266 265 265 266 266 266 266 263 261 261 262 259 258 256 254 239 238 244 243 236 243 242 244 240 248 239 236 246 243 244 246 237 240 236 233 223 210 209 229 240 245 236 233
-9999 -9999 -9999 -9999 -9999 -9999 -9999 -9999 -9999 -9999 -9999 -9999 -9999 -9999 -9999 -9999 -9999 -9999 -9999 -9999 -9999 -9999 -9999 -9999 -9999 -9999 266 265 265 266 266 266 265 265 266 266 266 266 266 266 266 266 266 265 265 266 266 265 265 265 264 263 262 260 262 262 259 254 251 243 239 240 234 241 233 242 237 239 248 232 239 239 241 243 243 240 234 231 226 204 207 223 238 245 235 229
-9999 -9999 -9999 -9999 -9999 -9999 -9999 -9999 -9999 -9999 -9999 -9999 -9999 -9999 -9999 -9999 -9999 -9999 -9999 -9999 -9999 -9999 -9999 -9999 -9999 -9999 -9999 -9999 -9999 -9999 266 266 266 265 266 265 266 265 266 266 266 266 266 265 266 266 266 266 266 265 265 264 265 265 264 263 259 258 254 251 238 235 230 236 237 239 237 232 241 228 230 235 245 242 242 239 232 228 218 211 211 219 234 243 238 238
-9999 -9999 -9999 -9999 -9999 -9999 -9999 -9999 -9999 -9999 -9999 -9999 -9999 -9999 -9999 -9999 -9999 -9999 -9999 -9999 -9999 -9999 -9999 -9999 -9999 267 266 267 266 266 265 266 266 265 265 265 265 265 265 266 266 266 266 266 266 266 266 266 266 266 266 265 265 265 264 264 262 261 261 257 252 241 238 234 231 241 236 231 240 238 213 234 237 238 244 236 235 229 222 216 213 219 228 236 246 238
-9999 -9999 -9999 -9999 -9999 -9999 -9999 -9999 -9999 -9999 -9999 -9999 -9999 -9999 -9999 -9999 -9999 -9999 -9999 -9999 -9999 -9999 -9999 -9999 -9999 267 266 266 265 266 266 266 265 265 265 265 265 265 265 265 266 266 265 266 266 266 266 266 266 266 266 266 265 265 265 265 264 262 264 263 258 254 249 247 239 244 233 238 242 229 228 238 227 227 239 235 233 230 228 213 213 216 226 235 241 244
-9999 -9999 -9999 -9999 -9999 -9999 -9999 -9999 -9999 -9999 -9999 -9999 -9999 -9999 -9999 -9999 -9999 -9999 -9999 -9999 -9999 -9999 -9999 -9999 -9999 -9999 -9999 266 266 266 266 265 265 265 266 266 265 265 265 265 265 266 265 266 266 266 266 266 266 266 265 266 265 264 264 265 265 265 264 262 262 262 256 251 247 244 240 241 238 226 229 237 227 218 225 237 235 228 221 215 208 202 220 229 234 237
-9999 -9999 -9999 -9999 -9999 -9999 -9999 -9999 -9999 -9999 -9999 -9999 -9999 -9999 -9999 -9999 -9999 -9999 -9999 -9999 -9999 -9999 -9999 -9999 -9999 -9999 -9999 -9999 265 266 265 266 265 265 265 265 265 265 264 265 265 265 265 266 266 266 266 266 266 266 266 266 265 265 265 264 265 264 265 259 260 263 262 259 253 245 239 237 236 229 234 238 232 226 202 218 225 232 229 217 211 211 210 221 226 233
-9999 -9999 -9999 -9999 -9999 -9999 -9999 -9999 -9999 -9999 -9999 -9999 -9999 -9999 -9999 -9999 -9999 -9999 -9999 -9999 -9999 -9999 -9999 -9999 -9999 -9999 -9999 -9999 -9999 265 266 265 265 265 265 265 265 265 266 264 265 264 265 266 266 266 266 266 266 266 266 266 266 265 265 265 265 264 264 264 262 261 262 260 257 253 246 244 245 232 230 227 225 225 214 197 195 211 216 219 212 207 220 223 232 236
-9999 -9999 -9999 -9999 -9999 -9999 -9999 -9999 -9999 -9999 -9999 -9999 -9999 -9999 -9999 -9999 -9999 -9999 -9999 -9999 -9999 -9999 -9999 -9999 -9999 -9999 266 -9999 -9999 265 265 265 265 265 265 265 265 265 265 264 265 263 263 261 265 265 266 266 266 265 265 265 265 265 265 265 265 265 265 264 264 264 264 264 261 256 254 252 249 238 228 225 224 210 207 194 181 196 201 209 212 202 214 222 224 234
-9999 -9999 -9999 -9999 -9999 -9999 -9999 -9999 -9999 -9999 -9999 -9999 -9999 -9999 -9999 -9999 -9999 -9999 -9999 -9999 -9999 -9999 -9999 -9999 -9999 -9999 -9999 265 265 265 265 265 266 266 265 264 261 265 265 262 261 261 263 264 266 265 265 265 265 265 265 265 265 265 265 265 265 265 265 265 264 264 264 264 263 259 259 258 257 250 238 238 237 231 202 193 185 188 201 203 201 209 212 216 225 225
-9999 -9999 -9999 -9999 -9999 -9999 -9999 -9999 -9999 -9999 -9999 -9999 -9999 -9999 -9999 -9999 -9999 -9999 -9999 -9999 -9999 -9999 -9999 -9999 -9999 -9999 265 265 266 265 265 265 265 265 265 265 260 258 260 260 262 264 265 266 266 265 265 264 265 265 265 265 265 265 265 265 265 265 265 265 265 264 265 264 264 263 259 259 255 251 243 246 247 238 227 220 218 195 195 195 199 199 200 210 215 228
-9999 -9999 -9999 -9999 -9999 -9999 -9999 -9999 -9999 -9999 -9999 -9999 -9999 -9999 -9999 -9999 -9999 -9999 -9999 -9999 -9999 -9999 -9999 266 265 258 264 265 265 265 265 265 265 265 265 265 265 261 255 258 261 261 263 265 266 265 265 264 265 265 265 265 265 265 265 265 265 265 265 265 265 265 264 265 264 264 259 255 250 252 250 251 249 242 234 224 226 193 180 183 191 187 188 198 211 221
-9999 -9999 -9999 -9999 -9999 -9999 -9999 -9999 -9999 -9999 -9999 -9999 -9999 -9999 -9999 -9999 -9999 -9999 -9999 -9999 -9999 -9999 262 260 260 258 263 265 264 265 265 265 265 265 265 265 265 259 257 255 256 257 264 265 265 264 263 262 265 266 265 265 263 265 264 265 265 265 265 265 265 264 265 264 264 264 263 261 258 259 255 253 246 245 237 238 228 194 182 180 175 181 192 216 217 216
-9999 -9999 -9999 -9999 -9999 -9999 -9999 -9999 -9999 -9999 -9999 -9999 -9999 -9999 -9999 -9999 -9999 -9999 -9999 -9999 -9999 -9999 257 265 265 -9999 -9999 265 265 266 264 265 265 265 265 265 263 259 251 255 259 255 259 265 264 265 263 262 265 265 265 265 265 261 259 264 265 265 265 265 265 265 265 264 264 264 265 265 262 259 253 250 249 249 248 241 233 211 186 186 182 187 205 199 213 203
-9999 -9999 -9999 -9999 -9999 -9999 -9999 -9999 -9999 -9999 -9999 -9999 -9999 -9999 -9999 -9999 -9999 -9999 -9999 -9999 -9999 265 259 262 265 -9999 266 265 265 265 264 265 265 265 265 265 262 259 255 257 261 258 265 265 264 265 261 261 264 265 265 265 265 263 260 265 265 265 265 263 265 265 264 265 265 265 265 265 265 262 258 254 253 249 253 245 233 228 223 202 195 186 182 187 204 199
-9999 -9999 -9999 -9999 -9999 -9999 -9999 -9999 -9999 -9999 -9999 -9999 -9999 -9999 -9999 -9999 -9999 -9999 -9999 -9999 -9999 -9999 265 265 -9999 265 265 260 260 263 265 264 265 265 265 265 259 257 252 253 257 260 264 265 265 265 258 259 260 262 265 265 263 265 258 266 265 265 265 265 265 265 264 264 265 265 265 265 265 265 265 262 257 254 251 250 243 234 234 229 228 208 189 184 189 191
-9999 -9999 -9999 -9999 -9999 -9999 -9999 -9999 -9999 -9999 -9999 -9999 -9999 -9999 -9999 -9999 -9999 -9999 -9999 -9999 -9999 -9999 -9999 -9999 -9999 265 265 261 256 256 259 261 264 265 264 259 254 254 256 257 258 265 265 264 265 265 261 258 256 265 265 266 261 265 263 265 266 265 265 266 265 265 263 262 263 263 265 265 265 265 265 262 258 255 251 249 250 244 243 241 235 227 212 200 196 189
-9999 -9999 -9999 -9999 -9999 -9999 -9999 -9999 -9999 -9999 -9999 -9999 -9999 -9999 -9999 -9999 -9999 -9999 -9999 -9999 -9999 -9999 263 265 265 265 265 257 251 253 259 262 262 258 260 255 253 258 262 265 265 265 260 259 265 265 263 257 253 259 259 257 260 261 261 262 264 261 260 262 265 264 265 260 260 260 265 265 265 265 266 265 263 260 255 250 249 247 248 245 241 236 231 225 224 212
-9999 -9999 -9999 -9999 -9999 -9999 -9999 -9999 -9999 -9999 -9999 -9999 -9999 -9999 -9999 -9999 -9999 -9999 -9999 -9999 -9999 -9999 257 256 259 261 264 265 248 248 255 253 260 252 255 257 257 264 264 265 264 265 258 255 259 265 265 261 259 255 257 259 259 258 257 261 261 259 258 260 261 262 261 260 265 266 264 266 265 263 262 265 266 260 257 256 251 248 252 250 247 245 240 235 231 232
-9999 -9999 -9999 -9999 -9999 -9999 -9999 -9999 -9999 -9999 -9999 -9999 -9999 -9999 -9999 -9999 -9999 -9999 -9999 -9999 -9999 -9999 264 263 265 265 265 262 257 247 253 247 252 248 249 255 260 261 265 261 258 264 259 255 265 265 265 265 264 257 257 259 259 261 256 258 258 255 259 257 259 259 260 260 266 260 259 259 259 259 260 264 266 266 261 258 256 252 255 249 248 245 242 239 239 236
-9999 -9999 -9999 -9999 -9999 -9999 -9999 -9999 -9999 -9999 -9999 -9999 -9999 -9999 -9999 -9999 -9999 -9999 -9999 -9999 -9999 -9999 265 265 265 264 264 264 253 247 245 241 243 246 251 254 259 255 259 263 256 262 259 255 265 265 265 265 260 259 258 259 261 265 261 258 258 258 257 261 258 259 260 265 266 257 257 259 257 258 265 265 266 266 266 265 261 261 257 250 246 245 241 241 242 245
-9999 -9999 -9999 -9999 -9999 -9999 -9999 -9999 -9999 -9999 -9999 -9999 -9999 -9999 -9999 -9999 -9999 -9999 -9999 -9999 -9999 -9999 265 261 258 255 258 262 264 255 247 238 242 247 253 258 254 249 257 262 256 261 256 256 259 265 262 262 261 260 264 262 261 -9999 -9999 -9999 262 265 258 266 266 260 261 266 266 259 255 256 255 255 256 259 262 266 262 262 265 264 261 256 248 247 246 242 245 250
-9999 -9999 -9999 -9999 -9999 -9999 -9999 -9999 -9999 -9999 -9999 -9999 -9999 -9999 -9999 -9999 -9999 -9999 -9999 -9999 -9999 265 265 260 256 253 252 255 260 257 250 242 237 242 255 254 248 252 256 258 258 259 258 259 259 260 261 260 261 263 -9999 -9999 -9999 -9999 -9999 -9999 -9999 -9999 266 265 265 265 265 266 266 260 252 251 252 253 255 259 261 263 264 261 261 265 265 260 255 253 249 246 248 256
-9999 -9999 -9999 -9999 -9999 -9999 -9999 -9999 -9999 -9999 -9999 -9999 -9999 -9999 -9999 -9999 -9999 -9999 -9999 -9999 -9999 265 265 265 263 255 252 251 251 250 253 252 240 246 247 241 242 247 247 255 257 -9999 -9999 -9999 -9999 -9999 263 261 265 -9999 -9999 -9999 -9999 -9999 -9999 -9999 -9999 -9999 -9999 266 265 264 263 266 266 256 250 250 250 250 250 255 260 265 264 265 262 261 265 264 261 256 255 251 253 257
-9999 -9999 -9999 -9999 -9999 -9999 -9999 -9999 -9999 -9999 -9999 -9999 -9999 -9999 -9999 -9999 -9999 -9999 -9999 -9999 -9999 264 265 264 263 263 257 255 249 255 257 257 245 238 240 247 245 245 248 254 262 -9999 -9999 -9999 -9999 -9999 -9999 -9999 -9999 -9999 -9999 -9999 -9999 -9999 -9999 -9999 -9999 -9999 -9999 264 266 261 258 266 263 257 249 248 245 248 248 251 263 264 262 265 265 265 265 265 264 263 259 257 257 257
-9999 -9999 -9999 -9999 -9999 -9999 -9999 -9999 -9999 -9999 -9999 -9999 -9999 -9999 -9999 -9999 -9999 -9999 -9999 -9999 -9999 263 263 264 263 260 259 250 251 257 257 255 250 247 250 257 263 257 258 258 265 -9999 -9999 -9999 -9999 -9999 -9999 -9999 -9999 -9999 -9999 -9999 -9999 -9999 -9999 -9999 -9999 -9999 -9999 264 263 257 257 264 260 255 247 246 245 246 248 251 260 264 262 265 265 265 260 256 265 264 263 260 260 263
-9999 -9999 -9999 -9999 -9999 -9999 -9999 -9999 -9999 -9999 -9999 -9999 -9999 -9999 -9999 -9999 -9999 -9999 -9999 -9999 266 262 263 264 264 260 250 249 253 257 257 257 250 255 250 250 257 263 264 257 259 -9999 265 -9999 -9999 -9999 -9999 -9999 -9999 -9999 -9999 -9999 -9999 -9999 -9999 -9999 -9999 -9999 -9999 -9999 259 263 264 264 256 248 245 248 253 254 260 264 264 256 262 265 263 264 258 256 256 260 262 264 267 266
-9999 -9999 -9999 -9999 -9999 -9999 -9999 -9999 -9999 -9999 -9999 -9999 -9999 -9999 265 262 262 262 264 263 260 257 259 260 263 260 260 254 247 256 257 257 251 258 258 254 258 261 264 264 264 265 265 -9999 -9999 -9999 -9999 -9999 -9999 -9999 -9999 -9999 -9999 -9999 -9999 -9999 -9999 -9999 -9999 -9999 260 259 259 263 258 246 243 248 249 253 255 263 258 255 257 265 261 257 253 254 256 255 261 266 267 266
-9999 -9999 -9999 -9999 -9999 -9999 -9999 -9999 -9999 -9999 -9999 -9999 -9999 -9999 261 260 263 262 262 262 261 258 254 255 258 260 259 255 247 250 255 257 256 255 260 263 261 257 263 264 265 265 265 265 -9999 -9999 -9999 -9999 -9999 -9999 -9999 -9999 -9999 -9999 -9999 -9999 -9999 -9999 -9999 -9999 266 260 258 257 258 253 252 251 251 247 254 261 259 256 257 258 255 252 251 254 255 255 256 268 268 267
-9999 -9999 -9999 -9999 -9999 -9999 -9999 -9999 -9999 -9999 -9999 -9999 -9999 259 259 259 259 260 261 262 261 259 253 250 254 258 255 251 246 245 256 255 256 255 259 261 263 262 263 264 265 265 265 265 265 265 -9999 -9999 -9999 -9999 -9999 -9999 -9999 -9999 -9999 -9999 -9999 -9999 -9999 -9999 -9999 -9999 -9999 256 256 262 254 258 260 250 259 261 259 260 261 256 258 254 248 250 252 255 255 260 268 268
-9999 -9999 -9999 -9999 -9999 -9999 -9999 -9999 -9999 -9999 -9999 -9999 -9999 263 262 259 259 258 258 260 260 259 256 252 249 247 246 247 245 244 251 256 257 251 259 261 263 264 264 264 265 265 264 265 265 265 -9999 -9999 -9999 -9999 -9999 -9999 -9999 -9999 -9999 -9999 -9999 -9999 -9999 -9999 -9999 -9999 -9999 262 265 266 260 266 265 258 247 255 255 259 260 262 261 254 249 250 248 260 266 268 268 260
-9999 -9999 -9999 -9999 -9999 -9999 -9999 -9999 -9999 -9999 -9999 -9999 -9999 266 262 262 261 258 258 257 257 256 257 256 254 247 241 243 242 239 243 251 255 250 253 256 262 263 264 264 264 264 265 265 264 265 265 -9999 -9999 -9999 -9999 -9999 -9999 -9999 -9999 -9999 -9999 -9999 -9999 -9999 -9999 -9999 -9999 -9999 -9999 -9999 -9999 -9999 -9999 258 252 258 253 257 259 258 269 264 251 250 252 252 254 268 256 259
-9999 -9999 -9999 -9999 -9999 -9999 -9999 -9999 -9999 -9999 -9999 -9999 -9999 262 262 262 260 262 258 257 256 257 257 256 255 252 245 240 248 244 242 246 254 253 250 259 261 261 264 263 264 264 264 264 265 265 265 -9999 -9999 -9999 -9999 -9999 -9999 -9999 -9999 -9999 -9999 -9999 -9999 -9999 -9999 -9999 -9999 -9999 -9999 -9999 -9999 -9999 -9999 260 259 266 259 253 258 264 269 270 262 249 249 254 261 256 254 254
-9999 -9999 -9999 -9999 -9999 -9999 -9999 -9999 -9999 -9999 -9999 262 259 259 259 258 259 258 260 259 256 257 257 256 255 253 251 250 245 247 247 245 249 254 257 258 263 262 263 263 264 264 264 264 265 265 265 -9999 -9999 -9999 -9999 -9999 -9999 -9999 -9999 -9999 -9999 -9999 -9999 -9999 -9999 -9999 -9999 -9999 -9999 -9999 -9999 -9999 -9999 -9999 262 -9999 -9999 255 265 268 270 270 -9999 263 247 249 254 260 251 253
-9999 -9999 -9999 -9999 -9999 -9999 -9999 -9999 -9999 -9999 -9999 261 259 258 258 258 258 258 257 259 259 258 257 256 258 256 252 247 243 246 250 248 244 248 251 258 258 260 262 263 263 264 263 263 263 265 265 -9999 -9999 -9999 -9999 -9999 -9999 -9999 -9999 -9999 -9999 -9999 -9999 -9999 -9999 -9999 -9999 -9999 -9999 -9999 -9999 -9999 -9999 -9999 -9999 -9999 -9999 -9999 -9999 262 260 270 -9999 -9999 263 254 256 253 253 250
-9999 -9999 -9999 -9999 -9999 -9999 -9999 -9999 -9999 -9999 -9999 262 259 258 258 258 257 257 258 260 259 259 257 257 255 255 255 251 249 249 248 251 248 248 250 253 255 259 260 262 264 263 263 262 263 265 265 265 -9999 -9999 -9999 -9999 -9999 -9999 -9999 -9999 -9999 -9999 -9999 -9999 -9999 -9999 -9999 -9999 -9999 -9999 -9999 -9999 -9999 -9999 -9999 -9999 -9999 -9999 -9999 -9999 -9999 -9999 270 -9999 -9999 270 254 248 250 250
