worldclim/bio9_cr.asc
ncols        411
nrows        382
xllcorner    -85.979072453958
yllcorner    8.036441368777
cellsize     0.008333330000
NODATA_value  -9999
[rows 117 to 155 of 382, columns 172 to 257 of 411]
234 232 234 241 239 230 227 224 217 210 199 192 192 186 189 184 174 174 168 155 153 148 146 147 161 171 180 184 184 190 193 193 192 185 184 181 174 174 177 184 185 191 193 202 204 220 196 193 186 185 182 182 182 183 187 184 190 195 202 213 219 223 228 234 239 248 251 251 254 254 256 256 260 261 260 260 261 262 262 262 262 262 263 263 262 262
230 232 238 235 232 233 229 227 220 212 196 190 191 189 186 183 179 170 167 163 157 151 148 147 146 145 166 174 184 188 189 189 186 185 181 167 159 158 169 176 182 183 189 194 195 211 198 188 183 181 184 183 183 181 184 187 186 192 199 213 221 231 234 238 239 238 242 247 244 251 255 257 258 260 260 259 260 261 261 261 262 262 262 262 261 261
228 235 229 236 230 226 227 226 224 215 202 196 190 190 187 181 173 172 162 162 156 158 150 149 148 155 175 184 182 186 187 183 184 183 174 163 144 141 147 163 175 185 180 187 191 193 197 182 186 184 181 179 179 178 181 184 184 189 213 221 232 222 224 225 229 235 234 235 241 244 247 252 257 258 259 259 260 259 261 261 260 261 260 260 261 259
226 227 230 227 227 224 221 227 222 212 199 200 192 185 184 182 173 169 165 160 157 157 154 152 155 166 177 184 185 186 185 184 178 174 161 152 135 123 133 153 163 172 177 180 183 184 186 180 184 181 179 175 172 172 176 180 185 198 201 190 192 199 207 219 223 231 232 236 240 241 240 245 254 255 257 259 259 260 261 261 260 259 259 259 259 258
222 223 223 225 222 220 216 215 223 208 200 197 191 185 186 182 176 174 157 155 154 154 158 154 159 179 182 184 180 181 180 180 174 171 158 145 133 131 136 145 147 146 172 174 184 182 182 183 179 178 174 172 170 168 170 184 189 195 189 175 178 190 202 206 222 231 235 237 241 245 248 249 252 255 255 258 259 259 259 255 255 257 255 255 255 256
219 219 221 219 220 219 218 217 220 206 202 197 191 186 186 185 178 178 167 161 154 154 155 152 159 168 179 164 181 173 168 171 169 153 138 144 136 132 127 136 144 149 166 172 179 183 181 182 178 173 171 165 165 164 184 187 183 184 173 171 167 185 196 206 221 227 233 238 242 243 248 246 251 255 257 250 250 250 253 254 255 256 254 254 255 253
202 204 207 208 211 209 211 208 214 207 202 196 195 189 187 182 186 180 175 170 165 164 160 156 156 166 164 166 181 165 159 154 150 151 134 127 126 118 125 132 141 151 159 166 174 179 177 175 176 171 168 164 159 174 180 181 185 185 174 164 174 189 197 208 224 230 235 240 243 244 245 248 253 255 242 244 246 250 253 251 251 254 254 253 253 253
198 201 204 205 207 206 210 208 208 205 203 200 193 189 186 183 184 181 182 179 175 165 168 150 157 162 161 161 162 160 164 161 150 142 134 124 123 123 124 131 141 153 159 165 170 173 174 174 172 168 165 157 153 160 172 172 181 183 173 164 182 185 192 195 207 223 231 240 236 241 251 251 251 242 244 244 248 254 250 251 251 254 254 252 251 251
198 202 204 207 208 210 207 207 207 202 201 198 198 192 189 186 182 184 182 181 179 176 169 170 153 151 150 170 177 173 169 163 163 152 140 129 127 128 124 137 146 156 160 165 169 169 169 167 166 165 158 148 139 153 167 166 171 175 171 174 183 188 198 198 220 234 235 233 235 247 245 248 252 242 244 244 243 252 246 241 246 249 252 250 249 249
197 201 205 205 203 202 203 206 205 202 201 196 197 194 189 185 182 182 181 184 182 181 178 176 175 173 174 179 179 178 175 173 168 163 156 144 137 135 141 145 155 159 162 163 166 162 165 162 158 159 148 134 136 140 144 155 161 171 185 183 192 201 212 223 221 210 230 238 244 236 236 247 245 241 240 242 242 243 239 236 235 243 246 248 248 247
207 202 200 208 209 203 204 204 204 201 199 197 198 192 188 187 184 182 182 178 180 178 183 178 181 179 178 180 179 177 177 179 176 172 166 160 152 149 147 155 164 164 166 166 165 159 157 151 145 144 132 131 132 133 134 152 170 178 185 191 197 199 194 196 188 198 206 240 225 226 239 248 245 236 235 236 247 235 232 230 228 231 236 240 246 245
206 207 207 209 212 209 204 206 208 209 205 206 197 195 191 186 185 183 181 185 183 183 184 184 184 186 185 185 183 182 181 180 178 175 179 170 164 165 161 163 172 170 169 171 165 158 151 145 142 132 125 121 128 119 117 145 161 169 177 186 186 172 165 186 187 205 230 234 221 230 242 247 228 228 230 231 242 228 229 225 221 223 229 231 237 241
201 209 212 213 211 215 209 207 209 209 204 205 203 195 194 188 190 187 190 189 189 190 190 188 189 191 189 187 187 186 186 186 185 184 179 173 177 176 173 172 175 172 173 169 163 157 149 139 130 126 116 113 110 117 128 137 154 166 170 174 182 152 157 188 198 209 223 233 212 228 240 240 226 223 225 226 240 227 227 216 211 212 216 225 229 239
203 207 213 213 213 209 214 214 211 205 203 205 203 201 199 195 193 193 195 190 191 195 194 194 191 193 192 192 186 192 191 191 188 186 185 180 179 176 177 174 174 172 171 172 167 158 151 144 126 121 113 111 107 113 127 138 150 160 160 157 177 160 171 186 187 190 211 232 221 209 234 235 236 225 213 219 222 229 217 211 207 207 209 214 234 228
212 213 211 217 216 214 216 216 214 207 207 204 207 205 199 198 199 201 204 207 201 200 200 199 199 198 198 193 197 195 195 193 192 190 187 185 183 180 180 179 178 176 174 170 171 165 159 151 137 128 122 120 119 120 125 131 145 148 146 142 157 170 171 174 185 201 213 228 210 233 235 219 232 225 211 212 217 230 215 206 204 202 210 216 218 224
215 217 218 220 224 222 218 213 208 209 212 210 211 209 204 203 206 205 206 208 206 206 204 206 206 204 205 203 203 202 200 196 197 194 193 189 188 186 187 185 183 179 178 174 170 168 166 160 149 141 129 131 131 133 133 137 138 138 141 148 170 180 187 180 185 195 213 219 211 234 223 202 234 230 215 198 204 219 225 203 199 200 201 204 205 213
218 222 225 223 222 215 216 210 211 213 215 214 212 212 209 205 208 210 211 214 213 213 216 215 212 209 211 210 207 207 204 202 201 198 197 195 193 190 191 187 186 183 184 180 175 173 169 165 163 151 146 145 144 142 139 142 142 142 147 161 166 167 180 192 189 211 212 218 209 226 216 196 233 217 215 198 199 226 213 195 194 197 194 198 198 226
214 225 229 220 217 216 214 210 212 215 213 214 215 216 214 210 204 212 214 216 218 218 219 217 217 216 216 216 213 211 210 207 207 206 202 197 197 195 194 191 188 188 184 185 179 178 171 167 170 161 157 155 149 146 146 147 149 146 159 165 178 180 185 189 201 205 210 193 196 220 206 194 209 208 198 196 188 206 205 190 188 189 192 195 206 207
221 225 230 222 219 216 212 212 214 215 214 208 214 219 217 210 196 208 218 218 219 221 222 221 220 221 220 218 218 214 213 212 213 207 203 201 200 201 194 193 191 190 188 188 184 182 177 173 170 169 169 162 158 156 153 151 151 158 167 167 184 189 185 191 197 194 203 191 188 216 210 193 215 209 190 187 186 184 190 202 185 183 186 188 206 192
225 233 225 218 213 211 207 213 213 215 212 202 215 217 219 217 207 213 217 219 223 227 225 224 222 223 223 221 217 216 216 216 215 210 209 204 203 199 195 195 195 192 192 189 188 183 185 185 176 174 167 163 166 163 163 159 150 146 167 166 186 185 195 195 190 193 194 193 209 212 204 198 190 208 200 183 183 181 185 197 182 177 177 185 181 186
228 238 227 220 209 206 209 213 214 214 212 211 216 217 222 218 212 214 216 216 223 227 227 226 224 224 222 219 219 218 218 218 218 214 210 206 209 202 197 196 195 194 195 193 192 191 190 187 183 180 177 172 167 162 163 163 160 160 152 169 183 178 168 178 185 172 192 195 209 201 200 192 186 190 195 199 179 177 177 174 176 173 174 175 179 188
233 236 226 219 210 207 211 214 212 213 208 215 217 217 218 225 212 208 208 216 224 228 230 229 227 226 225 222 223 221 218 218 217 214 209 211 204 202 203 200 199 196 196 195 196 194 193 191 189 187 181 177 170 167 165 161 162 161 164 154 164 162 167 171 181 190 199 198 204 195 198 194 184 181 180 192 192 196 177 173 170 168 164 170 183 195
243 230 219 217 210 203 211 210 211 208 213 214 216 217 218 222 223 207 220 223 228 232 233 231 229 228 227 227 228 225 223 220 218 214 213 218 212 215 213 207 202 201 201 195 195 195 195 193 194 189 184 179 175 173 171 169 168 170 163 166 166 161 174 174 181 178 187 194 198 185 192 195 194 181 178 177 177 189 190 182 165 161 157 166 169 188
241 231 219 210 208 203 206 203 202 195 207 213 216 218 218 223 213 222 225 230 231 233 233 232 231 231 230 229 231 227 227 227 223 222 223 222 219 217 215 214 212 211 207 201 200 200 200 199 196 192 185 183 180 177 175 173 171 173 171 167 169 169 182 180 180 180 182 182 190 191 193 189 188 187 184 173 168 178 176 178 171 160 152 154 155 163
238 234 227 218 214 208 198 193 200 193 207 213 217 217 220 223 221 229 234 235 235 235 235 234 235 232 232 232 231 232 230 228 227 223 225 223 223 221 218 215 215 215 211 209 207 203 203 201 198 195 190 187 185 182 179 177 176 177 184 183 182 184 186 185 185 183 185 187 190 194 180 181 179 173 182 168 160 169 169 180 169 164 148 148 149 143
232 221 221 220 218 210 199 192 186 200 208 210 214 216 214 212 214 228 223 233 237 237 237 237 236 236 235 233 233 233 232 231 229 226 225 224 224 222 221 219 216 217 214 211 210 208 204 203 201 198 195 193 190 187 184 180 179 180 185 184 186 185 190 189 188 188 186 185 184 181 181 171 171 170 170 171 150 150 160 174 163 155 147 142 123 132
236 229 222 215 210 211 206 204 192 199 201 208 210 206 210 223 223 221 226 236 238 241 238 238 238 236 237 234 235 234 232 232 231 228 228 226 225 223 222 221 219 220 215 214 214 211 210 207 203 201 198 195 193 191 190 185 185 188 188 189 189 189 187 186 188 187 186 182 181 177 181 172 164 156 159 162 164 148 160 170 165 146 139 136 133 121
247 242 234 225 205 210 204 199 191 191 199 204 200 197 209 230 232 230 233 238 239 240 241 241 240 238 237 237 237 234 233 232 231 229 228 227 226 226 224 223 222 221 219 218 217 214 212 208 204 201 200 197 195 195 195 191 193 191 190 191 190 189 187 186 189 186 185 180 177 174 169 165 160 149 149 157 157 153 153 161 159 138 132 130 127 135
251 241 230 224 218 224 218 211 205 199 198 209 210 213 217 232 234 235 238 240 240 240 242 243 241 241 239 239 237 235 234 233 230 230 229 228 227 227 226 226 225 222 221 219 218 214 212 209 208 204 200 200 197 196 196 195 195 194 192 192 190 189 187 188 186 189 184 180 178 173 167 159 153 143 152 149 141 142 137 149 146 137 121 112 124 136
255 249 238 234 231 233 228 224 212 210 201 210 222 224 233 233 236 238 237 241 244 242 244 244 243 242 241 241 239 236 234 233 231 230 229 228 228 227 226 225 224 223 221 220 217 215 213 209 206 204 202 201 199 197 197 196 196 195 194 193 192 193 191 189 186 187 183 179 176 170 164 152 140 138 143 138 136 130 124 138 136 134 114 93 113 122
257 250 245 236 235 239 240 227 222 216 209 216 225 232 233 233 236 237 239 240 241 241 241 244 245 244 242 241 239 236 234 233 231 230 230 230 229 228 226 227 226 225 222 220 219 218 214 207 206 204 206 203 201 200 199 196 197 196 195 194 191 191 191 189 186 187 183 176 173 167 161 150 139 127 137 135 125 121 111 127 119 111 91 79 87 98
257 250 247 243 241 245 241 232 228 220 221 218 221 225 230 233 235 236 238 239 240 242 245 247 246 244 243 242 237 237 235 234 232 232 231 230 229 229 228 227 226 226 224 223 219 217 216 215 212 211 210 209 203 200 199 199 197 197 195 194 193 192 190 188 186 189 182 180 173 161 160 148 137 132 128 124 110 111 106 95 93 84 71 66 70 77
260 252 252 244 244 251 248 238 239 230 235 226 222 225 225 225 231 234 237 239 239 245 248 247 246 245 244 242 240 237 235 234 233 232 231 231 230 229 229 228 227 226 225 225 222 221 219 217 214 211 210 210 205 203 202 200 198 197 196 195 194 192 190 188 186 187 182 173 167 161 161 151 141 136 134 127 101 93 89 87 82 62 70 75 78 81
266 260 249 249 251 258 252 250 244 244 243 235 226 220 221 223 225 237 235 236 243 247 247 247 245 245 244 242 239 237 236 234 234 232 231 230 230 230 229 229 228 227 226 220 221 220 219 218 218 212 211 212 206 204 202 200 198 198 196 195 194 192 190 188 184 187 177 172 168 161 158 150 140 140 132 124 110 99 91 94 98 78 81 89 87 91
265 258 254 258 258 263 257 253 248 244 238 235 235 241 238 235 232 243 244 244 246 247 249 247 245 245 245 245 241 241 240 235 233 232 231 231 230 230 229 229 228 228 227 216 218 219 217 216 216 213 209 208 205 204 201 201 199 198 197 197 195 193 190 189 186 181 177 172 166 161 157 152 142 139 134 130 119 117 115 112 107 92 88 96 109 114
268 263 261 264 265 254 249 241 249 245 240 246 247 249 248 246 244 248 246 249 247 248 251 247 247 246 246 245 235 242 238 234 233 232 231 231 231 231 230 230 228 228 227 225 213 218 215 215 212 211 209 206 204 203 203 200 200 198 197 196 194 192 191 189 187 183 177 173 166 163 159 152 136 138 136 133 133 130 126 120 112 102 100 108 117 129
270 269 267 269 265 257 251 246 258 251 249 250 253 255 255 249 251 262 254 250 249 251 249 247 246 246 243 233 244 243 236 231 231 234 233 232 232 231 228 229 229 228 226 227 222 211 215 215 213 209 208 204 203 202 202 200 199 198 197 196 195 193 191 189 187 183 179 175 170 163 159 154 143 139 140 138 136 133 134 127 115 122 117 118 129 135
271 271 270 268 267 258 254 256 254 266 260 257 260 259 257 260 262 253 257 258 255 254 249 247 247 245 244 244 245 243 236 236 242 232 232 234 231 229 226 228 227 227 225 224 216 208 210 212 211 209 208 206 202 201 201 201 200 199 196 197 196 195 193 189 188 187 180 176 172 163 160 163 155 150 142 138 141 139 137 133 130 130 129 130 136 137
271 270 268 267 267 266 265 263 266 265 269 265 268 269 263 263 255 252 254 253 248 250 254 248 248 247 247 247 246 237 234 230 232 231 232 232 231 222 218 212 222 219 214 218 212 193 202 209 206 204 207 206 203 203 202 202 200 200 198 197 196 196 194 189 189 187 184 180 175 167 166 161 159 156 154 148 148 138 138 137 136 137 136 136 140 147
